0.542,0.125,3
0.918,0.528,1
0.29,0.519,0
0.243,0.519,0
0.441,0.773,0
0.503,0.05,3
0.487,0.752,0
0.283,0.509,0
0.376,0.755,0
0.115,0.709,0
0.451,0.729,0
0.279,0.486,0
0.541,0.057,3
0.962,0.516,1
0.423,0.724,0
0.444,0.135,3
0.299,0.483,0
0.265,0.54,0
0.961,0.495,2
0.055,0.756,0
0.539,0.099,3
0.018,0.758,0
1.037,0.491,2
0.97,0.583,4
0.397,0.7,0
0.118,0.798,0
0.987,0.539,4
0.109,0.799,0
0.116,0.756,0
1.02,0.508,2
0.534,0.042,3
0.461,0.126,3
0.432,0.774,0
0.286,0.508,0
0.979,0.56,4
1.039,0.613,4
0.063,0.829,0
1.039,0.553,4
0.094,0.713,0
0.029,0.818,0
0.095,0.799,0
0.422,0.744,0
0.119,0.738,0
0.543,0.096,3
0.121,0.781,0
0.489,0.043,3
0.015,0.762,0
0.061,0.763,0
1.013,0.508,2
0.539,0.063,3
0.979,0.482,2
0.934,0.529,1
0.093,0.82,0
0.936,0.56,1
0.1,0.783,0
0.464,0.049,3
0.081,0.779,0
0.973,0.542,1
0.424,0.77,0
0.992,0.51,2
0.525,0.088,3
0.097,0.702,0
0.107,0.801,0
0.507,0.153,3
0.055,0.753,0
0.436,0.764,0
0.965,0.531,1
0.411,0.803,0
0.144,0.775,0
0.517,0.013,3
0.993,0.545,4
0.101,0.841,0
0.069,0.753,0
0.533,0.753,0
0.482,0.035,3
0.294,0.427,0
0.452,0.103,3
0.137,0.806,0
0.051,0.742,0
0.202,0.559,0
0.375,0.756,0
0.287,0.454,0
0.125,0.878,0
0.458,0.082,3
0.249,0.554,0
0.215,0.52,0
0.303,0.501,0
0.045,0.738,0
0.484,0.064,3
0.083,0.731,0
0.991,0.499,2
0.957,0.544,1
0.518,0.104,3
0.433,0.091,3
0.91,0.544,1
0.529,0.048,3
0.097,0.79,0
0.324,0.468,0
0.374,0.741,0
0.243,0.593,0
0.261,0.545,0
0.959,0.581,4
0.261,0.457,0
0.088,0.67,0
0.474,0.027,3
0.046,0.725,0
0.225,0.526,0
0.27,0.49,0
0.994,0.609,4
0.197,0.562,0
0.041,0.8,0
0.484,0.084,3
0.414,0.779,0
0.482,0.114,3
0.476,0.019,3
0.115,0.753,0
0.179,0.447,0
1.029,0.558,4
0.341,0.447,0
0.048,0.865,0
0.412,0.696,0
0.061,0.811,0
0.441,0.696,0
0.498,0.108,3
0.451,0.161,3
0.479,0.074,3
0.447,0.725,0
0.51,0.756,0
0.46,0.754,0
0.293,0.493,0
0.12,0.813,0
0.323,0.546,0
0.528,0.718,0
0.422,0.777,0
0.348,0.558,0
0.063,0.869,0
0.414,0.688,0
0.254,0.494,0
0.258,0.476,0
0.309,0.517,0
0.278,0.576,0
0.991,0.525,2
0.282,0.451,0
0.288,0.593,0
0.428,0.711,0
0.513,0.012,3
0.976,0.589,4
0.037,0.801,0
0.299,0.529,0
0.265,0.478,0
1.02,0.586,4
1.002,0.54,4
0.445,0.778,0
0.464,0.097,3
0.436,0.745,0
0.473,0.742,0
0.406,0.69,0
0.48,0.736,0
0.25,0.5,0
0.208,0.53,0
0.497,0.744,0
0.062,0.893,0
0.083,0.777,0
0.261,0.491,0
0.45,0.02,3
0.057,0.732,0
0.321,0.517,0
0.099,0.795,0
0.264,0.456,0
0.072,0.744,0
0.291,0.405,0
0.515,0.076,3
0.502,0.094,3
0.034,0.829,0
0.215,0.43,0
0.089,0.801,0
0.161,0.805,0
0.102,0.709,0
0.453,0.739,0
0.309,0.434,0
0.096,0.728,0
0.398,0.769,0
1.006,0.51,2
0.429,0.744,0
0.271,0.413,0
0.457,0.058,3
0.983,0.577,4
0.448,0.672,0
0.972,0.536,1
0.39,0.763,0
0.977,0.519,2
0.95,0.526,1
0.46,0.086,3
1.04,0.519,2
0.325,0.475,0
0.069,0.773,0
0.439,0.041,3
0.345,0.751,0
1.072,0.513,2
0.957,0.524,1
1.023,0.566,4
0.426,0.053,3
0.933,0.482,1
1.013,0.541,4
0.442,0.738,0
0.48,0.666,0
0.244,0.56,0
0.291,0.451,0
0.142,0.752,0
0.922,0.454,1
0.469,0.135,3
0.268,0.433,0
1.047,0.54,2
0.311,0.55,0
0.37,0.735,0
0.072,0.799,0
0.42,0.773,0
0.317,0.503,0
0.968,0.52,1
0.095,0.76,0
0.176,0.864,0
1.004,0.553,4
0.068,0.76,0
0.989,0.524,2
0.263,0.539,0
0.061,0.834,0
0.282,0.495,0
0.438,0.065,3
0.445,0.69,0
0.512,0.64,0
0.099,0.776,0
1.027,0.585,4
0.51,0.133,3
0.493,0.079,3
0.486,0.682,0
0.471,0.071,3
0.445,0.726,0
0.958,0.547,1
0.277,0.462,0
0.468,0.064,3
0.122,0.778,0
0.084,0.837,0
0.457,0.105,3
0.94,0.535,1
0.407,0.661,0
0.504,0.765,0
0.993,0.556,4
0.29,0.515,0
0.079,0.736,0
0.468,0.797,0
0.41,0.774,0
0.278,0.568,0
0.266,0.54,0
0.543,0.104,3
0.458,0.056,3
0.313,0.478,0
0.46,0.055,3
0.519,0.018,3
0.394,0.713,0
0.402,0.723,0
0.446,0.8,0
0.964,0.559,4
0.041,0.766,0
0.975,0.537,1
0.325,0.432,0
0.314,0.506,0
0.509,0.06,3
0.929,0.468,1
0.474,0.702,0
0.395,0.72,0
0.46,0.726,0
0.237,0.506,0
0.449,0.075,3
0.478,0.719,0
0.128,0.723,0
0.493,0.077,3
0.546,0.084,3
0.436,0.745,0
0.466,0.065,3
0.917,0.55,1
0.159,0.694,0
0.275,0.466,0
0.44,0.735,0
0.324,0.504,0
0.071,0.842,0
0.297,0.503,0
0.475,0.104,3
0.425,0.741,0
0.428,0.796,0
0.137,0.812,0
0.237,0.478,0
0.301,0.557,0
0.019,0.734,0
0.255,0.486,0
0.492,0.623,0
0.52,0.121,3
0.487,0.751,0
0.241,0.566,0
0.965,0.552,1
0.449,0.044,3
0.022,0.789,0
0.47,0.669,0
0.954,0.513,1
0.47,0.792,0
0.002,0.793,0
0.442,0.719,0
0.546,0.058,3
0.289,0.54,0
0.413,0.687,0
0.04,0.759,0
0.981,0.568,4
0.092,0.826,0
0.55,0.056,3
0.862,0.569,1
0.035,0.789,0
0.996,0.525,2
0.238,0.496,0
0.483,0.159,3
0.535,0.729,0
0.457,0.774,0
0.437,0.721,0
0.166,0.503,0
0.431,0.77,0
0.384,0.744,0
0.403,0.722,0
0.917,0.509,1
0.39,0.527,0
0.379,0.646,0
0.982,0.531,2
0.127,0.801,0
0.431,0.663,0
0.963,0.527,1
0.948,0.548,1
0.586,0.058,3
0.103,0.796,0
0.333,0.463,0
0.465,0.707,0
0.041,0.738,0
0.445,0.684,0
1.03,0.484,2
0.939,0.471,1
0.591,0.063,3
0.527,0.01,3
1.018,0.498,2
0.972,0.509,2
0.089,0.756,0
0.25,0.47,0
0.405,0.653,0
1.022,0.486,2
0.454,0.096,3
0.416,0.642,0
0.959,0.589,4
1.01,0.505,2
0.101,0.796,0
1.03,0.626,4
0.462,0.742,0
0.278,0.501,0
0.109,0.707,0
0.961,0.495,2
0.251,0.523,0
0.084,0.793,0
0.33,0.514,0
0.448,0.695,0
0.329,0.406,0
0.122,0.816,0
0.074,0.773,0
0.982,0.545,4
0.281,0.541,0
0.988,0.618,4
0.107,0.736,0
0.945,0.562,1
0.031,0.776,0
0.066,0.797,0
0.26,0.473,0
0.019,0.757,0
0.976,0.575,4
0.255,0.513,0
0.502,0.693,0
0.491,0.108,3
0.058,0.801,0
1.002,0.536,2
0.496,0.117,3
0.525,0.061,3
0.079,0.75,0
0.508,0.023,3
0.956,0.547,1
0.44,0.701,0
0.017,0.813,0
0.476,0.682,0
0.451,0.686,0
0.335,0.536,0
0.096,0.773,0
0.453,0.736,0
0.259,0.51,0
0.551,0.134,3
0.326,0.49,0
0.036,0.809,0
0.412,0.092,3
0.489,0.104,3
0.418,0.752,0
0.321,0.5,0
0.974,0.577,4
0.245,0.486,0
0.491,0.06,3
0.121,0.77,0
0.335,0.717,0
0.26,0.471,0
0.941,0.53,1
0.963,0.538,1
0.511,0.788,0
0.927,0.596,1
0.453,0.071,3
0.537,0.696,0
0.957,0.556,1
1.012,0.542,4
1.073,0.597,4
0.23,0.464,0
0.067,0.809,0
0.002,0.837,0
0.42,0.723,0
0.492,0.729,0
0.436,0.726,0
0.171,0.837,0
0.94,0.506,1
0.523,0.104,3
0.451,0.636,0
0.246,0.542,0
0.519,0.006,3
0.296,0.497,0
0.965,0.556,1
0.3,0.49,0
0.033,0.741,0
0.073,0.832,0
0.358,0.776,0
0.335,0.526,0
0.043,0.798,0
0.448,0.684,0
0.946,0.499,1
0.201,0.513,0
0.439,0.658,0
0.947,0.521,1
0.066,0.832,0
0.444,0.129,3
0.116,0.799,0
0.057,0.757,0
0.074,0.73,0
0.962,0.496,2
0.447,0.722,0
0.962,0.59,4
0.116,0.819,0
0.973,0.523,2
0.911,0.544,1
0.411,0.653,0
0.005,0.777,0
0.071,0.777,0
0.255,0.439,0
0.95,0.586,4
0.482,0.737,0
0.087,0.748,0
0.094,0.796,0
0.954,0.484,2
0.316,0.51,0
0.426,0.736,0
0.401,0.732,0
0.038,0.811,0
0.122,0.747,0
0.431,0.732,0
0.264,0.489,0
0.25,0.485,0
0.499,0.698,0
0.414,0.745,0
0.325,0.463,0
0.113,0.767,0
0.138,0.766,0
0.227,0.436,0
0.45,0.705,0
0.464,0.793,0
0.96,0.583,4
0.52,0.105,3
0.295,0.474,0
0.09,0.779,0
0.275,0.463,0
0.302,0.528,0
0.959,0.534,1
1.001,0.544,4
0.976,0.523,2
0.056,0.767,0
0.942,0.503,1
0.481,0.752,0
0.545,0.157,3
0.975,0.529,2
1.01,0.518,2
0.515,0.033,3
0.957,0.6,4
0.454,0.684,0
0.329,0.437,0
0.999,0.517,2
0.44,0.694,0
0.477,0.711,0
0.062,0.762,0
0.24,0.487,0
0.39,0.684,0
0.474,0.7,0
0.086,0.813,0
0.431,0.689,0
0.99,0.497,2
0.289,0.515,0
0.42,0.773,0
0.443,0.069,3
0.252,0.44,0
0.399,0.725,0
0.462,0.675,0
0.18,0.458,0
0.965,0.538,1
0.199,0.481,0
0.077,0.704,0
0.058,0.8,0
0.376,0.753,0
0.261,0.546,0
0.5,0.715,0
0.055,0.777,0
0.248,0.462,0
1.024,0.547,4
0.986,0.469,2
0.067,0.811,0
0.494,0.089,3
0.458,0.722,0
0.123,0.753,0
0.473,0.698,0
0.458,0.758,0
0.43,0.747,0
0.051,0.86,0
0.054,0.806,0
1.023,0.506,2
0.92,0.517,1
0.068,0.717,0
0.488,0.746,0
0.517,0.017,3
0.237,0.469,0
1.053,0.484,2
0.98,0.487,2
0.52,0.113,3
0.129,0.787,0
0.047,0.797,0
0.171,0.871,0
0.418,0.761,0
0.945,0.572,1
0.004,0.843,0
0.257,0.548,0
0.29,0.515,0
0.351,0.755,0
0.999,0.529,2
0.241,0.439,0
0.943,0.539,1
0.26,0.458,0
0.22,0.523,0
0.404,0.738,0
0.444,0.667,0
0.462,0.045,3
0.547,0.742,0
0.42,0.744,0
0.389,0.683,0
0.282,0.479,0
0.502,0.1,3
0.469,0.112,3
0.042,0.733,0
1.007,0.622,4
0.461,0.07,3
0.025,0.813,0
1.016,0.507,2
0.096,0.757,0
0.959,0.575,4
0.061,0.762,0
0.104,0.829,0
0.261,0.514,0
0.279,0.509,0
0.996,0.535,2
0.068,0.756,0
0.209,0.523,0
0.426,0.681,0
0.421,0.798,0
0.045,0.774,0
0.964,0.628,4
0.008,0.733,0
0.479,0.095,3
0.462,0.692,0
0.473,0.698,0
0.499,0.028,3
0.494,0.774,0
0.101,0.742,0
0.053,0.742,0
0.995,0.543,4
0.06,0.787,0
0.463,0.707,0
0.425,0.665,0
0.958,0.488,2
0.231,0.554,0
0.233,0.48,0
0.463,0.71,0
0.221,0.538,0
0.559,0.106,3
0.183,0.516,0
0.488,0.049,3
0.116,0.81,0
0.964,0.549,1
0.492,0.745,0
0.419,0.704,0
0.991,0.578,4
0.147,0.752,0
0.458,0.715,0
0.255,0.515,0
0.074,0.728,0
0.147,0.821,0
0.995,0.525,2
0.256,0.497,0
0.532,0.111,3
0.275,0.499,0
0.524,0.687,0
0.081,0.744,0
0.271,0.471,0
0.463,0.753,0
0.449,0.763,0
0.112,0.721,0
0.247,0.536,0
0.459,0.702,0
0.267,0.536,0
0.464,0.017,3
0.956,0.491,2
0.238,0.53,0
0.305,0.488,0
0.464,0.716,0
0.228,0.479,0
0.215,0.543,0
0.269,0.502,0
0.463,0.765,0
0.933,0.593,1
0.085,0.797,0
1.03,0.548,4
0.069,0.795,0
0.951,0.509,1
0.97,0.518,2
0.54,0.059,3
0.487,0.682,0
0.438,0.07,3
1.039,0.508,2
0.234,0.558,0
1.01,0.56,4
0.515,0.075,3
0.967,0.459,2
0.468,0.787,0
0.929,0.496,1
0.438,0.041,3
0.957,0.556,1
0.981,0.582,4
1.019,0.593,4
0.271,0.57,0
0.394,0.685,0
0.276,0.441,0
0.465,0.75,0
0.071,0.753,0
0.511,0.087,3
0.402,0.704,0
0.047,0.797,0
0.121,0.831,0
0.451,0.737,0
0.998,0.515,2
0.104,0.827,0
1.033,0.55,4
1.014,0.485,2
0.963,0.494,2
0.51,0.033,3
0.16,0.786,0
1.028,0.607,4
0.118,0.745,0
0.434,0.709,0
0.518,0.04,3
0.112,0.807,0
0.454,0.707,0
0.022,0.802,0
0.405,0.683,0
0.23,0.543,0
1.01,0.587,4
0.575,0.032,3
0.443,0.684,0
0.352,0.737,0
0.955,0.528,1
0.273,0.55,0
0.116,0.758,0
0.593,0.06,3
0.97,0.455,2
0.467,0.041,3
1.013,0.506,2
0.963,0.549,1
0.082,0.803,0
1.049,0.567,4
0.502,0.032,3
0.046,0.756,0
0.303,0.518,0
0.276,0.471,0
0.992,0.539,2
0.497,0.071,3
0.308,0.498,0
0.415,0.687,0
0.94,0.532,1
0.274,0.536,0
0.493,0.097,3
0.488,0.026,3
0.478,0.067,3
0.458,0.081,3
0.492,0.07,3
0.96,0.582,4
0.389,0.659,0
0.042,0.721,0
0.087,0.743,0
0.485,0.07,3
0.45,0.062,3
0.243,0.421,0
0.444,0.718,0
0.052,0.806,0
0.108,0.792,0
0.954,0.579,4
0.035,0.785,0
0.594,0.092,3
0.296,0.528,0
0.984,0.491,2
0.289,0.402,0
0.432,0.758,0
0.192,0.546,0
0.514,0.674,0
0.344,0.446,0
0.212,0.458,0
0.277,0.491,0
0.54,0.071,3
0.446,0.066,3
0.409,0.733,0
0.515,0.061,3
0.054,0.756,0
0.35,0.489,0
0.285,0.478,0
0.479,0.073,3
0.226,0.404,0
1.042,0.544,4
0.589,0.046,3
0.505,0.04,3
0.575,0.132,3
0.466,0.09,3
0.263,0.441,0
0.321,0.486,0
0.485,0.017,3
0.923,0.548,1
0.236,0.536,0
0.471,0.11,3
0.985,0.558,4
0.044,0.726,0
0.506,0.006,3
1.061,0.571,4
0.234,0.501,0
0.113,0.798,0
0.409,0.749,0
0.096,0.819,0
0.317,0.448,0
0.437,0.746,0
0.107,0.805,0
0.181,0.458,0
0.043,0.824,0
0.414,0.744,0
0.084,0.741,0
0.486,0.791,0
0.449,0.74,0
0.04,0.764,0
0.274,0.535,0
0.479,0.087,3
0.021,0.803,0
0.468,0.059,3
0.242,0.508,0
0.047,0.793,0
0.521,0.113,3
0.053,0.764,0
0.425,0.101,3
0.499,0.029,3
0.975,0.522,2
0.532,0.152,3
0.44,0.726,0
0.047,0.783,0
0.275,0.504,0
0.417,0.751,0
0.413,0.682,0
0.539,0.096,3
0.243,0.527,0
0.53,0.028,3
0.934,0.583,1
0.286,0.499,0
0.425,0.78,0
0.434,0.061,3
0.382,0.723,0
0.053,0.743,0
0.952,0.57,1
0.3,0.446,0
0.524,0.027,3
0.499,0.106,3
0.96,0.623,4
0.414,0.661,0
0.389,0.759,0
0.448,0.703,0
0.991,0.549,4
0.379,0.545,0
0.027,0.782,0
0.426,0.744,0
0.536,0.053,3
0.306,0.488,0
0.45,0.714,0
0.211,0.471,0
0.517,0.686,0
0.994,0.606,4
0.476,0.079,3
0.435,0.711,0
0.481,0.119,3
0.479,0.081,3
0.456,0.025,3
1.009,0.542,4
0.111,0.765,0
0.244,0.505,0
0.396,0.722,0
0.012,0.716,0
0.973,0.542,1
0.948,0.51,1
0.067,0.854,0
0.052,0.745,0
0.45,0.698,0
0.097,0.823,0
0.105,0.796,0
0.491,0.057,3
0.265,0.523,0
0.358,0.451,0
0.07,0.829,0
0.28,0.444,0
0.466,0.072,3
0.452,0.039,3
0.391,0.667,0
0.406,0.76,0
0.425,0.748,0
0.486,0.721,0
0.966,0.498,2
0.356,0.564,0
0.088,0.777,0
0.442,0.06,3
0.43,0.088,3
0.29,0.508,0
0.278,0.481,0
0.384,0.754,0
0.308,0.573,0
0.502,0.77,0
1.011,0.517,2
0.252,0.495,0
0.987,0.541,4
1.003,0.527,2
0.218,0.426,0
0.079,0.764,0
0.544,0.671,0
0.423,0.7,0
0.245,0.468,0
0.289,0.549,0
0.486,0.82,0
0.513,0.066,3
0.234,0.446,0
0.105,0.754,0
0.093,0.734,0
0.472,0.065,3
0.144,0.81,0
0.035,0.745,0
1.01,0.427,2
0.494,0.09,3
0.368,0.755,0
0.915,0.547,1
1.054,0.495,2
0.992,0.461,2
0.201,0.527,0
0.269,0.425,0
0.483,0.028,3
0.277,0.542,0
0.254,0.488,0
0.999,0.579,4
1.021,0.539,2
0.441,0.703,0
0.37,0.735,0
0.51,0.061,3
0.443,0.726,0
0.364,0.783,0
0.294,0.522,0
0.322,0.532,0
0.951,0.57,1
0.232,0.39,0
0.552,0.049,3
0.037,0.856,0
0.301,0.535,0
0.074,0.736,0
0.485,0.037,3
0.126,0.798,0
0.284,0.426,0
0.266,0.484,0
0.507,0.068,3
0.546,0.054,3
0.316,0.535,0
0.441,0.683,0
0.476,0.771,0
0.006,0.824,0
0.246,0.553,0
1.015,0.542,4
0.104,0.771,0
0.062,0.821,0
0.049,0.772,0
0.971,0.504,2
0.452,0.009,3
0.235,0.528,0
0.05,0.768,0
0.152,0.756,0
0.237,0.501,0
0.954,0.508,1
0.446,0.746,0
0.944,0.587,1
0.272,0.48,0
0.541,0.085,3
0.519,0.051,3
0.984,0.49,2
0.183,0.485,0
0.065,0.747,0
0.237,0.505,0
0.49,0.719,0
0.968,0.534,1
0.118,0.795,0
0.459,0.647,0
0.245,0.467,0
0.495,0.005,3
0.08,0.777,0
0.285,0.477,0
0.475,0.671,0
0.061,0.804,0
0.534,0.112,3
0.3,0.513,0
0.033,0.775,0
0.94,0.529,1
0.26,0.5,0
0.466,0.054,3
0.514,0.023,3
0.47,0.679,0
0.261,0.457,0
0.435,0.102,3
0.098,0.784,0
0.487,0.081,3
0.381,0.774,0
0.468,0.089,3
0.994,0.53,2
0.916,0.577,1
0.057,0.798,0
0.401,0.749,0
0.287,0.519,0
0.496,0.051,3
0.301,0.519,0
0.136,0.727,0
0.975,0.543,4
0.066,0.808,0
0.323,0.55,0
0.093,0.8,0
0.452,0.766,0
0.426,0.045,3
0.48,0.664,0
0.039,0.819,0
0.593,0.066,3
0.303,0.489,0
0.976,0.593,4
0.081,0.784,0
0.972,0.58,4
0.343,0.53,0
0.216,0.481,0
0.46,0.707,0
0.994,0.587,4
0.298,0.508,0
0.222,0.497,0
0.247,0.455,0
0.916,0.549,1
0.33,0.43,0
0.059,0.713,0
0.997,0.619,4
0.396,0.783,0
0.076,0.769,0
1.013,0.502,2
0.539,0.043,3
0.178,0.482,0
0.548,0.037,3
0.513,0.054,3
0.115,0.766,0
0.402,0.085,3
0.42,0.754,0
0.076,0.729,0
0.263,0.565,0
0.41,0.765,0
0.509,0.746,0
0.981,0.579,4
0.475,0.676,0
0.417,0.706,0
0.935,0.527,1
0.281,0.466,0
0.404,0.71,0
0.209,0.492,0
0.586,0.117,3
0.463,0.717,0
1.056,0.519,2
0.932,0.515,1
0.424,0.752,0
0.382,0.809,0
0.323,0.525,0
0.262,0.441,0
0.35,0.795,0
0.142,0.786,0
0.539,0.693,0
0.573,0.052,3
0.451,0.073,3
1.008,0.545,4
0.463,0.814,0
0.991,0.523,2
0.282,0.592,0
0.941,0.531,1
0.511,0.118,3
0.256,0.493,0
0.484,0.69,0
0.061,0.668,0
0.485,0.692,0
0.548,0.025,3
0.34,0.465,0
0.618,0.09,3
0.478,0.022,3
0.25,0.571,0
0.471,0.733,0
0.102,0.736,0
0.039,0.778,0
0.312,0.476,0
1.029,0.548,4
1,0.508,2
0.095,0.71,0
0.274,0.455,0
0.149,0.772,0
0.543,0.081,3
0.034,0.746,0
0.291,0.482,0
0.275,0.437,0
0.941,0.542,1
0.089,0.823,0
0.383,0.701,0
0.071,0.786,0
0.084,0.75,0
0.016,0.797,0
0.388,0.799,0
0.994,0.58,4
0.089,0.823,0
0.095,0.81,0
0.081,0.707,0
0.028,0.79,0
0.325,0.534,0
0.451,0.089,3
0.498,0.801,0
0.943,0.563,1
0.304,0.478,0
0.932,0.547,1
0.293,0.505,0
0.361,0.751,0
0.114,0.791,0
0.059,0.747,0
1.004,0.549,4
0.96,0.596,4
1.047,0.58,4
0.245,0.437,0
0.127,0.742,0
0.278,0.47,0
0.049,0.767,0
0.559,0.117,3
0.303,0.453,0
0.398,0.709,0
0.105,0.731,0
0.401,0.725,0
0.447,0.764,0
0.447,0.656,0
0.453,0.777,0
0.477,0.069,3
0.089,0.775,0
0.922,0.591,1
0.385,0.741,0
0.461,0.146,3
0.487,0.029,3
0.138,0.725,0
0.086,0.836,0
0.985,0.593,4
0.453,0.046,3
0.286,0.525,0
0.982,0.589,4
0.379,0.71,0
1.013,0.53,2
0.114,0.771,0
1.005,0.477,2
0.445,0.037,3
0.553,0.091,3
0.076,0.831,0
0.572,0.071,3
0.462,0.791,0
0.534,0.085,3
0.553,0.063,3
0.396,0.719,0
0.088,0.706,0
0.44,0.034,3
0.435,0.769,0
0.228,0.479,0
1.008,0.477,2
0.524,0.735,0
0.15,0.784,0
0.135,0.834,0
0.971,0.566,4
0.219,0.472,0
0.068,0.814,0
0.465,0.106,3
0.202,0.519,0
0.291,0.452,0
0.475,0.026,3
0.493,0.744,0
0.236,0.5,0
0.276,0.443,0
0.263,0.472,0
0.365,0.76,0
0.252,0.5,0
0.924,0.534,1
0.457,0.05,3
0.501,0.078,3
0.539,0.105,3
0.093,0.773,0
0.061,0.782,0
0.491,0.648,0
0.088,0.752,0
0.298,0.505,0
0.961,0.541,1
0.482,0.042,3
0.924,0.578,1
0.255,0.54,0
0.32,0.491,0
0.425,0.786,0
0.355,0.491,0
0.412,0.702,0
0.489,0.135,3
0.395,0.745,0
0.257,0.529,0
0.486,0.076,3
0.334,0.522,0
0.361,0.653,0
1.005,0.532,2
0.061,0.714,0
0.979,0.569,4
0.433,0.084,3
0.275,0.507,0
0.457,0.035,3
0.48,0.723,0
0.321,0.491,0
0.044,0.748,0
0.477,0.105,3
0.313,0.539,0
0.042,0.762,0
0.259,0.485,0
1.008,0.531,2
0.197,0.488,0
0.433,0.704,0
0.543,0.104,3
0.457,0.73,0
0.147,0.792,0
0.277,0.503,0
0.943,0.531,1
0.217,0.467,0
0.383,0.754,0
0.104,0.769,0
0.136,0.775,0
0.263,0.431,0
0.527,0.041,3
0.062,0.76,0
0.271,0.579,0
0.416,0.746,0
0.274,0.52,0
0.515,0.093,3
0.053,0.828,0
0.452,0.096,3
0.462,0.005,3
0.283,0.433,0
0.257,0.517,0
0.224,0.513,0
0.048,0.773,0
0.368,0.7,0
0.43,0.112,3
0.099,0.798,0
0.219,0.5,0
0.128,0.722,0
1.049,0.504,2
0.06,0.754,0
0.877,0.523,1
1.01,0.575,4
1.027,0.559,4
0.965,0.593,4
0.437,0.704,0
0.261,0.446,0
0.248,0.513,0
0.142,0.765,0
0.42,0.658,0
0.081,0.709,0
0.238,0.564,0
0.434,0.749,0
0.03,0.822,0
0.42,0.017,3
1.061,0.575,4
0.189,0.485,0
0.984,0.547,4
0.305,0.496,0
0.308,0.503,0
0.539,0.043,3
0.457,0.732,0
0.316,0.483,0
0.533,0.102,3
0.464,0.701,0
0.52,0.091,3
0.962,0.54,1
0.409,0.763,0
0.505,0.004,3
0.418,0.707,0
0.435,0.686,0
0.396,0.692,0
0.974,0.576,4
0.121,0.668,0
0.413,0.682,0
0.016,0.759,0
0.427,0.689,0
0.281,0.498,0
0.496,0.097,3
0.109,0.831,0
0.518,0.724,0
0.216,0.512,0
0.065,0.77,0
0.451,0.8,0
0.964,0.586,4
0.328,0.453,0
0.277,0.49,0
0.431,0.703,0
0.451,0.052,3
0.076,0.75,0
0.159,0.777,0
0.466,0.032,3
0.995,0.505,2
0.967,0.52,1
0.408,0.763,0
0.435,0.652,0
0.927,0.55,1
0.295,0.543,0
0.396,0.788,0
0.044,0.8,0
0.489,0.022,3
0.262,0.541,0
0.382,0.725,0
0.253,0.485,0
0.292,0.437,0
0.074,0.828,0
0.481,0.748,0
0.098,0.796,0
0.049,0.717,0
0.245,0.422,0
1.026,0.555,4
0.979,0.5,2
0.399,0.722,0
0.509,0.741,0
1.019,0.526,2
0.42,0.688,0
0.058,0.793,0
0.322,0.562,0
0.993,0.573,4
0.095,0.813,0
1.007,0.536,2
0.097,0.74,0
0.045,0.732,0
0.488,0.703,0
0.518,0.092,3
0.275,0.474,0
0.464,0.045,3
0.429,0.774,0
0.479,0.675,0
0.22,0.463,0
0.105,0.802,0
0.497,0.647,0
0.217,0.556,0
0.511,0.118,3
0.277,0.58,0
0.506,0.731,0
0.036,0.776,0
0.992,0.588,4
0.313,0.529,0
0.108,0.824,0
0.147,0.787,0
0.029,0.741,0
0.281,0.46,0
1.005,0.555,4
0.989,0.484,2
0.978,0.534,2
0.416,0.668,0
0.426,0.672,0
0.516,0.094,3
0.068,0.699,0
0.496,0.076,3
0.943,0.654,4
0.216,0.496,0
0.497,0.695,0
0.534,0.014,3
0.095,0.766,0
0.544,0.134,3
0.518,0.081,3
1.021,0.533,2
1,0.545,4
0.291,0.535,0
0.351,0.481,0
0.034,0.781,0
0.55,0.064,3
0.147,0.755,0
0.514,0.019,3
0.925,0.558,1
0.48,0.746,0
0.291,0.483,0
0.478,0.746,0
1.002,0.54,4
0.446,0.788,0
0.502,0.039,3
0.466,0.708,0
1.004,0.605,4
0.446,0.037,3
1.059,0.503,2
0.517,0.099,3
0.462,0.766,0
0.472,0.07,3
0.288,0.508,0
0.95,0.587,4
1.033,0.537,2
0.529,0.081,3
0.988,0.552,4
0.489,0.768,0
0.057,0.828,0
0.454,0.746,0
0.084,0.818,0
0.945,0.541,1
0.523,0.716,0
0.451,0.744,0
0.493,0.743,0
0.009,0.745,0
0.097,0.757,0
0.44,0.802,0
0.355,0.706,0
0.146,0.465,0
0.292,0.535,0
0.947,0.557,1
0.466,0.051,3
0.959,0.566,4
0.055,0.8,0
0.331,0.508,0
0.027,0.861,0
0.295,0.494,0
0.331,0.444,0
0.349,0.762,0
0.962,0.598,4
0.275,0.463,0
0.093,0.8,0
0.449,0.65,0
0.451,0.045,3
0.466,0.067,3
0.443,0.012,3
1.044,0.559,4
0.464,0.085,3
0.265,0.5,0
0.317,0.475,0
0.285,0.511,0
0.959,0.559,1
0.297,0.5,0
0.116,0.756,0
0.469,0.038,3
0.43,0.096,3
0.301,0.548,0
0.966,0.518,1
0.274,0.492,0
0.123,0.752,0
0.271,0.563,0
0.441,0.67,0
0.29,0.515,0
0.128,0.775,0
0.545,0.09,3
0.288,0.464,0
1.002,0.516,2
1.024,0.542,4
0.428,0.685,0
0.32,0.598,0
0.054,0.741,0
1.039,0.528,2
0.458,0.616,0
0.422,0.744,0
0.271,0.426,0
0.988,0.487,2
1.006,0.547,4
0.94,0.513,1
1.079,0.544,2
0.481,0.006,3
0.009,0.785,0
1.018,0.582,4
0.918,0.47,1
0.969,0.478,2
0.324,0.569,0
0.149,0.801,0
0.492,0.716,0
0.299,0.456,0
0.504,0.019,3
0.072,0.785,0
0.247,0.566,0
0.119,0.794,0
0.922,0.491,1
0.985,0.553,4
0.581,0.102,3
0.007,0.787,0
0.289,0.474,0
0.915,0.546,1
0.069,0.768,0
0.418,0.728,0
0.52,0.08,3
0.974,0.507,2
0.301,0.508,0
0.898,0.491,1
0.939,0.559,1
0.322,0.407,0
0.99,0.524,2
0.937,0.486,1
0.378,0.777,0
0.478,0.033,3
0.528,0.089,3
1.051,0.485,2
0.384,0.699,0
0.538,0.098,3
0.121,0.809,0
0.083,0.724,0
0.366,0.72,0
1.046,0.6,4
0.911,0.465,1
0.46,0.029,3
0.97,0.544,1
0.231,0.551,0
0.51,0.049,3
0.532,0.093,3
0.547,0.053,3
0.915,0.613,1
0.251,0.542,0
0.998,0.564,4
0.537,0.136,3
0.284,0.515,0
0.941,0.52,1
0.453,0.634,0
0.481,0.701,0
0.303,0.526,0
0.056,0.779,0
0.993,0.573,4
0.115,0.816,0
0.926,0.498,1
0.388,0.716,0
0.486,0.724,0
0.477,0.024,3
1.011,0.558,4
1.029,0.579,4
0.481,0.742,0
0.251,0.588,0
0.499,0.089,3
0.518,0.073,3
0.003,0.789,0
0.89,0.474,1
0.011,0.74,0
0.528,0.788,0
0.309,0.491,0
0.255,0.515,0
0.355,0.601,0
0.103,0.822,0
0.528,0.118,3
0.492,0.091,3
0.26,0.486,0
0.525,0.061,3
0.111,0.761,0
0.473,0.782,0
0.969,0.507,2
0.35,0.593,0
1.031,0.564,4
0.369,0.728,0
0.031,0.703,0
0.136,0.811,0
0.415,0.691,0
0.065,0.788,0
0.46,0.695,0
0.427,0.723,0
0.063,0.814,0
0.403,0.674,0
0.096,0.718,0
0.304,0.472,0
0.465,0.097,3
0.38,0.106,3
0.472,0.043,3
0.083,0.785,0
0.906,0.56,1
0.478,0.749,0
0.961,0.557,1
0.949,0.519,1
0.46,0.111,3
1.021,0.551,4
0.475,0.671,0
0.268,0.495,0
0.92,0.529,1
0.944,0.543,1
0.084,0.82,0
1.022,0.526,2
0.499,0.096,3
0.01,0.747,0
0.062,0.846,0
0.217,0.523,0
0.506,0.017,3
0.069,0.716,0
0.03,0.788,0
0.26,0.569,0
0.082,0.738,0
0.409,0.139,3
0.528,0.091,3
0.452,0.714,0
0.125,0.83,0
0.457,0.706,0
0.485,0.108,3
0.983,0.551,4
0.072,0.764,0
0.982,0.524,2
0.92,0.543,1
0.444,0.758,0
0.063,0.8,0
0.035,0.766,0
0.282,0.512,0
0.461,0.13,3
0.551,0.058,3
0.95,0.552,1
0.321,0.517,0
0.924,0.555,1
1.003,0.577,4
0.094,0.736,0
0.556,0.071,3
0.03,0.819,0
0.12,0.759,0
0.548,0.015,3
0.277,0.5,0
0.918,0.559,1
0.298,0.506,0
0.092,0.791,0
1,0.528,2
0.031,0.774,0
0.972,0.574,4
0.318,0.524,0
0.052,0.728,0
0.379,0.817,0
0.096,0.769,0
0.133,0.772,0
0.441,0.653,0
0.263,0.537,0
0.552,0.127,3
1.008,0.551,4
1.026,0.508,2
0.546,0.083,3
0.538,0.104,3
0.455,0.079,3
0.033,0.797,0
0.481,0.09,3
0.243,0.499,0
0.475,0.066,3
0.446,0.779,0
0.251,0.429,0
0.056,0.798,0
0.464,0.718,0
0.245,0.505,0
0.986,0.461,2
0.242,0.535,0
0.254,0.591,0
0.517,0.068,3
0.439,0.007,3
0.001,0.734,0
0.513,0.064,3
0.421,0.693,0
0.408,0.763,0
0.461,0.724,0
0.908,0.59,1
0.266,0.497,0
0.204,0.558,0
1.049,0.525,2
0.1,0.8,0
0.17,0.734,0
0.029,0.771,0
0.154,0.755,0
0.107,0.772,0
0.52,0.124,3
0.114,0.773,0
0.501,0.054,3
0.094,0.758,0
0.474,0.655,0
0.401,0.731,0
0.272,0.51,0
0.484,0.113,3
0.961,0.565,4
0.45,0.785,0
0.969,0.507,2
0.039,0.809,0
0.492,0.174,3
0.932,0.458,1
0.05,0.828,0
0.522,0.07,3
0.051,0.812,0
0.474,0.755,0
0.439,0.045,3
0.926,0.479,1
0.567,0.023,3
0.505,0.031,3
0.017,0.744,0
1.021,0.535,2
0.119,0.783,0
0.427,0.732,0
0.012,0.731,0
0.927,0.499,1
0.412,0.73,0
0.997,0.476,2
0.428,0.789,0
0.06,0.836,0
1.068,0.507,2
0.28,0.503,0
0.247,0.508,0
0.19,0.479,0
0.556,0.082,3
0.996,0.614,4
0.365,0.768,0
0.283,0.562,0
0.502,0.723,0
0.958,0.639,4
0.429,0.693,0
0.936,0.557,1
0.978,0.56,4
0.586,0.069,3
0.298,0.452,0
0.474,0.802,0
0.491,0.105,3
1.044,0.555,4
0.107,0.786,0
0.978,0.544,4
0.146,0.766,0
0.196,0.514,0
1.007,0.474,2
0.514,0.085,3
0.548,0.078,3
0.294,0.501,0
0.5,0.13,3
0.978,0.592,4
0.358,0.69,0
0.514,0.06,3
0.245,0.508,0
0.998,0.52,2
0.082,0.803,0
0.054,0.805,0
0.322,0.493,0
0.105,0.794,0
0.066,0.856,0
0.376,0.761,0
0.256,0.52,0
0.531,0.09,3
0.451,0.721,0
0.964,0.527,1
0.312,0.489,0
0.214,0.504,0
0.97,0.527,1
0.521,0.061,3
0.569,0.13,3
0.048,0.78,0
0.082,0.765,0
0.478,0.676,0
0.144,0.774,0
0.076,0.805,0
0.394,0.708,0
0.442,0.712,0
0.32,0.562,0
0.977,0.488,2
0.272,0.562,0
0.084,0.736,0
0.58,0.075,3
0.328,0.726,0
0.571,0.093,3
0.466,0.065,3
0.906,0.589,1
0.514,0.678,0
0.065,0.794,0
0.914,0.522,1
0.283,0.518,0
0.483,0.727,0
0.206,0.485,0
0.452,0.817,0
0.291,0.547,0
0.235,0.549,0
0.42,0.701,0
1.058,0.516,2
0.448,0.714,0
0.942,0.541,1
0.481,0.003,3
0.282,0.51,0
0.06,0.765,0
0.988,0.484,2
0.316,0.485,0
0.09,0.779,0
0.149,0.781,0
0.128,0.826,0
1.046,0.511,2
0.218,0.485,0
0.506,0.083,3
0.956,0.53,1
0.948,0.519,1
0.233,0.544,0
1.024,0.481,2
0.518,0.075,3
0.231,0.431,0
0.086,0.773,0
0.544,0.022,3
0.077,0.737,0
0.317,0.518,0
0.377,0.723,0
0.982,0.559,4
0.428,0.044,3
0.459,0.728,0
0.138,0.747,0
0.277,0.456,0
0.454,0.829,0
0.283,0.488,0
1.017,0.557,4
0.284,0.478,0
0.069,0.779,0
0.316,0.476,0
0.939,0.589,1
0.408,0.648,0
0.506,0.037,3
0.45,0.675,0
0.088,0.738,0
1.023,0.532,2
0.059,0.754,0
0.303,0.504,0
0.449,0.687,0
0.995,0.517,2
0.45,0.736,0
0.941,0.553,1
0.195,0.521,0
0.938,0.556,1
0.28,0.444,0
1.019,0.446,2
0.525,0.048,3
0.479,0.121,3
0.447,0.702,0
0.462,0.716,0
0.392,0.747,0
0.512,0.109,3
0.553,0.123,3
0.42,0.717,0
0.098,0.903,0
0.928,0.517,1
0.431,0.75,0
0.466,0.063,3
0.531,0.06,3
0.548,0.106,3
0.422,0.674,0
1.006,0.545,4
0.933,0.474,1
0.296,0.434,0
0.292,0.542,0
0.951,0.579,4
0.428,0.736,0
0.556,0.094,3
0.216,0.489,0
0.538,0.009,3
0.084,0.775,0
0.95,0.551,1
0.186,0.465,0
0.991,0.486,2
0.901,0.534,1
0.229,0.442,0
0.975,0.626,4
0.078,0.77,0
0.497,0.697,0
0.113,0.826,0
0.29,0.473,0
0.55,0.141,3
1.026,0.484,2
0.17,0.763,0
0.982,0.629,4
1.032,0.54,2
0.464,0.707,0
0.413,0.649,0
0.274,0.585,0
0.277,0.476,0
0.474,0.125,3
0.995,0.534,2
0.559,0.023,3
0.54,0.07,3
0.376,0.44,0
0.913,0.552,1
0.363,0.777,0
0.451,0.663,0
0.085,0.747,0
0.067,0.845,0
0.421,0.674,0
0.061,0.785,0
0.297,0.515,0
0.504,0.724,0
0.066,0.769,0
0.47,0.085,3
0.154,0.816,0
0.044,0.82,0
0.455,0.73,0
0.316,0.494,0
0.514,0.113,3
0.21,0.521,0
1.022,0.43,2
0.468,0.08,3
0.879,0.535,1
0.406,0.682,0
0.278,0.527,0
0.287,0.518,0
0.168,0.746,0
0.282,0.501,0
0.92,0.493,1
0.458,0.136,3
1.04,0.439,2
0.488,0.819,0
0.579,0.08,3
0.143,0.779,0
0.47,0.747,0
0.081,0.751,0
0.533,0.033,3
0.926,0.508,1
0.03,0.821,0
0.523,0.671,0
1.019,0.463,2
0.93,0.437,2
0.014,0.806,0
0.475,0.034,3
1.054,0.563,4
0.266,0.481,0
0.992,0.546,4
0.154,0.868,0
0.428,0.791,0
0.277,0.517,0
0.953,0.552,1
0.494,0.043,3
0.946,0.532,1
0.411,0.741,0
0.477,0.73,0
0.993,0.581,4
0.993,0.518,2
0.961,0.499,2
0.534,0.091,3
0.536,0.066,3
1.014,0.506,2
0.065,0.794,0
0.44,0.718,0
1.043,0.554,4
0.13,0.788,0
0.422,0.7,0
0.229,0.505,0
0.28,0.521,0
0.966,0.579,4
0.293,0.537,0
0.975,0.536,1
0.094,0.798,0
0.488,0.836,0
0.953,0.535,1
0.463,0.7,0
0.999,0.524,2
0.465,0.682,0
0.977,0.548,4
0.093,0.773,0
0.418,0.723,0
1.035,0.577,4
0.999,0.573,4
1.024,0.522,2
0.524,0.735,0
0.48,0.76,0
0.081,0.749,0
0.251,0.496,0
0.436,0.099,3
0.549,0.1,3
0.5,0.035,3
0.102,0.77,0
0.159,0.736,0
0.955,0.511,1
0.346,0.473,0
0.506,0.07,3
0.055,0.754,0
0.457,0.74,0
0.943,0.468,1
0.956,0.538,1
0.454,0.759,0
1.044,0.574,4
0.288,0.551,0
0.47,0.755,0
1.011,0.557,4
1.009,0.461,2
0.541,0.037,3
0.074,0.769,0
0.405,0.781,0
0.952,0.514,1
0.547,0.133,3
0.949,0.558,1
0.489,0.076,3
0.99,0.553,4
0.045,0.77,0
0.011,0.825,0
1,0.518,2
1.073,0.587,4
0.426,0.778,0
0.49,0.041,3
0.003,0.734,0
0.1,0.802,0
0.975,0.559,4
0.278,0.48,0
0.22,0.512,0
1.029,0.568,4
0.112,0.716,0
0.295,0.483,0
0.501,0.739,0
0.897,0.551,1
0.914,0.586,1
0.035,0.775,0
0.288,0.509,0
0.494,0.079,3
0.522,0.064,3
0.467,0.713,0
0.489,0.062,3
0.443,0.754,0
0.429,0.757,0
0.415,0.764,0
0.381,0.692,0
0.947,0.519,1
0.974,0.54,1
0.539,0.092,3
0.265,0.481,0
0.164,0.777,0
1.073,0.558,4
0.513,0.757,0
0.986,0.48,2
0.263,0.494,0
0.426,0.715,0
0.997,0.571,4
0.249,0.486,0
0.484,0.056,3
0.495,0.141,3
0.987,0.604,4
0.311,0.596,0
0.087,0.815,0
0.547,0.106,3
0.333,0.388,0
0.482,0.701,0
0.13,0.811,0
0.952,0.548,1
0.087,0.759,0
0.066,0.812,0
0.98,0.498,2
0.066,0.815,0
0.482,0.062,3
0.475,0.677,0
0.489,0.083,3
0.515,0.128,3
0.398,0.695,0
0.921,0.557,1
0.942,0.607,4
0.24,0.47,0
0.946,0.509,1
0.475,0.684,0
0.027,0.843,0
0.222,0.468,0
0.216,0.481,0
0.378,0.667,0
0.044,0.776,0
0.509,0.055,3
0.471,0.052,3
0.405,0.803,0
0.119,0.758,0
0.43,0.71,0
1.018,0.612,4
0.197,0.555,0
1.013,0.582,4
0.478,0.071,3
0.911,0.496,1
0.485,0.042,3
1.018,0.511,2
0.153,0.784,0
0.453,0.733,0
0.358,0.559,0
0.283,0.472,0
0.913,0.572,1
0.065,0.794,0
0.549,0.135,3
0.443,0.765,0
0.285,0.59,0
0.439,0.703,0
0.076,0.741,0
0.498,0.015,3
0.953,0.522,1
1.004,0.603,4
0.332,0.48,0
0.526,0.13,3
0.074,0.742,0
0.474,0.656,0
0.484,0.036,3
0.983,0.482,2
0.535,0.14,3
0.272,0.463,0
0.166,0.872,0
0.986,0.482,2
0.953,0.625,4
0.435,0.725,0
0.25,0.45,0
0.923,0.559,1
0.975,0.509,2
0.504,0.09,3
0.106,0.731,0
0.436,0.649,0
0.994,0.517,2
0.494,0.06,3
0.415,0.693,0
0.071,0.783,0
0.201,0.485,0
0.508,0.706,0
0.947,0.501,1
0.475,0.02,3
0.433,0.017,3
0.457,0.064,3
0.285,0.517,0
0.459,0.111,3
0.983,0.539,4
0.421,0.81,0
0.5,0.082,3
0.398,0.678,0
0.525,0.677,0
0.509,0.056,3
0.532,0.022,3
0.43,0.71,0
0.999,0.542,4
0.212,0.553,0
0.103,0.753,0
0.301,0.485,0
0.993,0.554,4
0.049,0.839,0
0.026,0.809,0
0.408,0.528,0
0.04,0.685,0
0.119,0.781,0
1.002,0.528,2
0.058,0.793,0
1.03,0.538,2
0.488,0.049,3
0.284,0.538,0
0.465,0.686,0
0.08,0.741,0
0.494,0.036,3
0.218,0.505,0
0.456,0.661,0
0.297,0.574,0
1.052,0.571,4
0.461,0.735,0
0.506,0.009,3
0.474,0.124,3
0.494,0.061,3
0.283,0.512,0
0.952,0.612,4
0.996,0.506,2
0.971,0.513,2
0.132,0.767,0
0.403,0.695,0
0.41,0.737,0
0.437,0.71,0
0.531,0.055,3
0.416,0.748,0
0.478,0.083,3
0.092,0.796,0
0.279,0.545,0
0.517,0.107,3
0.451,0.721,0
0.055,0.846,0
0.067,0.798,0
0.082,0.702,0
0.983,0.488,2
0.434,0.768,0
0.97,0.577,4
0.404,0.693,0
0.24,0.477,0
0.244,0.507,0
0.27,0.451,0
0.414,0.68,0
1.005,0.568,4
0.219,0.468,0
0.244,0.447,0
0.439,0.845,0
0.473,0.035,3
0.251,0.528,0
0.425,0.073,3
0.978,0.512,2
0.038,0.782,0
1.031,0.576,4
0.433,0.69,0
0.319,0.475,0
0.507,0.743,0
0.057,0.702,0
0.48,0.099,3
0.517,0.7,0
0.473,0.701,0
0.071,0.768,0
0.532,0.1,3
0.047,0.703,0
0.141,0.841,0
0.496,0.75,0
0.249,0.582,0
0.982,0.547,4
0.282,0.457,0
0.475,0.061,3
0.557,0.086,3
0.036,0.741,0
0.955,0.533,1
0.505,0.067,3
0.475,0.011,3
0.481,0.05,3
0.331,0.522,0
0.295,0.497,0
0.089,0.783,0
0.143,0.777,0
0.173,0.483,0
0.461,0.664,0
0.227,0.485,0
0.484,0.093,3
0.436,0.745,0
0.441,0.627,0
0.97,0.505,2
0.476,0.094,3
1.019,0.547,4
0.4,0.711,0
0.125,0.753,0
0.402,0.032,3
0.257,0.504,0
0.192,0.478,0
0.043,0.758,0
0.481,0.074,3
0.132,0.681,0
0.02,0.754,0
0.433,0.724,0
0.415,0.694,0
0.945,0.526,1
0.963,0.501,2
0.971,0.578,4
0.979,0.582,4
0.097,0.82,0
0.387,0.731,0
0.957,0.573,4
0.282,0.489,0
0.501,0.068,3
0.334,0.473,0
0.289,0.487,0
0.957,0.577,4
0.195,0.44,0
0.067,0.791,0
0.948,0.594,4
0.473,0.057,3
0.484,0.075,3
0.543,0.06,3
0.883,0.578,1
1.07,0.57,4
0.097,0.78,0
0.09,0.718,0
0.471,0.706,0
0.413,0.733,0
0.419,0.777,0
0.121,0.774,0
0.431,0.741,0
0.557,0.063,3
0.973,0.501,2
1.001,0.605,4
0.502,0.096,3
0.461,0.743,0
0.543,0.046,3
0.909,0.49,1
0.084,0.832,0
0.94,0.541,1
0.528,0.061,3
0.221,0.593,0
0.239,0.504,0
0.513,0.153,3
0.895,0.519,1
0.455,0.734,0
0.279,0.458,0
0.464,0.076,3
0.514,0.03,3
0.039,0.77,0
0.029,0.813,0
0.517,0.079,3
0.065,0.777,0
0.379,0.739,0
0.442,0.728,0
0.229,0.47,0
0.506,0.092,3
0.962,0.537,1
0.48,0.003,3
0.023,0.791,0
0.311,0.509,0
0.461,0.73,0
0.969,0.498,2
0.464,0.716,0
0.086,0.769,0
0.073,0.793,0
0.458,0.649,0
0.262,0.442,0
0.954,0.513,1
0.516,0.045,3
0.542,0.005,3
0.531,0.074,3
0.242,0.484,0
1.008,0.606,4
0.314,0.471,0
1.079,0.51,2
0.913,0.559,1
0.054,0.743,0
0.461,0.628,0
0.466,0.072,3
0.055,0.783,0
0.997,0.607,4
0.377,0.712,0
0.406,0.033,3
0.029,0.755,0
0.51,0.76,0
0.989,0.475,2
0.319,0.448,0
0.503,0.79,0
0.448,0.723,0
0.059,0.711,0
0.234,0.465,0
0.241,0.449,0
0.274,0.464,0
1.002,0.635,4
0.473,0.036,3
0.542,0.107,3
0.294,0.486,0
0.004,0.821,0
0.424,0.733,0
0.513,0.086,3
0.09,0.766,0
0.504,0.134,3
0.292,0.441,0
0.06,0.72,0
0.506,0.057,3
0.916,0.582,1
0.319,0.483,0
0.077,0.808,0
0.122,0.761,0
0.089,0.785,0
0.471,0.671,0
0.057,0.8,0
1.068,0.569,4
0.454,0.123,3
0.541,0.029,3
1.046,0.501,2
0.462,0.73,0
0.938,0.507,1
0.505,0.688,0
0.462,0.083,3
0.503,0.032,3
0.973,0.48,2
0.48,0.675,0
0.288,0.512,0
0.155,0.774,0
0.352,0.7,0
0.264,0.482,0
1.019,0.549,4
0.997,0.544,4
0.942,0.544,1
0.101,0.837,0
0.249,0.56,0
0.085,0.796,0
1.027,0.53,2
0.41,0.803,0
0.258,0.499,0
0.207,0.494,0
0.427,0.716,0
0.458,0.755,0
0.136,0.802,0
0.274,0.47,0
0.448,0.066,3
0.084,0.75,0
1.005,0.578,4
0.213,0.5,0
1.004,0.536,2
0.285,0.544,0
1.032,0.531,2
0.255,0.509,0
0.492,0.127,3
0.404,0.741,0
0.081,0.681,0
1.007,0.526,2
0.14,0.77,0
0.231,0.572,0
0.222,0.516,0
0.057,0.821,0
0.103,0.792,0
0.248,0.463,0
0.54,0.058,3
0.544,0.071,3
0.502,0.113,3
0.422,0.746,0
0.243,0.529,0
0.067,0.845,0
0.082,0.769,0
1.042,0.547,4
0.29,0.59,0
0.438,0.668,0
0.388,0.693,0
1.031,0.528,2
0.998,0.487,2
0.525,0.032,3
0.986,0.566,4
0.426,0.674,0
0.053,0.727,0
0.044,0.803,0
0.479,0.636,0
0.964,0.544,1
0.279,0.509,0
0.401,0.783,0
0.12,0.753,0
0.342,0.769,0
0.534,0.092,3
0.103,0.801,0
0.991,0.587,4
0.503,0.044,3
0.979,0.527,2
0.972,0.528,1
0.384,0.721,0
0.426,0.693,0
0.501,0.052,3
1.063,0.569,4
0.323,0.504,0
0.946,0.625,4
0.284,0.436,0
0.548,0.097,3
0.986,0.616,4
0.36,0.617,0
0.292,0.488,0
0.364,0.77,0
0.986,0.518,2
0.531,0.134,3
0.582,0.178,3
0.084,0.773,0
0.359,0.709,0
1.011,0.591,4
0.248,0.529,0
0.461,0.018,3
0.475,0.015,3
0.117,0.831,0
0.234,0.494,0
0.465,0.004,3
0.545,0.054,3
0.95,0.524,1
0.303,0.45,0
0.247,0.53,0
0.058,0.776,0
0.428,0.77,0
0.536,0.058,3
0.577,0.097,3
0.285,0.548,0
0.983,0.546,4
0.112,0.736,0
0.422,0.801,0
0.894,0.504,1
0.518,0.035,3
0.042,0.795,0
0.035,0.74,0
0.312,0.44,0
0.157,0.802,0
0.311,0.569,0
0.929,0.547,1
0.407,0.719,0
0.967,0.517,1
0.503,0.065,3
0.047,0.823,0
0.995,0.617,4
0.916,0.595,1
0.432,0.064,3
0.935,0.488,1
0.921,0.519,1
0.352,0.782,0
0.297,0.509,0
0.031,0.812,0
0.365,0.799,0
0.897,0.617,1
0.507,0.096,3
1.022,0.518,2
0.475,0.724,0
0.455,0.735,0
0.095,0.773,0
0.28,0.529,0
0.372,0.704,0
0.198,0.496,0
0.434,0.696,0
0.256,0.513,0
0.964,0.556,1
0.115,0.836,0
0.049,0.773,0
0.27,0.561,0
0.51,0.091,3
0.933,0.503,1
0.975,0.563,4
0.113,0.758,0
0.468,0.092,3
0.068,0.763,0
0.002,0.841,0
0.112,0.78,0
0.997,0.593,4
0.899,0.576,1
0.379,0.689,0
0.434,0.722,0
0.033,0.761,0
0.413,0.687,0
0.556,0.021,3
0.476,0.096,3
0.466,0.027,3
0.078,0.815,0
0.389,0.752,0
0.327,0.446,0
0.033,0.825,0
0.949,0.525,1
0.442,0.71,0
0.98,0.524,2
0.237,0.538,0
0.312,0.48,0
1.002,0.529,2
0.458,0.746,0
1.062,0.553,4
0.964,0.504,2
0.307,0.489,0
0.505,0.714,0
0.401,0.714,0
1.066,0.568,4
0.529,0.114,3
0.005,0.7,0
0.561,0.059,3
0.221,0.554,0
0.98,0.535,2
0.996,0.536,2
0.967,0.493,2
1.006,0.551,4
0.922,0.573,1
0.997,0.524,2
0.262,0.466,0
0.403,0.746,0
0.414,0.778,0
0.44,0.755,0
0.489,0.01,3
0.401,0.669,0
0.507,0.084,3
0.271,0.46,0
0.972,0.603,4
0.976,0.516,2
0.393,0.758,0
0.988,0.521,2
0.487,0.771,0
0.576,0.031,3
0.913,0.519,1
0.462,0.69,0
0.224,0.516,0
0.969,0.511,2
0.129,0.75,0
0.508,0.737,0
0.439,0.699,0
1.01,0.549,4
0.987,0.5,2
0.06,0.808,0
0.466,0.679,0
0.529,0.061,3
0.586,0.028,3
0.287,0.435,0
0.572,0.084,3
0.949,0.521,1
0.97,0.547,1
0.231,0.519,0
0.084,0.727,0
0.281,0.547,0
1.003,0.515,2
0.134,0.761,0
0.262,0.541,0
1.027,0.575,4
1.001,0.514,2
0.419,0.646,0
0.027,0.737,0
0.512,0.043,3
0.568,0.029,3
0.505,0.009,3
0.203,0.556,0
0.266,0.448,0
0.483,0.779,0
0.199,0.559,0
0.442,0.096,3
0.972,0.512,2
0.218,0.505,0
0.518,0.064,3
0.949,0.58,4
0.98,0.56,4
0.059,0.834,0
0.949,0.506,1
0.963,0.548,1
0.441,0.095,3
0.531,0.02,3
0.291,0.559,0
0.254,0.481,0
0.475,0.677,0
0.102,0.72,0
0.449,0.699,0
0.541,0.108,3
0.402,0.682,0
0.47,0.06,3
0.038,0.781,0
0.959,0.481,2
1.023,0.578,4
0.265,0.456,0
0.11,0.811,0
0.447,0.666,0
0.915,0.576,1
0.375,0.73,0
0.924,0.512,1
0.476,0.725,0
0.972,0.531,1
0.453,0.012,3
0.07,0.763,0
0.257,0.509,0
0.529,0.03,3
1.01,0.563,4
0.56,0.131,3
0.503,0.146,3
0.461,0.111,3
0.098,0.796,0
0.44,0.84,0
0.229,0.491,0
1.086,0.546,4
0.386,0.66,0
0.263,0.501,0
0.51,0.08,3
0.489,0.135,3
0.057,0.75,0
0.054,0.759,0
0.387,0.746,0
0.454,0.081,3
0.425,0.691,0
0.879,0.579,1
0.111,0.8,0
0.956,0.58,4
0.976,0.509,2
0.014,0.778,0
0.945,0.546,1
0.064,0.737,0
0.947,0.549,1
0.325,0.567,0
0.231,0.545,0
0.385,0.787,0
0.46,0.142,3
0.503,0.721,0
0.99,0.445,2
0.526,0.065,3
0.494,0.085,3
0.084,0.684,0
0.499,0.007,3
0.083,0.742,0
0.475,0.727,0
0.972,0.552,4
0.266,0.531,0
0.066,0.729,0
0.523,0.083,3
0.481,0.102,3
0.234,0.475,0
0.923,0.48,1
0.264,0.433,0
0.962,0.54,1
0.967,0.558,4
0.046,0.716,0
0.56,0.047,3
0.229,0.512,0
0.962,0.469,2
0.55,0.102,3
0.05,0.758,0
0.454,0.07,3
0.883,0.58,1
0.371,0.706,0
1.002,0.506,2
0.968,0.513,2
0.233,0.616,0
0.303,0.448,0
0.546,0.12,3
0.525,0.74,0
0.527,0.073,3
0.445,0.775,0
0.511,0.076,3
0.476,0.12,3
0.012,0.795,0
0.046,0.752,0
0.947,0.522,1
0.155,0.541,0
0.384,0.666,0
0.463,0.705,0
0.495,0.098,3
0.037,0.781,0
0.446,0.719,0
1.022,0.513,2
0.43,0.59,0
0.289,0.569,0
0.223,0.479,0
0.518,0.052,3
0.057,0.684,0
0.387,0.789,0
0.269,0.553,0
0.114,0.785,0
0.248,0.524,0
0.044,0.789,0
0.99,0.535,2
0.33,0.481,0
1.048,0.511,2
0.081,0.825,0
0.274,0.547,0
0.601,0.067,3
0.413,0.738,0
0.063,0.795,0
0.33,0.468,0
0.26,0.487,0
0.035,0.803,0
0.085,0.904,0
0.392,0.756,0
0.072,0.853,0
0.511,0.713,0
0.247,0.459,0
0.134,0.82,0
0.263,0.601,0
0.313,0.492,0
0.509,0.095,3
0.218,0.496,0
0.508,0.756,0
0.994,0.497,2
0.444,0.711,0
0.085,0.843,0
0.486,0.051,3
0.023,0.744,0
0.079,0.733,0
0.472,0.734,0
0.96,0.549,1
0.48,0.78,0
0.071,0.811,0
0.064,0.724,0
1.026,0.501,2
0.998,0.576,4
0.939,0.593,1
0.39,0.699,0
0.609,0.023,3
0.311,0.495,0
0.316,0.464,0
0.984,0.573,4
0.263,0.495,0
0.448,0.007,3
0.528,0.742,0
0.45,0.731,0
1.041,0.535,2
0.096,0.784,0
0.077,0.816,0
0.248,0.488,0
0.22,0.489,0
0.41,0.699,0
0.514,0.104,3
1.002,0.582,4
0.062,0.752,0
0.519,0.058,3
0.128,0.686,0
0.515,0.04,3
0.259,0.444,0
0.249,0.552,0
0.067,0.877,0
0.502,0.005,3
0.247,0.504,0
0.521,0.045,3
0.972,0.549,4
0.167,0.754,0
0.95,0.505,1
0.493,0.035,3
0.423,0.044,3
0.318,0.526,0
0.062,0.79,0
0.122,0.784,0
0.466,0.072,3
0.953,0.533,1
0.076,0.763,0
0.946,0.534,1
0.527,0.071,3
0.437,0.047,3
0.243,0.447,0
0.081,0.82,0
0.933,0.537,1
0.202,0.598,0
0.461,0.71,0
0.487,0.117,3
0.502,0.122,3
0.417,0.644,0
0.24,0.456,0
0.089,0.738,0
0.965,0.558,4
0.478,0.722,0
0.112,0.787,0
0.294,0.483,0
0.506,0.104,3
0.505,0.042,3
0.431,0.059,3
0.053,0.76,0
1.019,0.484,2
0.006,0.803,0
0.46,0.075,3
0.505,0.098,3
0.088,0.752,0
0.465,0.634,0
0.25,0.504,0
1.004,0.535,2
0.103,0.743,0
0.472,0.095,3
0.246,0.581,0
0.971,0.604,4
0.503,0.107,3
0.463,0.718,0
0.994,0.554,4
0.263,0.521,0
0.97,0.537,1
0.467,0.004,3
0.437,0.745,0
0.07,0.784,0
0.104,0.791,0
0.407,0.727,0
0.435,0.67,0
0.595,0.062,3
0.104,0.803,0
0.462,0.136,3
0.156,0.74,0
0.268,0.466,0
0.235,0.513,0
0.281,0.478,0
0.011,0.844,0
0.059,0.801,0
0.489,0.065,3
0.526,0.128,3
0.065,0.792,0
0.092,0.807,0
0.548,0.052,3
0.27,0.489,0
0.981,0.542,4
0.424,0.733,0
0.21,0.505,0
0.259,0.46,0
0.999,0.521,2
0.069,0.777,0
0.448,0.082,3
0.447,0.718,0
0.47,0.041,3
0.288,0.486,0
0.243,0.502,0
0.554,0.05,3
0.973,0.569,4
0.052,0.693,0
0.235,0.485,0
0.315,0.493,0
0.383,0.759,0
0.231,0.529,0
0.112,0.801,0
0.511,0.139,3
0.481,0.017,3
0.284,0.5,0
0.445,0.068,3
1.055,0.525,2
0.397,0.741,0
0.253,0.476,0
0.453,0.71,0
0.353,0.774,0
0.474,0.675,0
0.434,0.771,0
0.056,0.9,0
0.469,0.115,3
0.401,0.671,0
0.511,0.105,3
0.54,0.082,3
0.994,0.507,2
0.923,0.561,1
0.525,0.117,3
0.425,0.024,3
0.376,0.716,0
0.057,0.735,0
0.957,0.531,1
0.506,0.075,3
0.486,0.744,0
0.435,0.742,0
0.133,0.834,0
0.514,0.053,3
0.962,0.542,1
0.29,0.489,0
0.446,0.101,3
0.416,0.755,0
0.321,0.485,0
0.407,0.668,0
0.441,0.751,0
0.448,0.77,0
1.016,0.568,4
1.033,0.493,2
0.53,0.124,3
0.042,0.802,0
0.95,0.493,1
0.075,0.788,0
0.006,0.79,0
0.493,0.124,3
0.936,0.55,1
0.078,0.713,0
0.309,0.456,0
0.414,0.072,3
0.435,0.666,0
0.397,0.722,0
0.499,0.752,0
0.109,0.774,0
0.365,0.642,0
1.044,0.461,2
0.17,0.51,0
0.513,0.013,3
0.006,0.802,0
0.271,0.567,0
0.073,0.805,0
0.541,0.07,3
0.458,0.663,0
0.973,0.636,4
0.426,0.747,0
0.564,0.079,3
0.062,0.702,0
0.961,0.532,1
0.398,0.693,0
0.117,0.792,0
1.08,0.502,2
0.556,0.641,0
0.234,0.458,0
0.127,0.765,0
0.434,0.638,0
0.563,0.071,3
0.465,0.065,3
0.486,0.74,0
0.439,0.036,3
0.126,0.755,0
0.272,0.461,0
0.427,0.123,3
0.487,0.019,3
0.965,0.56,4
0.405,0.669,0
0.976,0.541,4
0.115,0.777,0
0.486,0.096,3
0.474,0.152,3
1.004,0.552,4
0.958,0.543,1
0.055,0.741,0
0.53,0.136,3
0.333,0.489,0
0.977,0.518,2
0.27,0.57,0
0.963,0.639,4
1.012,0.535,2
0.43,0.696,0
0.961,0.562,1
0.456,0.112,3
0.106,0.733,0
0.925,0.482,1
0.449,0.065,3
0.285,0.497,0
0.53,0.087,3
0.419,0.769,0
0.971,0.494,2
0.004,0.744,0
0.135,0.748,0
0.254,0.592,0
1.026,0.526,2
1.048,0.546,4
1.009,0.57,4
0.279,0.476,0
0.521,0.055,3
0.291,0.469,0
0.924,0.586,1
0.062,0.796,0
0.942,0.598,4
0.432,0.696,0
0.105,0.839,0
0.104,0.809,0
0.088,0.797,0
0.006,0.803,0
0.984,0.612,4
0.454,0.77,0
0.271,0.566,0
0.069,0.765,0
0.515,0.014,3
0.342,0.533,0
0.505,0.128,3
0.073,0.812,0
0.276,0.481,0
0.229,0.444,0
0.43,0.819,0
0.964,0.556,1
0.038,0.785,0
0.262,0.452,0
0.971,0.533,1
0.945,0.532,1
0.455,0.7,0
0.487,0.125,3
0.496,0.073,3
0.124,0.674,0
0.04,0.818,0
0.433,0.682,0
0.294,0.448,0
0.439,0.686,0
0.478,0.032,3
0.482,0.117,3
0.294,0.518,0
0.469,0.066,3
0.053,0.79,0
1.016,0.593,4
0.463,0.087,3
0.326,0.455,0
0.525,0.122,3
0.439,0.031,3
0.962,0.478,2
0.925,0.555,1
0.543,0.054,3
0.957,0.494,2
0.453,0.694,0
0.57,0.089,3
0.07,0.77,0
0.459,0.786,0
0.214,0.464,0
0.27,0.503,0
0.947,0.486,1
0.141,0.842,0
0.466,0.786,0
0.565,0.013,3
0.524,0.006,3
0.453,0.113,3
0.056,0.772,0
0.127,0.8,0
0.989,0.657,4
0.236,0.516,0
0.491,0.113,3
0.562,0.085,3
0.173,0.783,0
0.327,0.54,0
0.1,0.844,0
1.025,0.53,2
0.426,0.694,0
0.461,0.696,0
0.501,0.11,3
0.318,0.499,0
1.033,0.515,2
0.069,0.765,0
0.273,0.576,0
0.054,0.734,0
0.544,0.11,3
0.462,0.726,0
0.846,0.449,1
0.535,0.103,3
0.471,0.717,0
0.479,0.689,0
0.094,0.775,0
1.003,0.576,4
0.548,0.058,3
0.439,0.091,3
0.439,0.078,3
0.449,0.731,0
0.162,0.74,0
0.066,0.812,0
0.279,0.544,0
0.079,0.733,0
0.477,0.625,0
0.431,0.717,0
0.478,0.759,0
0.284,0.475,0
0.062,0.837,0
0.561,0.023,3
0.235,0.494,0
0.284,0.563,0
0.132,0.694,0
0.272,0.431,0
0.41,0.704,0
0.242,0.489,0
0.397,0.069,3
1.049,0.491,2
0.571,0.032,3
0.484,0.038,3
0.241,0.509,0
0.984,0.575,4
0.323,0.446,0
0.509,0.128,3
1.014,0.596,4
0.955,0.524,1
0.283,0.459,0
0.514,0.06,3
0.305,0.52,0
0.907,0.544,1
0.38,0.63,0
0.5,0.085,3
0.135,0.753,0
0.375,0.763,0
0.427,0.717,0
0.299,0.511,0
0.024,0.797,0
0.462,0.795,0
0.098,0.819,0
1.004,0.579,4
0.451,0.74,0
0.902,0.503,1
0.498,0.095,3
0.13,0.79,0
0.489,0.806,0
0.324,0.52,0
1.091,0.514,2
0.948,0.564,1
0.468,0.091,3
0.501,0.058,3
0.404,0.751,0
0.987,0.503,2
0.123,0.825,0
0.51,0.138,3
0.233,0.506,0
0.243,0.442,0
0.958,0.48,2
0.999,0.59,4
0.967,0.557,4
0.964,0.552,1
0.291,0.556,0
0.479,0.726,0
0.444,0.691,0
0.989,0.55,4
0.312,0.492,0
0.042,0.798,0
0.287,0.56,0
1.03,0.561,4
0.162,0.758,0
0.433,0.693,0
0.47,0.049,3
0.937,0.527,1
1.003,0.587,4
0.097,0.888,0
0.482,0.07,3
0.962,0.554,1
0.331,0.496,0
0.418,0.674,0
0.239,0.466,0
0.051,0.831,0
0.422,0.741,0
0.998,0.524,2
0.001,0.793,0
0.966,0.511,2
0.287,0.484,0
1.02,0.533,2
1.025,0.494,2
0.09,0.724,0
0.085,0.72,0
0.31,0.455,0
0.43,0.674,0
0.053,0.795,0
0.912,0.494,1
0.962,0.511,1
1.007,0.559,4
0.458,0.717,0
0.962,0.492,2
0.469,0.721,0
0.07,0.764,0
0.432,0.726,0
0.534,0.023,3
0.463,0.802,0
1.033,0.592,4
0.325,0.504,0
0.453,0.764,0
0.085,0.738,0
0.058,0.777,0
0.341,0.475,0
0.12,0.783,0
1.021,0.554,4
1.004,0.591,4
0.983,0.49,2
0.105,0.843,0
0.481,0.737,0
0.225,0.446,0
0.468,0.096,3
0.347,0.789,0
0.483,0.092,3
0.13,0.791,0
0.989,0.471,2
0.437,0.689,0
0.02,0.753,0
0.976,0.561,4
0.437,0.776,0
0.254,0.463,0
0.286,0.556,0
0.511,0.04,3
0.455,0.713,0
0.434,0.709,0
0.455,0.678,0
0.414,0.036,3
0.049,0.757,0
0.283,0.529,0
0.262,0.555,0
0.516,0.104,3
0.329,0.478,0
0.071,0.754,0
0.462,0.74,0
0.29,0.512,0
0.187,0.827,0
0.497,0.134,3
0.04,0.69,0
0.552,0.02,3
0.525,0.066,3
0.087,0.792,0
0.129,0.838,0
0.014,0.785,0
0.488,0.713,0
0.251,0.547,0
0.264,0.546,0
0.15,0.779,0
0.44,0.781,0
0.506,0.05,3
0.032,0.743,0
0.461,0.103,3
0.546,0.009,3
0.474,0.085,3
0.454,0.778,0
0.122,0.8,0
0.088,0.779,0
0.034,0.781,0
0.023,0.806,0
0.237,0.5,0
0.367,0.722,0
0.48,0.162,3
0.522,0.138,3
0.075,0.793,0
0.488,0.721,0
0.052,0.802,0
0.952,0.54,1
0.964,0.539,1
0.356,0.504,0
0.939,0.58,1
0.109,0.7,0
0.084,0.78,0
0.532,0.03,3
0.538,0.028,3
0.251,0.478,0
0.394,0.742,0
0.462,0.779,0
0.035,0.804,0
0.532,0.068,3
1.002,0.582,4
0.917,0.543,1
0.928,0.528,1
0.422,0.697,0
0.222,0.524,0
0.068,0.776,0
0.971,0.501,2
0.076,0.764,0
1.002,0.524,2
0.075,0.795,0
0.459,0.75,0
1.003,0.468,2
0.946,0.529,1
0.934,0.448,2
0.425,0.639,0
0.174,0.438,0
0.298,0.517,0
0.321,0.435,0
0.579,0.092,3
1.022,0.538,2
0.529,0.06,3
0.943,0.546,1
0.574,0.08,3
0.415,0.709,0
0.254,0.488,0
0.092,0.794,0
0.49,0.72,0
0.472,0.706,0
1.067,0.537,2
0.073,0.773,0
0.245,0.502,0
0.088,0.771,0
0.531,0.125,3
0.04,0.733,0
0.471,0.647,0
0.305,0.485,0
1.001,0.565,4
0.932,0.624,4
0.303,0.517,0
0.458,0.741,0
0.497,0.08,3
0.993,0.565,4
0.406,0.709,0
0.019,0.731,0
0.447,0.734,0
0.525,0.068,3
0.323,0.519,0
1.056,0.53,2
0.302,0.551,0
0.507,0.087,3
0.954,0.478,2
0.392,0.721,0
0.997,0.542,4
0.481,0.725,0
0.485,0.783,0
0.377,0.686,0
0.014,0.681,0
0.461,0.102,3
0.952,0.548,1
0.984,0.501,2
0.294,0.476,0
0.351,0.494,0
0.246,0.563,0
0.093,0.814,0
0.528,0.035,3
0.408,0.693,0
0.371,0.754,0
0.475,0.025,3
0.43,0.725,0
1.001,0.514,2
0.303,0.508,0
0.076,0.784,0
0.33,0.466,0
0.587,0.073,3
0.516,0.08,3
0.417,0.692,0
0.282,0.526,0
0.228,0.528,0
0.455,0.704,0
0.085,0.777,0
0.949,0.57,1
0.494,0.064,3
0.09,0.799,0
0.077,0.748,0
0.534,0.071,3
0.536,0.116,3
0.084,0.744,0
0.193,0.774,0
0.351,0.495,0
0.466,0.087,3
0.437,0.668,0
0.316,0.411,0
0.968,0.506,2
0.07,0.784,0
1.008,0.496,2
0.967,0.518,1
0.08,0.828,0
0.119,0.831,0
0.241,0.546,0
0.511,0.762,0
0.306,0.538,0
0.146,0.802,0
0.27,0.488,0
0.939,0.533,1
0.569,0.02,3
0.467,0.071,3
0.973,0.488,2
0.096,0.714,0
0.468,0.079,3
0.25,0.531,0
0.436,0.023,3
0.967,0.627,4
0.281,0.451,0
0.997,0.569,4
0.331,0.494,0
1.05,0.617,4
0.929,0.535,1
0.413,0.722,0
0.308,0.502,0
0.1,0.791,0
0.48,0.054,3
1.054,0.557,4
0.047,0.806,0
0.456,0.679,0
0.956,0.556,1
0.972,0.556,4
0.475,0.049,3
1.011,0.519,2
0.014,0.811,0
0.999,0.562,4
0.156,0.757,0
0.239,0.483,0
0.484,0.014,3
0.235,0.554,0
0.025,0.78,0
0.093,0.743,0
0.551,0.107,3
0.429,0.754,0
0.481,0.045,3
0.46,0.736,0
0.013,0.792,0
0.233,0.482,0
0.367,0.663,0
0.455,0.748,0
1.014,0.534,2
0.029,0.742,0
0.979,0.461,2
0.907,0.598,1
0.274,0.451,0
0.968,0.581,4
0.438,0.686,0
0.418,0.743,0
0.946,0.474,1
0.441,0.732,0
0.973,0.493,2
0.417,0.137,3
0.099,0.76,0
0.967,0.412,2
0.106,0.737,0
0.513,0.066,3
0.593,0.064,3
0.209,0.539,0
0.502,0.051,3
0.032,0.738,0
0.124,0.786,0
0.472,0.712,0
1.032,0.558,4
0.39,0.682,0
0.287,0.481,0
0.56,0.096,3
0.256,0.573,0
0.099,0.703,0
0.393,0.757,0
1.061,0.557,4
0.535,0.07,3
0.978,0.491,2
0.956,0.552,1
1.022,0.501,2
0.277,0.496,0
1.014,0.56,4
0.235,0.489,0
0.468,0.652,0
0.986,0.575,4
0.344,0.531,0
0.382,0.662,0
0.054,0.751,0
0.497,0.121,3
0.223,0.519,0
0.022,0.806,0
0.45,0.775,0
0.433,0.702,0
0.275,0.489,0
0.141,0.831,0
0.529,0.085,3
0.513,0.105,3
0.253,0.6,0
0.528,0.052,3
0.073,0.871,0
0.467,0.71,0
1.008,0.535,2
0.161,0.778,0
0.972,0.427,2
0.263,0.527,0
0.977,0.554,4
0.462,0.819,0
0.224,0.509,0
0.45,0.101,3
0.45,0.667,0
0.471,0.015,3
0.976,0.497,2
0.246,0.498,0
1.054,0.594,4
0.141,0.771,0
0.425,0.725,0
0.236,0.51,0
0.511,0.085,3
0.501,0.085,3
1.103,0.587,4
0.576,0.064,3
0.025,0.776,0
0.226,0.486,0
0.033,0.741,0
0.294,0.455,0
0.458,0.671,0
0.965,0.539,1
0.542,0.092,3
0.455,0.054,3
0.459,0.063,3
0.416,0.738,0
0.994,0.499,2
0.233,0.474,0
0.42,0.709,0
0.425,0.717,0
0.084,0.853,0
0.451,0.729,0
0.434,0.651,0
0.065,0.769,0
0.219,0.498,0
0.248,0.46,0
0.429,0.726,0
0.075,0.84,0
0.052,0.796,0
0.296,0.477,0
0.289,0.507,0
0.243,0.43,0
0.546,0.094,3
0.392,0.686,0
0.278,0.519,0
0.96,0.505,1
0.443,0.715,0
0.131,0.797,0
0.267,0.513,0
0.258,0.491,0
0.386,0.697,0
0.995,0.532,2
0.544,0.082,3
0.125,0.798,0
0.412,0.676,0
0.255,0.464,0
0.373,0.768,0
0.971,0.498,2
0.327,0.716,0
0.484,0.097,3
0.251,0.461,0
0.258,0.486,0
0.001,0.785,0
0.478,0.077,3
0.475,0.062,3
0.116,0.859,0
0.467,0.062,3
0.078,0.762,0
0.107,0.718,0
1.003,0.492,2
0.101,0.81,0
0.09,0.82,0
0.987,0.523,2
0.522,0.085,3
0.246,0.544,0
0.288,0.494,0
0.389,0.723,0
0.985,0.518,2
0.107,0.725,0
0.078,0.806,0
0.268,0.544,0
0.358,0.59,0
0.522,0.699,0
0.984,0.571,4
0.026,0.8,0
1.031,0.575,4
0.476,0.626,0
0.006,0.773,0
0.349,0.497,0
0.237,0.514,0
0.328,0.517,0
0.985,0.505,2
0.109,0.763,0
0.925,0.58,1
0.58,0.082,3
0.484,0.047,3
0.067,0.818,0
0.273,0.489,0
0.259,0.533,0
0.119,0.814,0
0.999,0.584,4
0.93,0.507,1
0.966,0.532,1
0.343,0.466,0
0.139,0.792,0
0.062,0.747,0
0.075,0.783,0
0.078,0.821,0
0.243,0.482,0
0.513,0.103,3
0.529,0.031,3
0.113,0.723,0
0.576,0.06,3
0.458,0.02,3
0.413,0.779,0
0.456,0.663,0
0.082,0.759,0
1.013,0.518,2
0.295,0.517,0
0.216,0.558,0
0.306,0.469,0
0.096,0.768,0
0.107,0.844,0
0.026,0.82,0
0.018,0.757,0
0.57,0.024,3
0.501,0.085,3
0.473,0.093,3
0.291,0.534,0
0.452,0.725,0
1.031,0.522,2
1.015,0.581,4
0.556,0.043,3
0.258,0.515,0
0.407,0.732,0
0.26,0.49,0
1.015,0.509,2
1.015,0.488,2
0.519,0.048,3
0.065,0.698,0
0.134,0.785,0
0.042,0.816,0
0.076,0.737,0
0.3,0.524,0
0.288,0.52,0
0.132,0.738,0
0.467,0.78,0
0.537,0.021,3
0.985,0.616,4
0.459,0.72,0
0.206,0.542,0
0.928,0.568,1
0.484,0.095,3
0.072,0.82,0
0.928,0.52,1
0.115,0.826,0
0.255,0.489,0
0.069,0.761,0
0.217,0.522,0
0.093,0.765,0
0.215,0.54,0
0.101,0.747,0
0.399,0.715,0
0.226,0.501,0
0.252,0.531,0
0.021,0.836,0
0.323,0.44,0
0.985,0.509,2
0.469,0.038,3
1.006,0.575,4
0.44,0.726,0
0.265,0.473,0
0.983,0.554,4
0.315,0.426,0
0.952,0.61,4
0.909,0.508,1
0.435,0.669,0
0.068,0.761,0
0.988,0.548,4
0.231,0.483,0
0.084,0.814,0
0.031,0.767,0
0.926,0.486,1
0.289,0.421,0
0.041,0.808,0
0.46,0.787,0
0.252,0.426,0
0.44,0.747,0
0.111,0.896,0
0.471,0.069,3
0.064,0.699,0
0.283,0.548,0
0.492,0.111,3
0.971,0.499,2
0.934,0.552,1
0.227,0.535,0
0.962,0.514,1
0.095,0.781,0
0.475,0.669,0
0.487,0.123,3
0.217,0.457,0
0.936,0.55,1
0.439,0.077,3
0.469,0.745,0
0.492,0.13,3
0.036,0.778,0
0.405,0.049,3
0.511,0.049,3
0.318,0.511,0
0.983,0.575,4
0.393,0.733,0
0.374,0.709,0
0.23,0.478,0
1.029,0.435,2
0.269,0.588,0
1.048,0.58,4
0.995,0.51,2
0.454,0.663,0
0.077,0.791,0
1.036,0.51,2
0.085,0.811,0
0.098,0.794,0
0.437,0.778,0
0.969,0.501,2
0.512,0.042,3
0.51,0.124,3
0.45,0.708,0
0.506,0.098,3
0.219,0.53,0
0.953,0.506,1
0.11,0.787,0
0.22,0.475,0
0.28,0.436,0
1.018,0.56,4
0.348,0.793,0
0.297,0.449,0
0.489,0.736,0
0.925,0.455,1
0.472,0.653,0
0.213,0.466,0
0.428,0.686,0
0.056,0.789,0
0.031,0.82,0
0.953,0.533,1
0.411,0.069,3
0.479,0.685,0
0.253,0.516,0
0.513,0.063,3
0.265,0.509,0
0.489,0.077,3
0.495,0.072,3
0.493,0.149,3
0.953,0.509,1
0.396,0.686,0
0.494,0.076,3
0.005,0.79,0
0.302,0.557,0
0.475,0.154,3
0.487,0.728,0
0.11,0.755,0
0.515,0.026,3
0.408,0.739,0
0.311,0.53,0
0.153,0.792,0
0.123,0.786,0
0.103,0.72,0
0.483,0.109,3
0.03,0.795,0
0.311,0.558,0
0.424,0.671,0
0.519,0.084,3
0.252,0.558,0
0.289,0.523,0
0.287,0.438,0
0.468,0.687,0
1.074,0.612,4
0.235,0.589,0
0.967,0.519,1
0.403,0.698,0
0.074,0.73,0
0.319,0.535,0
0.322,0.513,0
0.913,0.52,1
0.437,0.706,0
0.079,0.745,0
1.017,0.494,2
0.469,0.081,3
0.21,0.467,0
0.542,0.087,3
0.022,0.787,0
0.389,0.703,0
0.285,0.562,0
0.037,0.839,0
0.482,0.677,0
0.96,0.555,1
0.042,0.698,0
0.05,0.766,0
0.216,0.487,0
0.017,0.712,0
0.409,0.755,0
1.01,0.559,4
0.065,0.757,0
0.021,0.875,0
1.038,0.528,2
0.981,0.566,4
0.472,0.02,3
0.446,0.711,0
0.069,0.798,0
0.559,0.081,3
0.268,0.486,0
0.377,0.782,0
0.075,0.709,0
0.267,0.508,0
0.433,0.748,0
0.309,0.508,0
0.48,0.77,0
0.573,0.09,3
0.406,0.748,0
1.001,0.53,2
0.011,0.734,0
0.484,0.033,3
0.464,0.047,3
1.048,0.498,2
0.447,0.694,0
0.259,0.501,0
0.145,0.711,0
0.422,0.663,0
0.418,0.766,0
0.487,0.682,0
0.161,0.75,0
0.47,0.122,3
0.914,0.599,1
0.452,0.754,0
0.456,0.053,3
0.041,0.753,0
0.979,0.565,4
0.541,0.13,3
0.416,0.033,3
0.019,0.767,0
0.411,0.724,0
0.043,0.859,0
0.935,0.567,1
0.27,0.489,0
0.544,0.043,3
0.911,0.503,1
1.059,0.506,2
0.036,0.735,0
1.025,0.525,2
0.941,0.588,1
0.505,0.042,3
0.447,0.717,0
0.473,0.716,0
0.512,0.11,3
0.489,0.089,3
0.277,0.504,0
0.032,0.848,0
0.996,0.523,2
1.014,0.568,4
0.52,0.02,3
0.411,0.69,0
1.038,0.507,2
0.496,0.101,3
0.408,0.099,3
0.265,0.465,0
0.278,0.436,0
0.97,0.511,2
0.1,0.813,0
0.467,0.744,0
0.075,0.802,0
0.497,0.113,3
0.899,0.532,1
0.468,0.671,0
0.274,0.429,0
0.471,0.708,0
0.571,0.095,3
0.12,0.815,0
0.503,0.046,3
0.525,0.102,3
0.944,0.638,4
0.087,0.775,0
0.205,0.572,0
0.113,0.848,0
1.012,0.577,4
0.312,0.501,0
0.454,0.64,0
0.509,0.064,3
0.277,0.495,0
0.231,0.538,0
0.146,0.841,0
0.511,0.716,0
0.156,0.68,0
0.21,0.511,0
0.42,0.654,0
0.508,0.082,3
0.097,0.723,0
0.067,0.741,0
0.498,0.081,3
0.937,0.487,1
0.07,0.736,0
0.079,0.769,0
0.481,0.051,3
0.097,0.778,0
0.443,0.049,3
0.929,0.547,1
0.414,0.735,0
0.443,0.609,0
0.269,0.486,0
0.473,0.743,0
0.984,0.604,4
0.458,0.723,0
0.482,0.065,3
0.954,0.525,1
0.277,0.505,0
0.472,0.718,0
0.401,0.662,0
0.987,0.589,4
0.216,0.488,0
1.055,0.489,2
0.869,0.566,1
0.256,0.485,0
0.977,0.497,2
0.117,0.813,0
0.493,0.808,0
1.014,0.457,2
0.981,0.577,4
0.269,0.473,0
0.418,0.81,0
0.163,0.8,0
0.276,0.529,0
0.065,0.756,0
0.05,0.763,0
0.352,0.675,0
0.478,0.731,0
0.546,0.122,3
0.508,0.077,3
0.456,0.711,0
0.392,0.704,0
0.942,0.483,1
0.972,0.615,4
0.19,0.441,0
0.395,0.721,0
0.423,0.717,0
0.086,0.764,0
0.516,0.118,3
0.431,0.778,0
0.41,0.701,0
0.445,0.744,0
0.248,0.499,0
0.41,0.69,0
0.391,0.725,0
0.028,0.796,0
0.387,0.751,0
0.324,0.549,0
0.383,0.655,0
0.538,0.061,3
0.387,0.705,0
0.946,0.557,1
0.203,0.512,0
0.171,0.806,0
0.431,0.703,0
0.986,0.535,2
0.449,0.712,0
0.194,0.536,0
0.241,0.492,0
0.051,0.751,0
0.106,0.747,0
0.299,0.511,0
0.057,0.766,0
1.023,0.513,2
0.242,0.516,0
0.94,0.581,1
0.295,0.526,0
0.459,0.092,3
0.29,0.431,0
0.423,0.737,0
0.053,0.759,0
0.051,0.778,0
0.526,0.1,3
0.452,0.627,0
0.979,0.49,2
0.296,0.491,0
0.433,0.762,0
0.445,0.803,0
0.098,0.758,0
0.102,0.783,0
0.08,0.804,0
1.025,0.549,4
0.496,0.101,3
0.962,0.518,1
0.443,0.05,3
0.411,0.769,0
0.054,0.768,0
0.056,0.792,0
0.875,0.531,1
0.269,0.467,0
0.941,0.589,1
0.541,0.023,3
0.069,0.775,0
0.987,0.504,2
0.205,0.468,0
0.483,0.005,3
0.017,0.82,0
0.428,0.719,0
0.483,0.69,0
0.293,0.517,0
0.518,0.11,3
0.418,0.72,0
0.984,0.616,4
0.044,0.695,0
0.066,0.716,0
0.042,0.759,0
0.384,0.69,0
0.275,0.421,0
0.425,0.769,0
0.454,0.736,0
0.318,0.538,0
0.384,0.736,0
0.569,0.053,3
0.45,0.782,0
0.089,0.769,0
0.326,0.57,0
0.039,0.827,0
0.499,0.037,3
0.936,0.52,1
0.133,0.836,0
0.078,0.791,0
0.452,0.711,0
0.906,0.536,1
0.523,0.084,3
0.141,0.761,0
0.417,0.65,0
0.321,0.53,0
0.943,0.532,1
0.289,0.422,0
0.44,0.715,0
0.566,0.083,3
0.302,0.562,0
0.438,0.086,3
0.402,0.705,0
0.497,0.107,3
0.377,0.719,0
0.137,0.505,0
1.021,0.536,2
0.06,0.808,0
0.982,0.539,4
0.282,0.453,0
0.419,0.755,0
1.008,0.534,2
0.458,0.035,3
0.45,0.798,0
0.507,0.08,3
1.002,0.519,2
0.521,0.088,3
0.511,0.017,3
0.566,0.106,3
0.485,0.082,3
0.97,0.606,4
0.321,0.534,0
0.468,0.709,0
0.421,0.756,0
0.562,0.09,3
0.104,0.83,0
0.493,0.075,3
0.927,0.514,1
0.995,0.524,2
0.984,0.542,4
0.988,0.571,4
1.019,0.58,4
0.958,0.544,1
0.451,0.769,0
0.046,0.773,0
0.481,0.75,0
1.029,0.542,4
0.066,0.7,0
1.023,0.588,4
0.976,0.515,2
0.293,0.536,0
0.963,0.549,1
0.196,0.505,0
0.427,0.763,0
0.241,0.428,0
0.026,0.732,0
0.326,0.455,0
0.521,0.065,3
0.075,0.762,0
0.566,0.159,3
0.478,0.054,3
0.034,0.804,0
0.442,0.713,0
0.365,0.468,0
0.454,0.776,0
0.428,0.753,0
0.245,0.468,0
0.293,0.547,0
0.074,0.727,0
0.533,0.143,3
0.35,0.434,0
0.083,0.853,0
0.458,0.756,0
0.515,0.049,3
0.305,0.547,0
1.051,0.534,2
0.291,0.532,0
0.975,0.484,2
0.084,0.824,0
0.484,0.105,3
0.886,0.567,1
0.024,0.789,0
0.468,0.001,3
0.13,0.782,0
0.496,0.715,0
0.269,0.525,0
0.078,0.746,0
0.977,0.581,4
0.283,0.535,0
0.099,0.709,0
0.481,0.708,0
0.495,0.743,0
0.22,0.512,0
0.349,0.494,0
0.424,0.059,3
0.96,0.576,4
0.256,0.487,0
0.45,0.09,3
0.977,0.503,2
1.036,0.516,2
0.093,0.793,0
0.447,0.775,0
0.453,0.714,0
0.302,0.405,0
1.055,0.547,4
0.501,0.758,0
0.522,0.014,3
0.064,0.801,0
0.233,0.471,0
0.391,0.695,0
0.552,0.101,3
0.488,0.048,3
0.434,0.703,0
0.434,0.046,3
1.03,0.52,2
0.524,0.739,0
0.427,0.671,0
1.019,0.511,2
0.414,0.724,0
0.527,0.06,3
0.253,0.555,0
0.058,0.787,0
0.31,0.49,0
0.441,0.682,0
1.01,0.563,4
0.504,0.104,3
0.261,0.432,0
0.008,0.827,0
0.312,0.473,0
0.954,0.491,1
0.533,0.079,3
0.065,0.766,0
0.488,0.025,3
0.12,0.76,0
1.045,0.531,2
0.997,0.534,2
0.355,0.512,0
0.48,0.703,0
0.023,0.788,0
0.056,0.76,0
1.04,0.559,4
0.086,0.742,0
0.042,0.792,0
0.904,0.505,1
0.511,0.036,3
0.306,0.459,0
0.526,0.072,3
0.215,0.457,0
0.142,0.804,0
0.423,0.79,0
0.281,0.53,0
0.971,0.539,1
0.309,0.569,0
0.094,0.788,0
0.314,0.47,0
0.312,0.436,0
0.465,0.717,0
0.249,0.482,0
0.997,0.539,2
1.017,0.531,2
0.986,0.5,2
0.145,0.722,0
0.26,0.498,0
0.494,0.007,3
0.223,0.468,0
0.56,0.083,3
0.495,0.035,3
0.117,0.77,0
0.236,0.494,0
0.443,0.718,0
0.497,0.11,3
0.494,0.113,3
0.999,0.558,4
1.002,0.523,2
0.381,0.711,0
0.059,0.659,0
0.257,0.532,0
0.315,0.503,0
0.025,0.809,0
0.574,0.122,3
0.515,0.702,0
0.362,0.779,0
0.266,0.506,0
0.071,0.736,0
0.999,0.576,4
0.213,0.495,0
0.269,0.505,0
0.097,0.758,0
0.194,0.556,0
0.415,0.712,0
0.47,0.732,0
0.059,0.751,0
0.267,0.501,0
0.45,0.77,0
0.957,0.557,1
0.932,0.585,1
0.439,0.706,0
0.174,0.731,0
1.004,0.575,4
0.576,0.092,3
0.914,0.54,1
0.427,0.044,3
0.222,0.455,0
0.276,0.595,0
0.059,0.765,0
0.095,0.831,0
0.49,0.042,3
0.01,0.843,0
0.9,0.52,1
0.509,0.144,3
0.494,0.036,3
0.533,0.128,3
0.316,0.47,0
0.356,0.76,0
0.583,0.133,3
0.328,0.482,0
0.279,0.549,0
0.005,0.785,0
0.937,0.48,1
0.999,0.534,2
0.979,0.543,4
0.403,0.652,0
0.455,0.072,3
0.037,0.762,0
0.117,0.786,0
0.536,0.121,3
0.973,0.612,4
0.52,0.109,3
0.52,0.115,3
0.439,0.71,0
0.951,0.495,1
1.028,0.523,2
0.078,0.812,0
0.272,0.503,0
0.25,0.491,0
0.474,0.08,3
0.105,0.827,0
0.079,0.8,0
0.243,0.492,0
0.254,0.521,0
1.035,0.534,2
0.227,0.529,0
0.039,0.805,0
0.305,0.434,0
0.416,0.011,3
0.069,0.727,0
0.27,0.498,0
0.11,0.793,0
0.34,0.476,0
0.177,0.541,0
0.555,0.053,3
0.472,0.021,3
0.137,0.751,0
0.577,0.065,3
0.968,0.549,1
0.311,0.496,0
0.352,0.756,0
0.093,0.864,0
0.968,0.493,2
0.131,0.738,0
0.27,0.541,0
0.347,0.713,0
0.441,0.058,3
0.989,0.545,4
0.025,0.791,0
0.034,0.882,0
0.022,0.74,0
0.934,0.513,1
0.993,0.559,4
0.517,0.046,3
0.548,0.157,3
0.535,0.052,3
0.452,0.032,3
0.433,0.742,0
0.049,0.778,0
0.298,0.518,0
0.487,0.103,3
0.11,0.834,0
0.476,0.733,0
0.089,0.804,0
0.948,0.502,1
1.007,0.524,2
0.56,0.07,3
0.231,0.545,0
0.555,0.107,3
0.105,0.737,0
0.279,0.483,0
0.327,0.532,0
0.983,0.503,2
0.478,0.049,3
0.469,0.114,3
0.113,0.681,0
0.428,0.712,0
0.974,0.537,1
0.481,0.096,3
0.083,0.79,0
0.088,0.75,0
0.488,0.701,0
0.266,0.435,0
0.214,0.533,0
0.552,0.093,3
0.527,0.105,3
0.056,0.73,0
0.375,0.691,0
0.098,0.84,0
0.556,0.166,3
0.462,0.762,0
0.206,0.532,0
0.471,0.762,0
0.542,0.05,3
0.975,0.549,4
1.01,0.501,2
0.257,0.495,0
0.081,0.773,0
0.236,0.463,0
0.24,0.448,0
0.551,0.123,3
0.422,0.724,0
0.267,0.598,0
0.509,0.063,3
0.912,0.56,1
0.964,0.51,2
0.228,0.518,0
0.286,0.521,0
0.124,0.772,0
0.949,0.523,1
0.098,0.853,0
0.997,0.528,2
0.058,0.796,0
0.547,0.065,3
0.326,0.414,0
0.069,0.776,0
0.002,0.733,0
1.003,0.495,2
0.097,0.82,0
0.29,0.535,0
0.456,0.036,3
0.428,0.716,0
0.389,0.735,0
0.115,0.781,0
0.086,0.793,0
0.491,0.078,3
0.97,0.588,4
0.299,0.483,0
0.302,0.554,0
0.427,0.689,0
0.08,0.835,0
0.986,0.489,2
1.028,0.5,2
0.535,0.013,3
0.945,0.534,1
1.024,0.488,2
0.441,0.787,0
0.494,0.719,0
0.328,0.479,0
0.414,0.766,0
0.306,0.501,0
0.939,0.543,1
0.085,0.781,0
0.994,0.502,2
0.431,0.699,0
0.161,0.837,0
0.122,0.783,0
0.544,0.015,3
0.495,0.786,0
0.463,0.058,3
0.507,0.702,0
0.569,0.049,3
0.06,0.76,0
0.495,0.087,3
0.993,0.515,2
1.039,0.595,4
0.495,0.081,3
0.047,0.808,0
0.128,0.775,0
0.502,0.043,3
0.263,0.461,0
0.942,0.521,1
0.476,0.08,3
0.987,0.554,4
0.119,0.738,0
0.992,0.518,2
0.057,0.694,0
0.565,0.017,3
0.408,0.763,0
0.322,0.462,0
0.275,0.5,0
0.963,0.519,1
0.29,0.503,0
0.45,0.676,0
0.956,0.541,1
0.148,0.767,0
0.411,0.799,0
0.423,0.689,0
0.367,0.788,0
1.016,0.445,2
0.512,0.094,3
0.03,0.84,0
0.363,0.023,3
0.115,0.474,0
0.929,0.468,1
0.02,0.736,0
1.026,0.475,2
0.526,0.051,3
0.958,0.535,1
0.258,0.54,0
0.476,0.09,3
0.961,0.492,2
0.255,0.534,0
0.934,0.607,4
0.55,0.043,3
0.928,0.551,1
0.491,0.06,3
0.329,0.532,0
0.431,0.02,3
0.453,0.644,0
0.024,0.793,0
0.92,0.507,1
0.101,0.777,0
0.569,0.065,3
0.253,0.501,0
0.455,0.044,3
0.277,0.514,0
0.301,0.46,0
0.977,0.562,4
0.51,0.068,3
0.426,0.764,0
0.509,0.771,0
0.467,0.723,0
0.259,0.561,0
0.98,0.542,4
0.057,0.799,0
1.016,0.521,2
0.412,0.763,0
0.47,0.068,3
0.43,0.779,0
0.401,0.748,0
0.921,0.599,1
0.109,0.783,0
0.426,0.753,0
0.491,0.753,0
0.483,0.045,3
0.984,0.497,2
0.528,0.731,0
0.415,0.73,0
0.203,0.44,0
0.984,0.571,4
0.987,0.484,2
0.968,0.502,2
0.453,0.089,3
0.976,0.455,2
0.081,0.673,0
0.417,0.756,0
0.456,0.128,3
0.348,0.46,0
0.982,0.497,2
0.394,0.742,0
0.255,0.459,0
0.233,0.447,0
0.359,0.76,0
0.407,0.799,0
0.923,0.527,1
0.444,0.089,3
0.465,0.724,0
0.256,0.543,0
0.947,0.458,2
0.266,0.418,0
0.509,0.018,3
0.025,0.819,0
0.393,0.735,0
0.051,0.762,0
0.044,0.845,0
0.175,0.537,0
0.116,0.807,0
0.394,0.745,0
0.489,0.696,0
0.385,0.631,0
0.473,0.065,3
0.953,0.534,1
0.506,0.063,3
0.961,0.579,4
1.031,0.539,2
0.485,0.027,3
0.235,0.461,0
0.975,0.472,2
0.51,0.151,3
0.156,0.549,0
0.048,0.733,0
0.247,0.476,0
0.522,0.147,3
0.434,0.729,0
0.313,0.469,0
0.335,0.525,0
0.2,0.551,0
0.485,0.156,3
0.992,0.587,4
0.076,0.781,0
0.457,0.12,3
0.553,0.119,3
0.527,0.098,3
0.24,0.585,0
0.504,0.119,3
1.005,0.519,2
0.049,0.811,0
0.436,0.739,0
0.404,0.716,0
0.983,0.504,2
0.54,0.037,3
0.447,0.697,0
0.417,0.778,0
0.082,0.773,0
0.927,0.537,1
0.379,0.769,0
0.43,0.755,0
0.969,0.566,4
0.48,0.75,0
0.39,0.728,0
0.542,0.138,3
0.501,0.053,3
0.473,0.814,0
1.024,0.584,4
0.995,0.529,2
0.093,0.811,0
0.257,0.48,0
0.455,0.048,3
0.052,0.747,0
0.173,0.455,0
0.541,0.095,3
0.551,0.166,3
0.385,0.733,0
1.048,0.496,2
0.456,0.747,0
0.99,0.532,2
0.425,0.054,3
0.461,0.053,3
0.46,0.709,0
0.446,0.745,0
0.905,0.475,1
0.001,0.8,0
0.461,0.676,0
0.445,0.734,0
0.203,0.508,0
0.26,0.441,0
0.39,0.655,0
0.972,0.564,4
0.975,0.515,2
1.038,0.578,4
0.972,0.548,4
0.543,0.103,3
0.299,0.468,0
0.252,0.473,0
0.453,0.737,0
0.398,0.796,0
0.098,0.78,0
0.367,0.72,0
0.975,0.577,4
0.107,0.784,0
0.583,0.022,3
0.57,0.108,3
0.016,0.815,0
0.962,0.53,1
0.404,0.729,0
0.225,0.504,0
0.25,0.496,0
1.007,0.546,4
0.475,0.683,0
0.499,0.698,0
1.016,0.545,4
0.493,0.745,0
0.98,0.509,2
0.002,0.804,0
0.133,0.7,0
0.127,0.736,0
0.496,0.106,3
1.002,0.565,4
0.584,0.046,3
0.52,0.063,3
0.248,0.469,0
0.493,0.134,3
0.575,0.05,3
0.518,0.089,3
0.445,0.752,0
0.979,0.512,2
0.965,0.532,1
0.118,0.725,0
0.584,0.064,3
0.067,0.768,0
0.44,0.741,0
0.136,0.74,0
0.617,0.057,3
0.921,0.483,1
0.989,0.48,2
0.472,0.664,0
0.576,0.009,3
0.564,0.08,3
0.056,0.747,0
0.978,0.563,4
0.435,0.76,0
1.026,0.488,2
0.962,0.474,2
0.268,0.473,0
0.083,0.726,0
0.939,0.519,1
0.227,0.539,0
0.922,0.59,1
0.058,0.785,0
0.088,0.754,0
0.244,0.509,0
0.341,0.492,0
0.418,0.726,0
0.386,0.717,0
0.556,0.088,3
0.583,0.105,3
0.126,0.753,0
0.277,0.514,0
0.099,0.826,0
0.489,0.085,3
0.499,0.734,0
0.08,0.709,0
1.034,0.609,4
0.014,0.777,0
0.427,0.082,3
0.25,0.576,0
0.947,0.581,1
0.524,0.04,3
0.109,0.744,0
0.046,0.685,0
0.526,0.09,3
0.967,0.503,2
0.46,0.785,0
0.45,0.67,0
0.33,0.509,0
0.513,0.672,0
0.533,0.011,3
0.019,0.82,0
0.978,0.57,4
0.092,0.726,0
0.323,0.49,0
0.515,0.755,0
0.384,0.713,0
0.514,0.011,3
0.999,0.507,2
0.227,0.525,0
0.103,0.746,0
0.397,0.691,0
0.265,0.461,0
0.467,0.735,0
0.449,0.674,0
0.067,0.749,0
0.397,0.773,0
0.169,0.528,0
0.444,0.715,0
0.445,0.677,0
0.451,0.693,0
0.22,0.503,0
0.167,0.456,0
0.331,0.478,0
0.096,0.801,0
1.016,0.517,2
0.466,0.734,0
0.303,0.505,0
0.459,0.715,0
0.181,0.465,0
0.562,0.057,3
0.897,0.501,1
0.098,0.733,0
0.542,0.08,3
0.49,0.743,0
1.039,0.465,2
0.929,0.577,1
0.494,0.658,0
0.181,0.468,0
0.278,0.546,0
0.987,0.506,2
1.058,0.447,2
0.404,0.586,0
0.074,0.763,0
0.514,0.093,3
0.354,0.792,0
0.547,0.066,3
0.467,0.692,0
0.485,0.061,3
0.981,0.491,2
0.446,0.721,0
0.512,0.043,3
0.463,0.719,0
0.053,0.719,0
0.223,0.503,0
0.963,0.592,4
0.094,0.742,0
0.232,0.464,0
0.466,0.72,0
0.459,0.732,0
0.068,0.849,0
0.453,0.749,0
0.992,0.551,4
0.306,0.503,0
0.093,0.763,0
0.592,0.115,3
0.402,0.642,0
1.016,0.569,4
0.096,0.771,0
0.47,0.702,0
0.48,0.659,0
0.285,0.457,0
0.039,0.745,0
0.926,0.483,1
0.574,0.047,3
0.414,0.687,0
0.129,0.718,0
0.106,0.698,0
1.016,0.511,2
0.208,0.535,0
0.567,0.014,3
0.257,0.462,0
0.485,0.742,0
0.972,0.537,1
0.431,0.723,0
0.492,0.715,0
0.46,0.738,0
0.056,0.804,0
0.257,0.454,0
0.476,0.044,3
0.509,0.748,0
0.506,0.055,3
0.942,0.556,1
0.448,0.021,3
1.001,0.545,4
1.017,0.53,2
0.515,0.024,3
0.978,0.513,2
0.555,0.043,3
0.372,0.667,0
0.084,0.79,0
0.147,0.743,0
0.171,0.728,0
0.876,0.564,1
1.047,0.565,4
0.575,0.111,3
0.96,0.585,4
0.408,0.732,0
0.126,0.799,0
0.493,0.701,0
0.042,0.782,0
0.488,0.061,3
0.451,0.74,0
0.278,0.422,0
0.095,0.824,0
0.079,0.819,0
0.991,0.47,2
0.539,0.024,3
0.958,0.504,1
0.412,0.786,0
0.186,0.477,0
0.268,0.515,0
0.103,0.793,0
0.354,0.473,0
0.442,0.637,0
0.109,0.781,0
0.427,0.045,3
0.487,0.006,3
0.221,0.523,0
0.937,0.623,4
0.923,0.497,1
0.248,0.561,0
0.029,0.788,0
0.461,0.668,0
0.046,0.784,0
0.982,0.459,2
0.295,0.407,0
0.079,0.831,0
0.541,0.061,3
0.299,0.551,0
0.136,0.873,0
0.241,0.465,0
0.931,0.512,1
0.104,0.804,0
0.024,0.758,0
0.292,0.514,0
0.071,0.756,0
0.541,0.067,3
0.528,0.072,3
0.301,0.45,0
0.436,0.733,0
0.311,0.447,0
0.412,0.739,0
0.409,0.729,0
0.551,0.073,3
0.457,0.156,3
0.1,0.791,0
0.479,0.101,3
0.956,0.607,4
0.979,0.582,4
0.035,0.737,0
0.436,0.708,0
0.314,0.523,0
0.431,0.689,0
0.396,0.749,0
0.044,0.797,0
0.556,0.032,3
0.138,0.784,0
0.983,0.527,2
0.295,0.466,0
0.101,0.782,0
0.501,0.729,0
0.577,0.038,3
0.282,0.457,0
0.452,0.675,0
0.249,0.537,0
0.037,0.783,0
0.019,0.712,0
0.276,0.508,0
0.074,0.736,0
0.085,0.769,0
0.917,0.467,1
1.055,0.489,2
0.461,0.057,3
0.129,0.791,0
0.081,0.744,0
0.925,0.515,1
0.427,0.739,0
0.415,0.753,0
0.387,0.512,0
0.544,0.054,3
0.557,0.043,3
1.012,0.485,2
0.077,0.745,0
0.083,0.783,0
0.442,0.698,0
0.057,0.839,0
0.161,0.75,0
0.4,0.698,0
0.121,0.822,0
0.352,0.48,0
0.381,0.673,0
0.571,0.023,3
0.465,0.059,3
0.108,0.85,0
0.549,0.083,3
0.27,0.517,0
0.592,0.082,3
0.497,0.028,3
0.048,0.798,0
0.254,0.465,0
0.957,0.568,1
0.899,0.618,1
1.016,0.524,2
0.237,0.556,0
0.987,0.585,4
0.299,0.484,0
0.372,0.754,0
0.246,0.497,0
0.305,0.529,0
0.979,0.584,4
0.498,0.711,0
0.348,0.742,0
0.965,0.588,4
0.415,0.627,0
0.229,0.571,0
0.891,0.477,1
0.388,0.76,0
0.302,0.492,0
0.443,0.713,0
0.112,0.76,0
0.209,0.573,0
0.474,0.762,0
0.49,0.061,3
0.368,0.68,0
0.412,0.124,3
0.49,0.077,3
0.969,0.534,1
0.952,0.517,1
1.007,0.603,4
0.965,0.635,4
0.056,0.83,0
0.457,0.744,0
0.156,0.727,0
0.431,0.72,0
0.959,0.538,1
0.957,0.547,1
0.108,0.771,0
0.992,0.472,2
0.429,0.721,0
0.446,0.768,0
0.457,0.091,3
0.07,0.827,0
0.262,0.515,0
0.946,0.573,1
0.428,0.745,0
0.502,0.682,0
0.538,0.135,3
0.251,0.479,0
0.452,0.767,0
0.476,0.074,3
1.027,0.52,2
0.429,0.734,0
0.495,0.641,0
0.323,0.4,0
0.912,0.542,1
0.46,0.15,3
0.481,0.011,3
0.414,0.777,0
0.226,0.498,0
0.107,0.782,0
0.244,0.468,0
0.958,0.461,2
0.435,0.69,0
0.345,0.471,0
0.177,0.713,0
0.531,0.066,3
0.437,0.104,3
0.262,0.487,0
0.968,0.535,1
0.27,0.522,0
0.1,0.872,0
0.285,0.556,0
1.006,0.516,2
0.26,0.449,0
0.094,0.787,0
0.253,0.457,0
0.235,0.471,0
0.477,0.817,0
0.334,0.658,0
0.243,0.524,0
0.265,0.492,0
0.96,0.597,4
0.223,0.534,0
0.516,0.142,3
0.555,0.101,3
0.489,0.028,3
0.455,0.692,0
0.483,0.099,3
0.093,0.79,0
0.446,0.748,0
0.515,0.122,3
0.221,0.474,0
0.404,0.66,0
0.39,0.77,0
0.158,0.785,0
0.996,0.519,2
0.032,0.818,0
0.286,0.469,0
0.233,0.485,0
0.257,0.547,0
0.941,0.631,4
0.219,0.481,0
0.095,0.743,0
0.458,0.029,3
0.533,0.024,3
0.226,0.491,0
0.42,0.651,0
0.2,0.49,0
0.031,0.766,0
0.522,0.073,3
0.521,0.13,3
0.467,0.693,0
0.05,0.835,0
0.988,0.516,2
0.09,0.835,0
0.3,0.484,0
0.414,0.047,3
0.997,0.531,2
0.517,0.106,3
0.273,0.463,0
0.471,0.838,0
0.597,0.01,3
0.037,0.761,0
0.525,0.03,3
0.437,0.811,0
0.093,0.733,0
0.46,0.106,3
0.475,0.721,0
0.504,0.05,3
0.53,0.069,3
1.004,0.602,4
0.41,0.723,0
0.219,0.528,0
0.939,0.53,1
0.482,0.679,0
0.488,0.782,0
0.253,0.477,0
0.422,0.73,0
0.269,0.459,0
0.988,0.523,2
0.073,0.781,0
0.443,0.058,3
0.37,0.684,0
0.128,0.839,0
0.442,0.737,0
0.422,0.689,0
0.89,0.545,1
0.313,0.504,0
0.293,0.509,0
0.18,0.708,0
0.217,0.564,0
1.032,0.57,4
0.442,0.711,0
0.346,0.464,0
0.55,0.037,3
0.096,0.789,0
0.989,0.527,2
1.027,0.554,4
0.509,0.072,3
0.462,0.79,0
0.473,0.746,0
0.246,0.546,0
0.252,0.511,0
0.371,0.739,0
0.023,0.813,0
0.076,0.767,0
0.103,0.729,0
0.926,0.565,1
0.249,0.521,0
0.477,0.751,0
0.288,0.54,0
0.52,0.65,0
0.082,0.748,0
0.461,0.718,0
0.008,0.746,0
0.44,0.022,3
0.905,0.56,1
0.251,0.513,0
0.122,0.824,0
0.971,0.49,2
0.981,0.487,2
0.458,0.713,0
0.561,0.106,3
0.533,0.632,0
0.992,0.496,2
0.064,0.801,0
0.104,0.813,0
0.288,0.519,0
0.312,0.523,0
0.405,0.708,0
0.56,0.051,3
0.437,0.026,3
0.486,0.666,0
0.447,0.803,0
1.009,0.53,2
0.287,0.469,0
0.299,0.503,0
0.427,0.761,0
0.013,0.827,0
0.559,0.148,3
0.445,0.101,3
1.023,0.556,4
0.417,0.703,0
0.289,0.542,0
0.431,0.044,3
0.09,0.712,0
0.999,0.609,4
0.089,0.791,0
0.083,0.785,0
0.954,0.56,1
0.471,0.069,3
0.035,0.758,0
0.275,0.478,0
0.394,0.712,0
0.048,0.805,0
0.098,0.785,0
0.489,0.043,3
0.965,0.528,1
0.246,0.51,0
0.561,0.036,3
0.481,0.661,0
0.063,0.802,0
0.121,0.803,0
0.983,0.581,4
0.442,0.745,0
0.542,0.022,3
0.504,0.042,3
0.977,0.608,4
0.216,0.491,0
0.409,0.114,3
0.246,0.43,0
0.473,0.71,0
0.256,0.538,0
0.56,0.064,3
0.18,0.588,0
0.087,0.801,0
0.501,0.06,3
0.498,0.055,3
0.106,0.765,0
0.373,0.69,0
0.978,0.572,4
0.216,0.466,0
0.519,0.038,3
0.444,0.709,0
0.414,0.643,0
0.462,0.709,0
0.078,0.729,0
0.112,0.818,0
0.251,0.495,0
0.417,0.694,0
0.028,0.794,0
0.966,0.501,2
0.122,0.848,0
0.238,0.545,0
0.529,0.645,0
0.436,0.012,3
0.269,0.522,0
0.252,0.54,0
0.266,0.479,0
0.246,0.527,0
0.563,0.045,3
0.248,0.495,0
0.288,0.417,0
0.494,0.037,3
0.423,0.742,0
0.262,0.444,0
0.469,0.791,0
0.488,0.115,3
0.977,0.526,2
0.023,0.723,0
0.042,0.747,0
0.257,0.539,0
0.314,0.518,0
0.074,0.78,0
0.467,0.124,3
0.508,0.015,3
0.523,0.042,3
0.065,0.726,0
0.906,0.537,1
0.504,0.136,3
0.084,0.835,0
0.232,0.455,0
0.44,0.719,0
0.359,0.476,0
0.288,0.499,0
0.422,0.733,0
0.111,0.769,0
0.99,0.519,2
0.526,0.108,3
0.348,0.525,0
1.059,0.554,4
0.208,0.563,0
0.274,0.444,0
0.959,0.548,1
0.553,0.022,3
0.961,0.545,1
0.078,0.8,0
0.054,0.799,0
0.394,0.768,0
0.481,0.734,0
0.524,0.057,3
0.506,0.097,3
0.144,0.741,0
0.391,0.728,0
0.893,0.51,1
0.389,0.754,0
0.243,0.553,0
0.439,0.738,0
0.96,0.542,1
1.004,0.53,2
0.071,0.775,0
0.418,0.701,0
1.026,0.548,4
0.915,0.562,1
0.328,0.571,0
0.254,0.481,0
0.984,0.652,4
0.989,0.54,4
0.234,0.501,0
0.003,0.769,0
0.228,0.503,0
0.445,0.043,3
0.489,0.091,3
0.498,0.048,3
0.566,0.06,3
0.964,0.554,1
0.427,0.713,0
0.563,0.063,3
0.48,0.029,3
0.487,0.066,3
1.031,0.554,4
0.275,0.429,0
0.988,0.582,4
0.009,0.749,0
0.503,0.076,3
0.951,0.581,4
0.23,0.43,0
0.043,0.754,0
0.089,0.752,0
0.383,0.729,0
0.458,0.674,0
0.051,0.663,0
0.135,0.808,0
0.476,0.105,3
0.375,0.788,0
0.421,0.046,3
0.51,0.704,0
0.94,0.543,1
0.306,0.529,0
0.552,0.045,3
0.923,0.54,1
0.233,0.474,0
0.55,0.122,3
0.299,0.491,0
0.436,0.634,0
0.535,0.076,3
0.97,0.579,4
0.064,0.79,0
0.078,0.729,0
0.504,0.664,0
0.45,0.674,0
0.48,0.727,0
1.018,0.539,2
0.508,0.041,3
0.961,0.514,1
0.079,0.74,0
0.437,0.043,3
0.06,0.779,0
0.407,0.688,0
0.489,0.08,3
0.99,0.543,4
0.05,0.79,0
0.38,0.689,0
0.276,0.486,0
0.528,0.005,3
0.896,0.562,1
0.061,0.815,0
0.959,0.542,1
0.275,0.588,0
0.013,0.833,0
0.317,0.514,0
0.442,0.687,0
0.491,0.123,3
0.228,0.472,0
0.515,0.038,3
0.142,0.756,0
0.101,0.829,0
0.017,0.786,0
0.931,0.559,1
0.124,0.748,0
0.496,0.694,0
0.271,0.477,0
0.114,0.772,0
1.025,0.529,2
0.974,0.646,4
0.33,0.513,0
0.285,0.466,0
0.909,0.615,1
0.573,0.056,3
0.954,0.489,2
0.923,0.46,1
0.988,0.594,4
0.421,0.725,0
0.414,0.093,3
0.869,0.583,1
0.097,0.818,0
0.953,0.509,1
1.025,0.55,4
0.425,0.701,0
0.077,0.775,0
0.256,0.502,0
0.109,0.759,0
0.984,0.516,2
1.06,0.465,2
0.435,0.035,3
0.519,0.129,3
0.195,0.514,0
0.966,0.534,1
0.096,0.713,0
0.948,0.532,1
0.46,0.117,3
0.494,0.182,3
0.999,0.568,4
0.273,0.477,0
0.098,0.835,0
0.476,0.035,3
0.284,0.463,0
0.187,0.492,0
0.098,0.778,0
0.449,0.703,0
0.277,0.581,0
0.24,0.569,0
0.307,0.463,0
0.475,0.698,0
0.489,0.043,3
0.541,0,3
0.268,0.414,0
0.979,0.577,4
0.552,0.029,3
0.391,0.678,0
0.496,0.021,3
1.003,0.492,2
0.265,0.45,0
0.006,0.791,0
0.535,0.09,3
0.576,0.002,3
0.939,0.564,1
0.987,0.561,4
0.077,0.779,0
0.448,0.099,3
0.432,0.677,0
0.075,0.756,0
0.507,0.097,3
0.533,0.074,3
0.136,0.788,0
0.062,0.784,0
0.475,0.095,3
1.056,0.552,4
1.071,0.535,2
0.301,0.513,0
0.984,0.548,4
0.32,0.556,0
1.003,0.53,2
0.286,0.51,0
0.479,0.099,3
0.547,0.09,3
1.02,0.578,4
1.024,0.567,4
0.349,0.433,0
0.085,0.733,0
1.002,0.507,2
0.889,0.528,1
0.456,0.08,3
0.256,0.458,0
0.968,0.504,2
0.015,0.791,0
0.039,0.768,0
0.063,0.9,0
0.317,0.419,0
0.544,0.02,3
0.937,0.468,1
0.943,0.533,1
0.436,0.7,0
0.546,0.102,3
0.145,0.712,0
0.396,0.659,0
0.435,0.744,0
0.259,0.523,0
0.028,0.785,0
0.476,0.091,3
0.253,0.507,0
0.06,0.844,0
0.966,0.533,1
1.031,0.478,2
0.392,0.783,0
0.382,0.732,0
0.266,0.46,0
1.05,0.529,2
0.08,0.825,0
0.544,0.059,3
0.17,0.811,0
0.508,0.119,3
0.408,0.684,0
0.063,0.771,0
0.376,0.746,0
0.956,0.582,4
1.005,0.554,4
1.065,0.543,2
0.498,0.071,3
0.469,0.096,3
0.075,0.819,0
0.072,0.783,0
0.427,0.697,0
1.001,0.526,2
0.253,0.514,0
1.069,0.493,2
0.46,0.689,0
0.421,0.676,0
0.029,0.787,0
0.46,0.092,3
0.343,0.496,0
0.484,0.132,3
0.455,0.092,3
0.516,0.133,3
0.237,0.516,0
0.323,0.478,0
0.084,0.782,0
1.05,0.5,2
0.212,0.485,0
0.252,0.544,0
0.511,0.057,3
0.186,0.494,0
0.42,0.755,0
0.482,0.063,3
0.352,0.59,0
0.05,0.79,0
1.009,0.591,4
0.096,0.761,0
1.013,0.514,2
0.986,0.494,2
0.517,0.133,3
0.285,0.518,0
0.918,0.497,1
1.001,0.501,2
0.531,0.097,3
0.151,0.701,0
0.448,0.79,0
0.242,0.459,0
0.076,0.791,0
0.262,0.532,0
0.471,0.066,3
0.052,0.742,0
0.504,0.13,3
0.31,0.465,0
1.004,0.567,4
0.909,0.529,1
0.526,0.032,3
0.42,0.683,0
0.154,0.789,0
0.493,0.093,3
0.994,0.603,4
0.261,0.559,0
0.398,0.66,0
0.453,0.741,0
0.473,0.74,0
0.529,0.067,3
0.346,0.711,0
1.012,0.471,2
0.26,0.452,0
0.061,0.824,0
0.353,0.505,0
0.264,0.517,0
0.244,0.541,0
0.562,0.103,3
0.984,0.539,4
0.432,0.04,3
0.008,0.763,0
0.271,0.524,0
0.037,0.802,0
0.227,0.498,0
0.068,0.747,0
0.054,0.801,0
0.483,0.039,3
0.987,0.552,4
0.324,0.476,0
0.084,0.791,0
0.231,0.399,0
1.019,0.533,2
0.422,0.727,0
0.972,0.537,1
0.058,0.794,0
0.247,0.46,0
0.971,0.536,1
0.24,0.539,0
0.539,0.163,3
0.43,0.647,0
0.571,0.051,3
0.086,0.766,0
0.277,0.441,0
1.011,0.512,2
0.049,0.842,0
0.929,0.511,1
0.095,0.754,0
0.396,0.755,0
0.015,0.752,0
0.481,0.649,0
0.435,0.769,0
0.477,0.017,3
0.017,0.715,0
0.302,0.521,0
0.1,0.745,0
0.985,0.552,4
0.276,0.57,0
0.044,0.803,0
0.327,0.487,0
0.38,0.631,0
1.006,0.559,4
0.004,0.81,0
0.492,0.8,0
0.917,0.537,1
1.037,0.54,2
0.506,0.041,3
0.445,0.072,3
0.276,0.449,0
0.518,0.016,3
0.942,0.629,4
0.012,0.783,0
0.976,0.521,2
0.252,0.452,0
0.411,0.746,0
0.488,0.709,0
0.557,0.12,3
0.998,0.568,4
0.493,0.069,3
0.402,0.71,0
0.984,0.497,2
0.418,0.708,0
0.942,0.644,4
0.229,0.518,0
0.482,0.046,3
0.101,0.819,0
0.522,0.075,3
1.018,0.542,4
0.466,0.726,0
0.949,0.608,4
0.498,0.076,3
0.048,0.728,0
0.239,0.554,0
0.482,0.109,3
0.449,0.674,0
0.494,0.739,0
0.432,0.738,0
0.043,0.758,0
0.519,0.093,3
0.265,0.538,0
0.533,0.063,3
0.28,0.426,0
1.018,0.493,2
0.981,0.505,2
0.461,0.025,3
0.996,0.564,4
0.417,0.675,0
0.513,0.056,3
0.096,0.782,0
0.508,0.765,0
0.427,0.792,0
0.946,0.49,1
0.483,0.03,3
0.469,0.775,0
0.493,0.719,0
0.299,0.507,0
0.038,0.799,0
0.114,0.741,0
0.043,0.794,0
0.061,0.764,0
1.046,0.531,2
0.532,0.034,3
0.276,0.503,0
0.103,0.759,0
0.291,0.566,0
0.916,0.542,1
0.518,0.067,3
0.03,0.775,0
0.264,0.499,0
0.511,0.74,0
0.207,0.471,0
0.315,0.476,0
0.468,0.043,3
0.919,0.606,1
0.086,0.787,0
0.5,0.74,0
0.067,0.793,0
0.063,0.781,0
0.994,0.519,2
0.501,0.07,3
0.315,0.465,0
0.502,0.071,3
0.472,0.746,0
0.553,0.072,3
0.966,0.565,4
0.983,0.588,4
0.076,0.787,0
0.107,0.762,0
0.395,0.685,0
0.508,0.16,3
0.116,0.832,0
0.516,0.09,3
0.485,0.089,3
0.436,0.732,0
0.981,0.455,2
0.566,0.104,3
0.957,0.519,1
0.945,0.557,1
0.404,0.76,0
0.307,0.496,0
0.216,0.497,0
0.553,0.699,0
0.947,0.534,1
0.512,0.736,0
0.08,0.734,0
0.462,0.698,0
0.087,0.763,0
0.112,0.766,0
0.273,0.437,0
0.944,0.559,1
0.424,0.772,0
0.506,0.07,3
0.235,0.527,0
0.41,0.725,0
0.478,0.065,3
0.054,0.744,0
0.289,0.49,0
0.223,0.513,0
0.422,0.753,0
0.989,0.522,2
0.263,0.52,0
0.552,0.082,3
0.468,0.143,3
0.407,0.691,0
0.364,0.558,0
0.511,0.068,3
0.916,0.524,1
0.332,0.492,0
0.382,0.738,0
0.919,0.554,1
0.596,0.058,3
0.977,0.49,2
0.414,0.677,0
0.534,0.071,3
0.073,0.795,0
0.519,0.017,3
0.04,0.785,0
0.451,0.719,0
0.904,0.556,1
0.053,0.901,0
0.139,0.737,0
0.039,0.806,0
0.927,0.554,1
1.037,0.534,2
0.1,0.748,0
0.459,0.071,3
0.254,0.502,0
0.459,0.096,3
0.574,0.084,3
0.425,0.609,0
0.421,0.09,3
0.933,0.606,4
0.536,0.152,3
0.506,0.064,3
0.064,0.829,0
0.452,0.688,0
0.926,0.591,1
0.113,0.739,0
0.844,0.54,1
0.46,0.095,3
0.264,0.504,0
0.245,0.45,0
0.244,0.517,0
0.416,0.709,0
0.005,0.805,0
0.949,0.584,4
0.282,0.504,0
0.555,0.079,3
1.02,0.558,4
0.986,0.471,2
0.291,0.604,0
0.111,0.783,0
0.533,0.017,3
0.258,0.509,0
0.558,0.05,3
0.447,0.79,0
0.079,0.781,0
0.257,0.479,0
0.412,0.729,0
0.027,0.729,0
0.497,0.029,3
0.506,0.022,3
1.011,0.524,2
0.308,0.511,0
0.244,0.546,0
0.538,0.132,3
0.385,0.819,0
0.48,0.024,3
0.135,0.788,0
0.268,0.551,0
0.512,0.078,3
0.016,0.799,0
0.078,0.783,0
0.383,0.692,0
0.465,0.709,0
0.284,0.546,0
0.228,0.509,0
0.936,0.516,1
0.026,0.768,0
0.292,0.533,0
0.988,0.486,2
0.47,0.715,0
0.944,0.615,4
0.054,0.783,0
0.287,0.589,0
0.067,0.781,0
0.467,0.718,0
0.995,0.601,4
0.111,0.871,0
0.249,0.552,0
0.283,0.509,0
0.393,0.765,0
0.973,0.531,1
0.51,0.704,0
0.01,0.781,0
0.395,0.726,0
0.546,0.045,3
0.254,0.422,0
0.938,0.489,1
0.546,0.057,3
0.484,0.115,3
0.993,0.541,4
0.546,0.059,3
0.201,0.517,0
0.427,0.776,0
0.448,0.764,0
0.155,0.864,0
0.061,0.726,0
0.453,0.769,0
0.498,0.045,3
0.433,0.772,0
0.412,0.731,0
0.419,0.708,0
0.471,0.711,0
0.541,0.087,3
1.017,0.588,4
1.021,0.547,4
0.175,0.812,0
0.501,0.011,3
0.287,0.52,0
0.955,0.559,1
0.308,0.467,0
0.537,0.752,0
0.053,0.775,0
0.488,0.666,0
0.118,0.72,0
0.982,0.564,4
0.069,0.819,0
0.305,0.527,0
0.044,0.72,0
0.223,0.495,0
0.273,0.5,0
0.509,0.686,0
0.326,0.709,0
0.473,0.744,0
0.101,0.747,0
0.969,0.568,4
0.291,0.484,0
0.448,0.67,0
0.012,0.738,0
0.136,0.767,0
1.03,0.486,2
0.204,0.541,0
0.934,0.552,1
0.084,0.762,0
0.43,0.757,0
0.482,0.013,3
1.033,0.496,2
0.497,0.093,3
0.374,0.74,0
0.999,0.589,4
0.326,0.447,0
0.993,0.524,2
0.265,0.443,0
0.053,0.741,0
0.447,0.714,0
0.098,0.801,0
0.926,0.473,1
0.544,0.005,3
0.504,0.083,3
0.543,0.113,3
0.391,0.739,0
0.488,0.144,3
0.413,0.71,0
0.937,0.473,1
1.003,0.628,4
0.441,0.08,3
1.022,0.517,2
0.445,0.099,3
0.262,0.532,0
0.993,0.558,4
0.478,0.089,3
1.036,0.498,2
0.895,0.488,1
0.521,0.114,3
0.411,0.726,0
0.295,0.491,0
0.935,0.537,1
0.971,0.543,1
0.393,0.725,0
0.063,0.724,0
1.037,0.544,4
0.459,0.814,0
0.91,0.531,1
0.478,0.052,3
0.257,0.463,0
0.296,0.49,0
0.118,0.811,0
0.499,0.714,0
1,0.541,4
0.435,0.058,3
0.101,0.842,0
0.991,0.51,2
0.499,0.105,3
0.438,0.731,0
1.068,0.546,4
0.068,0.725,0
0.491,0.635,0
0.122,0.788,0
0.584,0.086,3
0.275,0.5,0
0.531,0.056,3
0.28,0.54,0
0.522,0.122,3
0.239,0.505,0
0.428,0.721,0
0.884,0.574,1
0.342,0.465,0
0.313,0.566,0
0.322,0.505,0
0.996,0.488,2
0.503,0.667,0
0.492,0.11,3
0.098,0.777,0
0.41,0.737,0
0.485,0.109,3
0.969,0.511,2
0.079,0.828,0
0.108,0.715,0
0.212,0.471,0
0.49,0.736,0
0.248,0.475,0
0.484,0.679,0
0.468,0.072,3
0.061,0.812,0
0.936,0.493,1
0.652,0.014,3
0.518,0.018,3
0.035,0.898,0
0.053,0.789,0
0.42,0.649,0
0.314,0.505,0
0.995,0.546,4
1.024,0.582,4
0.451,0.739,0
0.245,0.466,0
0.377,0.428,0
0.41,0.739,0
0.447,0.808,0
0.305,0.468,0
1.01,0.474,2
0.39,0.67,0
0.501,0.067,3
1.072,0.567,4
0.229,0.484,0
0.281,0.476,0
0.969,0.472,2
0.336,0.531,0
0.313,0.467,0
0.414,0.767,0
0.104,0.758,0
0.271,0.459,0
1.035,0.59,4
0.019,0.732,0
0.371,0.704,0
0.516,0.138,3
0.087,0.736,0
0.317,0.488,0
0.067,0.692,0
0.057,0.789,0
0.914,0.508,1
0.902,0.467,1
0.456,0.692,0
0.03,0.758,0
0.25,0.532,0
0.464,0.799,0
0.51,0.075,3
0.973,0.445,2
0.987,0.612,4
0.526,0.111,3
0.403,0.745,0
0.487,0.703,0
0.531,0.104,3
0.091,0.759,0
0.504,0.043,3
0.503,0.692,0
0.428,0.682,0
0.121,0.819,0
0.272,0.46,0
0.407,0.705,0
0.451,0.105,3
0.981,0.525,2
0.085,0.739,0
0.459,0.79,0
0.328,0.45,0
0.05,0.798,0
0.965,0.535,1
0.073,0.751,0
0.464,0.055,3
0.392,0.645,0
0.956,0.446,2
0.29,0.488,0
0.953,0.533,1
0.005,0.798,0
0.999,0.578,4
0.046,0.83,0
0.39,0.735,0
0.271,0.479,0
0.119,0.726,0
0.338,0.51,0
0.415,0.72,0
0.048,0.775,0
0.087,0.74,0
0.259,0.472,0
0.962,0.548,1
0.365,0.456,0
0.337,0.664,0
0.544,0.081,3
0.312,0.547,0
0.06,0.766,0
0.066,0.816,0
0.235,0.538,0
0.237,0.543,0
0.09,0.712,0
0.444,0.831,0
0.491,0.046,3
0.275,0.43,0
0.282,0.495,0
0.998,0.564,4
0.971,0.523,2
0.529,0.114,3
0.05,0.745,0
0.47,0.102,3
0.511,0.116,3
0.139,0.766,0
0.938,0.564,1
0.482,0.064,3
0.283,0.477,0
0.505,0.042,3
0.44,0.771,0
0.223,0.528,0
0.267,0.49,0
0.937,0.457,1
0.396,0.726,0
0.037,0.749,0
0.263,0.464,0
1.034,0.635,4
0.048,0.786,0
0.492,0.716,0
0.456,0.095,3
0.376,0.755,0
0.455,0.737,0
0.435,0.011,3
0.267,0.464,0
0.488,0.725,0
0.281,0.592,0
0.555,0.719,0
1.019,0.476,2
0.063,0.801,0
0.472,0.759,0
0.33,0.51,0
0.609,0.08,3
0.234,0.476,0
0.351,0.742,0
0.248,0.56,0
0.046,0.751,0
0.921,0.504,1
0.963,0.499,2
0.999,0.544,4
0.473,0.056,3
0.364,0.46,0
0.494,0.763,0
0.035,0.791,0
0.42,0.753,0
0.99,0.561,4
0.391,0.778,0
0.289,0.552,0
0.033,0.764,0
0.283,0.585,0
0.466,0.738,0
0.543,0.011,3
0.289,0.518,0
0.028,0.784,0
1.041,0.513,2
0.287,0.483,0
0.457,0.113,3
1.04,0.567,4
0.306,0.528,0
0.277,0.484,0
0.483,0.727,0
0.229,0.45,0
0.414,0.74,0
0.29,0.481,0
0.466,0.782,0
0.471,0.065,3
0.476,0.084,3
0.511,0.031,3
0.453,0.087,3
0.248,0.469,0
0.996,0.53,2
0.238,0.472,0
0.491,0.07,3
0.411,0.749,0
0.522,0.078,3
0.016,0.715,0
0.524,0.032,3
0.393,0.689,0
0.023,0.747,0
0.097,0.794,0
0.226,0.456,0
0.12,0.715,0
0.212,0.556,0
0.483,0.686,0
0.238,0.455,0
0.057,0.799,0
0.978,0.534,2
1.012,0.508,2
0.483,0.064,3
0.521,0.08,3
0.98,0.473,2
1.054,0.628,4
0.217,0.552,0
0.258,0.509,0
0.486,0.022,3
0.244,0.471,0
0.048,0.804,0
0.313,0.452,0
0.104,0.819,0
0.05,0.883,0
0.467,0.074,3
0.519,0.085,3
0.034,0.805,0
0.48,0.73,0
0.037,0.8,0
0.361,0.76,0
1.013,0.529,2
0.434,0.054,3
0.066,0.839,0
0.402,0.123,3
0.5,0.715,0
0.563,0.05,3
0.499,0.111,3
0.5,0.059,3
0.971,0.569,4
0.329,0.507,0
1.011,0.637,4
0.217,0.526,0
1,0.561,4
0.331,0.449,0
0.303,0.426,0
0.564,0.032,3
0.119,0.785,0
0.337,0.503,0
0.065,0.81,0
0.569,0.037,3
0.494,0.095,3
1.028,0.523,2
0.994,0.537,2
0.086,0.803,0
0.54,0.076,3
0.075,0.763,0
0.985,0.522,2
0.253,0.452,0
0.513,0.089,3
0.187,0.433,0
0.512,0.066,3
0.427,0.7,0
0.541,0.676,0
0.496,0.064,3
0.397,0.705,0
0.316,0.456,0
0.243,0.524,0
0.096,0.794,0
0.534,0.073,3
0.299,0.52,0
0.475,0.717,0
0.236,0.449,0
0.201,0.488,0
0.972,0.562,4
0.513,0.105,3
0.484,0.045,3
0.309,0.455,0
0.438,0.745,0
0.447,0.711,0
0.234,0.424,0
0.505,0.091,3
0.462,0.078,3
0.094,0.804,0
0.979,0.539,4
0.266,0.439,0
0.046,0.766,0
0.973,0.51,2
0.29,0.497,0
0.468,0.113,3
0.294,0.439,0
0.997,0.51,2
0.534,0.05,3
0.503,0.08,3
0.031,0.788,0
0.048,0.73,0
0.252,0.425,0
0.446,0.816,0
0.447,0.72,0
0.999,0.532,2
0.443,0.704,0
0.256,0.402,0
0.215,0.508,0
0.066,0.695,0
0.316,0.549,0
0.561,0.026,3
0.471,0.681,0
0.111,0.792,0
0.509,0.114,3
0.534,0.131,3
0.122,0.803,0
0.028,0.844,0
0.278,0.52,0
0.972,0.522,2
0.508,0.093,3
0.993,0.482,2
0.27,0.486,0
0.427,0.726,0
0.08,0.703,0
0.039,0.808,0
0.255,0.496,0
0.226,0.533,0
0.993,0.623,4
0.109,0.805,0
0.06,0.781,0
0.4,0.779,0
0.474,0.73,0
0.53,0.037,3
0.238,0.502,0
0.53,0.099,3
0.48,0.712,0
0.108,0.776,0
0.507,0.117,3
0.225,0.791,0
0.982,0.538,2
0.088,0.766,0
0.439,0.689,0
0.492,0.042,3
0.476,0.734,0
0.068,0.777,0
0.207,0.491,0
0.988,0.49,2
0.44,0.762,0
0.047,0.728,0
0.387,0.671,0
0.04,0.758,0
0.299,0.497,0
1.037,0.527,2
0.482,0.071,3
0.306,0.514,0
0.986,0.514,2
0.482,0.173,3
0.465,0.1,3
0.481,0.084,3
0.439,0.66,0
0.082,0.743,0
0.58,0.055,3
0.426,0.763,0
0.095,0.736,0
0.439,0.06,3
0.397,0.673,0
0.045,0.752,0
0.099,0.839,0
0.417,0.731,0
0.405,0.748,0
1.012,0.481,2
0.488,0.064,3
0.45,0.152,3
0.297,0.468,0
0.264,0.456,0
0.421,0.734,0
0.09,0.777,0
0.043,0.826,0
0.532,0.063,3
0.27,0.52,0
0.084,0.757,0
0.413,0.777,0
0.477,0.009,3
0.487,0.015,3
1.03,0.453,2
0.961,0.48,2
0.489,0.04,3
0.19,0.52,0
0.294,0.477,0
0.458,0.78,0
0.439,0.071,3
0.483,0.669,0
0.515,0.078,3
0.482,0.084,3
0.471,0.695,0
0.491,0.777,0
0.97,0.515,2
0.255,0.487,0
0.979,0.543,4
0.515,0.04,3
0.552,0.006,3
0.001,0.816,0
0.312,0.494,0
0.132,0.785,0
0.083,0.766,0
0.061,0.758,0
0.239,0.476,0
0.185,0.829,0
0.238,0.502,0
0.009,0.778,0
0.981,0.608,4
0.081,0.761,0
0.989,0.474,2
0.063,0.761,0
1.007,0.582,4
0.454,0.11,3
0.536,0.068,3
0.23,0.401,0
0.509,0.077,3
0.559,0.157,3
0.985,0.565,4
0.468,0.045,3
0.224,0.453,0
0.955,0.585,4
0.531,0.102,3
0.58,0.006,3
0.01,0.817,0
1.007,0.535,2
0.45,0.061,3
0.478,0.701,0
0.184,0.753,0
0.268,0.471,0
1.016,0.544,4
0.544,0.119,3
0.01,0.786,0
0.323,0.453,0
0.525,0.097,3
0.078,0.749,0
0.475,0.111,3
0.486,0.068,3
0.335,0.489,0
0.037,0.721,0
0.98,0.514,2
0.101,0.726,0
0.451,0.732,0
0.452,0.725,0
0.981,0.501,2
0.526,0.091,3
0.402,0.735,0
0.063,0.798,0
0.329,0.6,0
0.286,0.48,0
0.93,0.554,1
0.032,0.718,0
0.288,0.506,0
0.567,0.06,3
0.98,0.589,4
0.514,0.088,3
0.022,0.765,0
0.464,0.006,3
0.001,0.749,0
0.507,0.046,3
0.545,0.072,3
0.506,0.051,3
0.448,0.041,3
0.952,0.493,1
0.931,0.565,1
1.014,0.532,2
0.102,0.741,0
0.568,0.111,3
0.077,0.767,0
1.04,0.547,4
0.284,0.538,0
0.258,0.446,0
0.281,0.485,0
0.466,0.026,3
0.524,0.105,3
0.456,0.769,0
0.209,0.475,0
0.11,0.73,0
0.404,0.775,0
1.017,0.502,2
0.362,0.684,0
0.283,0.46,0
0.252,0.51,0
0.964,0.541,1
0.098,0.803,0
0.061,0.771,0
0.473,0.04,3
0.429,0.131,3
0.475,0.674,0
0.453,0.781,0
0.495,0.049,3
0.073,0.829,0
0.153,0.797,0
0.206,0.464,0
0.537,0.091,3
0.959,0.614,4
0.384,0.67,0
0.296,0.506,0
1.069,0.514,2
0.503,0.013,3
0.978,0.604,4
0.263,0.461,0
0.479,0.757,0
0.235,0.497,0
0.473,0.728,0
0.99,0.497,2
0.406,0.714,0
0.496,0.05,3
0.525,0.141,3
0.246,0.518,0
0.213,0.521,0
0.491,0.032,3
0.995,0.485,2
0.566,0.081,3
0.972,0.552,4
0.078,0.766,0
0.111,0.787,0
0.94,0.571,1
0.882,0.506,1
0.986,0.532,2
0.031,0.785,0
0.299,0.49,0
0.414,0.711,0
0.367,0.681,0
1.008,0.499,2
0.506,0.681,0
0.446,0.737,0
0.343,0.548,0
0.43,0.698,0
0.09,0.793,0
0.248,0.539,0
0.324,0.494,0
0.442,0.129,3
1.016,0.495,2
0.459,0.677,0
0.052,0.786,0
0.5,0.038,3
0.448,0.696,0
0.52,0.04,3
0.065,0.817,0
0.232,0.441,0
0.992,0.528,2
0.495,0.081,3
0.113,0.799,0
0.396,0.697,0
0.269,0.492,0
0.531,0.002,3
0.459,0.811,0
0.974,0.534,1
0.277,0.532,0
0.401,0.727,0
0.068,0.728,0
0.507,0.726,0
0.42,0.828,0
0.484,0.113,3
0.483,0.052,3
0.488,0.721,0
0.43,0.727,0
0.411,0.728,0
0.943,0.543,1
0.252,0.525,0
0.486,0.081,3
1.031,0.516,2
0.43,0.711,0
0.481,0.041,3
0.915,0.586,1
0.491,0.07,3
0.415,0.703,0
0.567,0.067,3
0.504,0.739,0
0.302,0.46,0
0.187,0.459,0
1.028,0.582,4
0.449,0.027,3
0.313,0.474,0
0.522,0.068,3
0.94,0.504,1
0.476,0.138,3
0.954,0.565,1
0.101,0.776,0
0.484,0.043,3
0.468,0.128,3
0.089,0.747,0
0.27,0.579,0
0.47,0.668,0
0.498,0.041,3
0.026,0.786,0
0.329,0.51,0
0.966,0.532,1
0.474,0.764,0
0.958,0.5,1
0.512,0.098,3
0.48,0.722,0
0.295,0.501,0
0.963,0.593,4
0.091,0.793,0
0.329,0.728,0
0.086,0.728,0
0.125,0.852,0
0.26,0.527,0
0.291,0.529,0
0.987,0.578,4
0.075,0.786,0
0.225,0.422,0
0.421,0.698,0
1.021,0.468,2
0.48,0.709,0
0.504,0.062,3
0.298,0.503,0
0.29,0.566,0
0.096,0.725,0
0.1,0.873,0
0.412,0.086,3
0.235,0.492,0
0.067,0.812,0
0.436,0.79,0
0.523,0.056,3
0.458,0.767,0
0.506,0.137,3
0.287,0.524,0
0.971,0.44,2
0.527,0.1,3
0.495,0.105,3
0.274,0.517,0
0.551,0.094,3
0.934,0.497,1
0.08,0.814,0
0.465,0.07,3
0.137,0.765,0
0.252,0.513,0
0.578,0.024,3
0.296,0.516,0
0.498,0.749,0
0.185,0.482,0
0.399,0.744,0
0.987,0.493,2
0.008,0.831,0
0.275,0.495,0
0.287,0.382,0
0.468,0.127,3
0.569,0.116,3
0.127,0.809,0
0.934,0.547,1
1,0.479,2
0.032,0.772,0
0.019,0.733,0
0.288,0.485,0
0.235,0.481,0
0.066,0.749,0
1.029,0.567,4
0.403,0.724,0
0.935,0.55,1
0.474,0.059,3
1.006,0.5,2
0.431,0.088,3
0.456,0.014,3
1.016,0.59,4
1.023,0.546,4
0.239,0.519,0
0.058,0.809,0
0.432,0.713,0
0.503,0.118,3
0.933,0.571,1
0.511,0.063,3
0.954,0.454,2
0.995,0.493,2
0.446,0.785,0
0.075,0.746,0
0.469,0.081,3
0.299,0.532,0
0.377,0.708,0
0.398,0.772,0
0.26,0.542,0
0.017,0.742,0
0.126,0.718,0
0.493,0.005,3
0.044,0.73,0
1.027,0.504,2
0.041,0.749,0
0.962,0.55,1
1.019,0.578,4
0.997,0.499,2
0.264,0.496,0
1.09,0.547,4
0.056,0.684,0
0.444,0.733,0
0.295,0.489,0
0.139,0.768,0
0.034,0.778,0
0.305,0.557,0
0.926,0.526,1
0.238,0.539,0
0.245,0.508,0
0.188,0.502,0
0.466,0.162,3
0.411,0.706,0
0.286,0.484,0
0.041,0.777,0
1.027,0.497,2
0.991,0.594,4
0.989,0.589,4
0.369,0.731,0
0.275,0.468,0
0.476,0.77,0
0.951,0.505,1
0.557,0.001,3
0.971,0.554,4
0.455,0.794,0
0.979,0.487,2
0.469,0.729,0
0.475,0.019,3
0.5,0.064,3
0.518,0.043,3
0.433,0.752,0
0.995,0.623,4
0.447,0.672,0
0.464,0.669,0
0.114,0.788,0
0.953,0.493,1
0.022,0.733,0
0.277,0.524,0
0.1,0.826,0
0.324,0.461,0
0.487,0.716,0
0.501,0.759,0
0.437,0.769,0
0.411,0.684,0
0.462,0.761,0
0.062,0.854,0
0.067,0.748,0
0.492,0.715,0
1.05,0.588,4
0.985,0.553,4
0.289,0.555,0
0.091,0.707,0
0.472,0.75,0
0.066,0.768,0
0.335,0.72,0
0.507,0.077,3
0.269,0.536,0
0.307,0.518,0
0.327,0.538,0
0.275,0.39,0
0.035,0.807,0
0.482,0.72,0
0.09,0.729,0
0.253,0.488,0
0.541,0.063,3
0.107,0.825,0
0.28,0.47,0
0.867,0.538,1
0.161,0.81,0
0.406,0.664,0
0.482,0.036,3
0.313,0.472,0
0.44,0.102,3
0.279,0.473,0
1.033,0.533,2
0.032,0.745,0
0.99,0.531,2
0.893,0.477,1
0.036,0.802,0
0.959,0.601,4
0.084,0.761,0
0.493,0.104,3
0.518,0.723,0
0.435,0.677,0
0.111,0.698,0
0.29,0.486,0
0.439,0.684,0
0.095,0.753,0
0.258,0.474,0
0.334,0.44,0
0.352,0.401,0
0.947,0.512,1
0.233,0.501,0
0.961,0.569,4
0.028,0.689,0
0.007,0.764,0
1.044,0.422,2
0.513,0.023,3
0.085,0.797,0
0.287,0.518,0
0.405,0.789,0
0.296,0.446,0
0.496,0.117,3
0.457,0.725,0
0.458,0.031,3
0.37,0.722,0
0.453,0.023,3
0.452,0.12,3
0.468,0.749,0
0.255,0.5,0
0.107,0.816,0
0.114,0.797,0
0.488,0.067,3
0.971,0.52,2
0.271,0.563,0
0.428,0.704,0
1.02,0.489,2
0.529,0.044,3
0.139,0.792,0
0.439,0.066,3
0.466,0.085,3
0.099,0.759,0
1.028,0.509,2
0.106,0.776,0
0.987,0.575,4
0.384,0.661,0
0.55,0.093,3
0.511,0.092,3
0.463,0.05,3
0.121,0.733,0
0.435,0.78,0
0.485,0.77,0
0.254,0.536,0
0.513,0.771,0
0.093,0.763,0
0.487,0.014,3
0.463,0.661,0
0.953,0.553,1
0.112,0.738,0
0.039,0.758,0
0.258,0.401,0
0.519,0.035,3
0.424,0.701,0
0.908,0.526,1
0.474,0.697,0
0.066,0.828,0
0.483,0.053,3
0.05,0.725,0
1.015,0.561,4
1.004,0.553,4
1.027,0.492,2
0.465,0.69,0
0.096,0.781,0
0.455,0.726,0
0.111,0.738,0
0.12,0.824,0
0.058,0.758,0
0.455,0.792,0
0.051,0.707,0
0.319,0.472,0
0.25,0.501,0
0.04,0.763,0
0.391,0.703,0
0.231,0.499,0
0.062,0.766,0
0.521,0.022,3
0.462,0.203,3
0.992,0.515,2
0.97,0.604,4
0.05,0.726,0
0.065,0.811,0
0.245,0.529,0
0.331,0.482,0
0.228,0.608,0
0.39,0.716,0
0.087,0.826,0
0.541,0.026,3
0.475,0.12,3
0.303,0.473,0
0.471,0.058,3
0.994,0.494,2
0.119,0.798,0
0.097,0.788,0
0.388,0.665,0
1.029,0.567,4
0.42,0.693,0
1.01,0.582,4
0.402,0.735,0
0.462,0.049,3
0.286,0.517,0
0.126,0.657,0
0.964,0.586,4
0.47,0.088,3
1,0.493,2
0.899,0.526,1
0.271,0.548,0
1.025,0.548,4
0.46,0.154,3
0.248,0.547,0
0.416,0.787,0
0.465,0.738,0
0.282,0.506,0
0.422,0.127,3
0.14,0.837,0
0.328,0.495,0
0.448,0.779,0
0.48,0.658,0
0.282,0.521,0
0.104,0.803,0
0.467,0.1,3
0.977,0.546,4
0.517,0.059,3
0.079,0.822,0
0.436,0.108,3
0.494,0.086,3
0.396,0.779,0
0.3,0.534,0
1.03,0.601,4
0.981,0.526,2
0.041,0.802,0
0.263,0.521,0
0.454,0.141,3
0.312,0.496,0
0.066,0.729,0
0.325,0.579,0
0.541,0.091,3
0.458,0.72,0
0.513,0.101,3
0.944,0.467,2
0.969,0.515,2
0.507,0.022,3
0.001,0.79,0
0.326,0.534,0
0.199,0.509,0
0.468,0.072,3
0.267,0.519,0
0.99,0.525,2
0.098,0.79,0
1.04,0.535,2
0.961,0.535,1
0.458,0.677,0
0.224,0.493,0
0.303,0.533,0
0.549,0.101,3
0.256,0.475,0
0.042,0.831,0
0.986,0.58,4
1.005,0.543,4
1.006,0.558,4
0.976,0.475,2
0.561,0.054,3
0.473,0.022,3
0.403,0.041,3
0.469,0.73,0
0.971,0.583,4
0.056,0.811,0
0.061,0.732,0
0.121,0.791,0
0.034,0.814,0
0.906,0.621,1
0.067,0.795,0
0.466,0.043,3
0.288,0.467,0
0.479,0.732,0
0.437,0.65,0
0.958,0.597,4
0.962,0.529,1
0.972,0.632,4
0.05,0.689,0
0.415,0.778,0
0.275,0.505,0
0.419,0.664,0
0.98,0.477,2
0.24,0.468,0
0.573,0.661,0
0.085,0.729,0
0.974,0.525,2
1.009,0.507,2
0.083,0.827,0
0.491,0.082,3
0.371,0.639,0
0.451,0.744,0
0.103,0.729,0
1.007,0.549,4
0.95,0.557,1
0.075,0.813,0
0.987,0.599,4
0.971,0.539,1
0.531,0.089,3
0.113,0.891,0
0.544,0.046,3
0.529,0.089,3
0.909,0.54,1
0.253,0.463,0
0.14,0.786,0
0.486,0.692,0
0.408,0.75,0
0.214,0.531,0
0.381,0.751,0
0.22,0.555,0
0.221,0.595,0
0.076,0.805,0
0.009,0.763,0
0.447,0.694,0
0.188,0.515,0
0.934,0.663,4
0.465,0.702,0
0.325,0.575,0
0.954,0.546,1
0.549,0.046,3
0.466,0.684,0
0.082,0.763,0
0.567,0.06,3
0.301,0.541,0
0.892,0.534,1
0.071,0.842,0
0.058,0.877,0
0.502,0.037,3
0.079,0.796,0
0.467,0.063,3
0.081,0.722,0
0.387,0.717,0
0.284,0.461,0
0.927,0.534,1
0.525,0.021,3
0.529,0.037,3
0.958,0.493,2
0.011,0.757,0
0.254,0.568,0
0.927,0.529,1
0.517,0.682,0
0.136,0.72,0
0.225,0.512,0
0.255,0.481,0
1.016,0.571,4
0.328,0.515,0
0.462,0.754,0
0.191,0.498,0
1.015,0.549,4
0.259,0.516,0
0.077,0.743,0
0.987,0.516,2
0.415,0.739,0
0.419,0.737,0
0.07,0.828,0
0.615,0.024,3
0.425,0.699,0
0.427,0.062,3
0.024,0.805,0
0.97,0.555,4
0.951,0.561,1
0.273,0.47,0
0.094,0.703,0
0.071,0.726,0
0.417,0.78,0
0.282,0.438,0
0.419,0.743,0
0.005,0.863,0
0.386,0.622,0
0.082,0.749,0
0.54,0.128,3
0.124,0.578,0
0.493,0.106,3
0.487,0.768,0
0.477,0.751,0
0.54,0.033,3
0.944,0.553,1
0.473,0.777,0
0.061,0.772,0
0.934,0.471,1
0.045,0.89,0
0.949,0.494,1
0.42,0.691,0
1.07,0.6,4
0.317,0.451,0
0.457,0.714,0
0.005,0.746,0
1.059,0.511,2
0.471,0.118,3
0.27,0.476,0
0.559,0.096,3
0.242,0.503,0
0.49,0.113,3
0.518,0.717,0
0.093,0.805,0
0.488,0.082,3
0.451,0.04,3
0.452,0.155,3
0.528,0.037,3
0.245,0.486,0
0.016,0.87,0
0.965,0.522,1
0.478,0.074,3
1.028,0.586,4
0.042,0.801,0
0.379,0.785,0
0.431,0.046,3
0.269,0.453,0
0.453,0.743,0
0.941,0.584,1
0.539,0.078,3
1.016,0.504,2
0.99,0.566,4
0.431,0.771,0
0.989,0.522,2
0.308,0.52,0
0.869,0.52,1
0.422,0.634,0
0.493,0.654,0
0.407,0.008,3
0.259,0.503,0
0.366,0.752,0
0.266,0.491,0
0.314,0.459,0
0.507,0.021,3
0.922,0.517,1
0.228,0.528,0
0.503,0.014,3
0.903,0.549,1
1.025,0.545,4
0.271,0.476,0
0.365,0.703,0
0.582,0.07,3
0.479,0.72,0
0.454,0.726,0
0.278,0.511,0
0.445,0.781,0
0.219,0.486,0
0.066,0.744,0
1.058,0.57,4
0.484,0.678,0
0.068,0.838,0
0.314,0.531,0
0.27,0.526,0
0.019,0.765,0
1.037,0.529,2
0.06,0.773,0
0.041,0.808,0
1.058,0.554,4
0.462,0.105,3
0.265,0.501,0
0.909,0.481,1
1.019,0.55,4
0.148,0.778,0
0.997,0.549,4
0.472,0.122,3
0.385,0.736,0
0.052,0.765,0
0.301,0.437,0
0.116,0.789,0
1.014,0.497,2
0.243,0.454,0
0.184,0.471,0
0.258,0.476,0
0.524,0.051,3
0.463,0.053,3
0.095,0.78,0
0.465,0.079,3
0.491,0.709,0
0.962,0.532,1
0.029,0.793,0
0.907,0.469,1
0.324,0.517,0
0.075,0.833,0
0.295,0.474,0
0.293,0.518,0
0.423,0.746,0
0.323,0.448,0
0.51,0.036,3
0.201,0.453,0
0.579,0.006,3
0.243,0.533,0
0.42,0.771,0
0.992,0.525,2
1.008,0.497,2
0.323,0.58,0
0.517,0.061,3
0.451,0.73,0
0.534,0.039,3
0.546,0.145,3
0.553,0.069,3
1.025,0.574,4
0.385,0.721,0
0.112,0.755,0
0.149,0.79,0
0.233,0.566,0
0.417,0.707,0
0.924,0.624,4
0.513,0.109,3
0.222,0.463,0
0.458,0.016,3
0.533,0.756,0
0.542,0.092,3
0.057,0.713,0
0.061,0.806,0
0.113,0.737,0
0.421,0.705,0
0.534,0.076,3
1.01,0.464,2
0.019,0.698,0
0.536,0.039,3
0.449,0.703,0
0.258,0.514,0
1.051,0.603,4
0.419,0.7,0
0.509,0.029,3
0.516,0.077,3
0.302,0.507,0
0.434,0.051,3
1.078,0.576,4
0.063,0.736,0
0.358,0.491,0
1.04,0.504,2
0.496,0.068,3
0.997,0.524,2
0.483,0.075,3
0.169,0.437,0
0.44,0.081,3
0.432,0.711,0
0.088,0.776,0
0.99,0.549,4
0.473,0.048,3
0.918,0.543,1
0.308,0.564,0
1.055,0.546,4
0.411,0.689,0
0.979,0.604,4
0.479,0.828,0
0.316,0.49,0
0.502,0.088,3
0.963,0.592,4
0.51,0.096,3
1.006,0.482,2
0.973,0.456,2
0.389,0.789,0
0.947,0.565,1
0.12,0.819,0
0.431,0.695,0
0.112,0.77,0
0.444,0.128,3
0.137,0.762,0
0.238,0.508,0
0.478,0.065,3
0.476,0.02,3
0.969,0.545,1
0.084,0.745,0
0.414,0.707,0
0.068,0.769,0
0.198,0.518,0
0.445,0.726,0
0.489,0.703,0
0.243,0.438,0
0.529,0.09,3
0.005,0.837,0
0.093,0.753,0
0.464,0.017,3
0.07,0.82,0
0.402,0.649,0
0.21,0.466,0
1.022,0.575,4
0.989,0.564,4
0.509,0.022,3
0.409,0.75,0
0.148,0.785,0
0.441,0.716,0
0.95,0.519,1
0.942,0.545,1
0.096,0.857,0
0.429,0.672,0
0.304,0.504,0
0.303,0.551,0
0.094,0.82,0
0.572,0.123,3
0.057,0.813,0
0.481,0.1,3
0.206,0.57,0
0.326,0.46,0
0.226,0.52,0
0.332,0.481,0
0.492,0.655,0
0.281,0.485,0
0.332,0.48,0
0.142,0.754,0
0.39,0.668,0
0.535,0.037,3
0.266,0.524,0
1.037,0.481,2
0.042,0.734,0
0.085,0.756,0
1.017,0.521,2
0.492,0.712,0
0.439,0.025,3
0.052,0.731,0
0.187,0.826,0
0.053,0.779,0
0.097,0.748,0
1.023,0.505,2
0.501,0.028,3
0.062,0.785,0
0.303,0.514,0
0.466,0.714,0
0.228,0.495,0
0.979,0.483,2
0.444,0.68,0
0.457,0.698,0
0.491,0.664,0
0.982,0.491,2
0.435,0.712,0
0.416,0.167,3
0.431,0.722,0
0.954,0.54,1
0.515,0.731,0
0.467,0.054,3
0.311,0.526,0
0.927,0.57,1
0.535,0.688,0
0.47,0.043,3
0.427,0.7,0
0.317,0.528,0
0.254,0.456,0
0.478,0.106,3
0.293,0.502,0
0.969,0.586,4
0.898,0.485,1
0.983,0.585,4
0.399,0.704,0
0.514,0.017,3
0.291,0.462,0
0.508,0.093,3
0.286,0.506,0
0.535,0.034,3
0.941,0.561,1
0.99,0.61,4
0.472,0.744,0
0.321,0.479,0
0.585,0.017,3
0.492,0.05,3
0.985,0.523,2
0.443,0.68,0
0.069,0.804,0
0.459,0.081,3
0.487,0.741,0
0.044,0.802,0
0.969,0.54,1
0.928,0.531,1
0.294,0.497,0
0.447,0.726,0
0.252,0.514,0
0.41,0.646,0
0.281,0.496,0
0.015,0.752,0
0.447,0.787,0
0.266,0.454,0
0.048,0.78,0
0.529,0.081,3
0.475,0.736,0
0.456,0.699,0
0.14,0.763,0
1.029,0.553,4
0.293,0.478,0
0.221,0.41,0
0.507,0.678,0
0.076,0.799,0
0.52,0.062,3
0.405,0.794,0
0.485,0.001,3
0.287,0.572,0
0.951,0.561,1
0.905,0.498,1
1.02,0.573,4
0.01,0.806,0
0.948,0.567,1
1.06,0.549,4
0.107,0.801,0
0.996,0.521,2
0.489,0.677,0
0.918,0.578,1
0.968,0.495,2
0.291,0.518,0
0.054,0.84,0
0.114,0.834,0
0.923,0.494,1
0.264,0.548,0
0.948,0.61,4
0.929,0.567,1
0.977,0.535,2
0.533,0.074,3
0.482,0.657,0
0.961,0.495,2
0.12,0.772,0
0.378,0.694,0
0.242,0.497,0
0.494,0.026,3
0.991,0.533,2
0.949,0.455,2
0.469,0.005,3
0.403,0.731,0
0.111,0.771,0
0.038,0.813,0
0.109,0.806,0
0.994,0.568,4
0.221,0.465,0
0.051,0.729,0
0.97,0.505,2
0.986,0.519,2
0.103,0.819,0
0.311,0.495,0
0.561,0.043,3
0.433,0.711,0
0.474,0.705,0
0.004,0.718,0
0.419,0.072,3
0.196,0.524,0
0.284,0.505,0
0.435,0.675,0
0.485,0.036,3
0.081,0.752,0
0.954,0.498,1
0.268,0.442,0
0.537,0.182,3
0.446,0.773,0
0.125,0.738,0
0.484,0.103,3
0.359,0.445,0
0.055,0.748,0
0.077,0.76,0
0.407,0.728,0
0.323,0.476,0
0.216,0.504,0
1.03,0.539,2
0.523,0.113,3
0.313,0.584,0
0.501,0.807,0
0.435,0.013,3
0.463,0.008,3
1.015,0.605,4
0.222,0.524,0
0.977,0.545,4
0.464,0.635,0
0.208,0.461,0
0.073,0.743,0
0.023,0.743,0
0.538,0.712,0
0.251,0.514,0
0.102,0.788,0
0.974,0.544,4
0.334,0.437,0
1.011,0.531,2
0.254,0.438,0
1.043,0.549,4
0.103,0.853,0
0.507,0.06,3
0.343,0.465,0
0.245,0.493,0
0.172,0.54,0
0.928,0.497,1
0.967,0.556,4
0.079,0.809,0
0.517,0.162,3
0.106,0.812,0
1.019,0.571,4
0.409,0.738,0
0.518,0.722,0
0.486,0.059,3
0.487,0.063,3
0.558,0.053,3
0.279,0.522,0
0.521,0.046,3
0.304,0.501,0
0.068,0.78,0
0.091,0.748,0
0.403,0.646,0
0.428,0.767,0
0.481,0.141,3
0.444,0.708,0
0.252,0.581,0
0.044,0.843,0
0.514,0.104,3
0.954,0.51,1
0.256,0.558,0
0.311,0.413,0
0.115,0.734,0
0.955,0.563,1
0.127,0.78,0
0.472,0.758,0
0.986,0.571,4
0.415,0.746,0
0.25,0.446,0
0.52,0.076,3
0.997,0.572,4
0.493,0.019,3
0.275,0.443,0
0.529,0.038,3
0.106,0.776,0
0.439,0.798,0
0.347,0.556,0
0.002,0.769,0
0.464,0.691,0
0.976,0.506,2
0.105,0.761,0
0.539,0.044,3
0.485,0.103,3
0.109,0.826,0
0.934,0.474,1
0.942,0.55,1
0.389,0.721,0
0.064,0.817,0
0.077,0.785,0
0.515,0.762,0
0.422,0.673,0
0.036,0.765,0
0.259,0.493,0
0.226,0.417,0
0.345,0.452,0
1.043,0.573,4
0.402,0.698,0
0.415,0.15,3
0.923,0.492,1
0.255,0.521,0
0.025,0.75,0
0.971,0.549,4
0.493,0.125,3
0.017,0.823,0
1.007,0.612,4
0.95,0.542,1
0.481,0.086,3
0.961,0.513,1
0.355,0.716,0
0.092,0.706,0
0.532,0.062,3
0.437,0.732,0
0.308,0.501,0
0.297,0.48,0
1.003,0.56,4
0.441,0.731,0
0.077,0.759,0
0.49,0.084,3
0.465,0.731,0
0.073,0.83,0
0.973,0.558,4
0.928,0.469,1
0.938,0.552,1
0.51,0.046,3
0.203,0.492,0
0.046,0.749,0
0.383,0.729,0
0.089,0.767,0
0.494,0.08,3
0.219,0.389,0
0.961,0.507,1
0.449,0.731,0
0.15,0.703,0
0.186,0.811,0
0.49,0.759,0
0.467,0,3
0.534,0.056,3
0.493,0.091,3
0.08,0.763,0
0.309,0.523,0
0.253,0.503,0
0.289,0.48,0
1,0.442,2
0.877,0.557,1
0.495,0.015,3
1.04,0.561,4
0.389,0.773,0
0.89,0.583,1
0.951,0.531,1
0.467,0.016,3
0.051,0.742,0
0.513,0.035,3
0.091,0.799,0
0.296,0.473,0
0.219,0.501,0
0.285,0.473,0
0.522,0.105,3
0.232,0.417,0
0.45,0.693,0
0.132,0.833,0
0.972,0.582,4
0.445,0.733,0
0.098,0.791,0
0.494,0.066,3
0.485,0.068,3
0.099,0.749,0
0.079,0.752,0
0.298,0.491,0
0.407,0.051,3
0.244,0.552,0
0.238,0.519,0
0.103,0.791,0
0.503,0.007,3
0.94,0.519,1
0.521,0.091,3
0.467,0.616,0
1.065,0.532,2
0.957,0.52,1
0.499,0.057,3
0.06,0.695,0
0.268,0.485,0
0.067,0.794,0
1.035,0.549,4
0.402,0.736,0
0.435,0.768,0
0.095,0.797,0
0.989,0.519,2
0.454,0.115,3
0.091,0.783,0
0.016,0.785,0
0.137,0.705,0
0.043,0.806,0
0.425,0.132,3
0.457,0.719,0
0.243,0.487,0
0.477,0.75,0
0.933,0.598,1
0.492,0.088,3
0.572,0.109,3
0.506,0.067,3
0.299,0.468,0
1.002,0.519,2
0.311,0.51,0
0.546,0.073,3
0.517,0.745,0
0.272,0.462,0
0.253,0.522,0
0.12,0.813,0
0.091,0.799,0
0.295,0.457,0
0.237,0.427,0
1.009,0.562,4
0.381,0.672,0
0.876,0.494,1
0.086,0.814,0
0.52,0.087,3
0.015,0.736,0
0.548,0.025,3
0.477,0.058,3
0.244,0.481,0
0.26,0.535,0
0.1,0.767,0
0.045,0.669,0
0.251,0.543,0
0.538,0.08,3
0.48,0.089,3
0.975,0.614,4
0.276,0.535,0
0.469,0.17,3
0.467,0.13,3
0.378,0.738,0
0.454,0.001,3
0.402,0.694,0
0.095,0.762,0
0.304,0.521,0
0.409,0.78,0
0.504,0.099,3
0.927,0.579,1
0.462,0.093,3
0.413,0.735,0
0.531,0.072,3
0.506,0.057,3
0.048,0.751,0
0.314,0.68,0
0.973,0.48,2
0.472,0.729,0
0.321,0.479,0
0.955,0.588,4
0.25,0.55,0
0.484,0.048,3
0.059,0.884,0
0.484,0.043,3
0.055,0.854,0
0.514,0.107,3
0.061,0.803,0
0.434,0.729,0
0.506,0.017,3
0.993,0.58,4
0.311,0.467,0
0.089,0.84,0
0.023,0.842,0
0.969,0.457,2
0.087,0.854,0
0.256,0.521,0
0.432,0.114,3
0.983,0.548,4
0.107,0.766,0
0.99,0.505,2
0.081,0.844,0
0.234,0.596,0
0.287,0.464,0
0.529,0.058,3
0.442,0.699,0
0.107,0.751,0
0.298,0.543,0
0.274,0.464,0
0.058,0.772,0
0.453,0.74,0
0.06,0.791,0
0.454,0.638,0
0.5,0.009,3
0.42,0.143,3
0.521,0.092,3
0.445,0.729,0
0.986,0.529,2
0.472,0.032,3
0.971,0.54,1
0.244,0.538,0
0.41,0.676,0
0.027,0.793,0
0.978,0.575,4
0.43,0.807,0
0.485,0.134,3
0.946,0.578,1
1.023,0.519,2
0.519,0.771,0
0.259,0.482,0
0.094,0.78,0
0.405,0.083,3
0.507,0.012,3
0.289,0.543,0
0.969,0.604,4
0.461,0.065,3
0.064,0.86,0
0.251,0.506,0
0.462,0.001,3
1.011,0.527,2
0.452,0.01,3
0.947,0.577,1
0.981,0.553,4
0.374,0.746,0
0.386,0.752,0
0.985,0.503,2
0.497,0.047,3
0.945,0.529,1
0.082,0.812,0
0.937,0.623,4
0.277,0.489,0
0.427,0.73,0
0.267,0.555,0
0.981,0.482,2
0.281,0.504,0
0.083,0.841,0
0.428,0.656,0
0.513,0.084,3
0.449,0.739,0
0.937,0.507,1
0.519,0.105,3
0.083,0.807,0
0.965,0.542,1
0.258,0.562,0
0.972,0.567,4
0.46,0.703,0
0.989,0.536,2
0.113,0.76,0
0.051,0.747,0
0.48,0.118,3
1.026,0.486,2
0.6,0.074,3
0.035,0.771,0
0.43,0.749,0
0.411,0.087,3
0.462,0.026,3
0.239,0.479,0
0.955,0.555,1
0.453,0.73,0
0.281,0.533,0
0.033,0.766,0
0.07,0.689,0
1.004,0.512,2
0.009,0.824,0
0.475,0.737,0
1.041,0.506,2
0.294,0.5,0
0.504,0.066,3
0.982,0.549,4
0.411,0.786,0
0.42,0.693,0
0.442,0.724,0
0.503,0.023,3
0.06,0.817,0
0.055,0.814,0
1.055,0.62,4
0.954,0.461,2
0.51,0.012,3
0.068,0.71,0
0.97,0.576,4
0.488,0.086,3
0.97,0.556,4
0.959,0.526,1
0.509,0.067,3
1.007,0.511,2
0.439,0.704,0
0.485,0.746,0
0.509,0.061,3
0.139,0.744,0
0.462,0.083,3
0.107,0.806,0
0.072,0.835,0
0.992,0.584,4
0.255,0.499,0
0.477,0.065,3
0.269,0.471,0
0.043,0.785,0
0.105,0.745,0
0.38,0.787,0
0.963,0.503,2
0.058,0.806,0
0.015,0.715,0
0.444,0.737,0
0.068,0.778,0
0.448,0.773,0
0.555,0.021,3
0.481,0.662,0
0.492,0.044,3
0.06,0.814,0
0.451,0.153,3
0.497,0.088,3
0.273,0.484,0
1.025,0.611,4
0.294,0.453,0
0.979,0.534,2
0.45,0.022,3
0.507,0.065,3
0.289,0.557,0
0.082,0.765,0
0.225,0.522,0
0.136,0.851,0
0.51,0.008,3
0.439,0.818,0
0.063,0.736,0
0.943,0.549,1
0.293,0.508,0
0.551,0.001,3
0.531,0.085,3
1.041,0.511,2
0.478,0.746,0
1.025,0.533,2
0.511,0.051,3
0.276,0.481,0
0.238,0.436,0
0.107,0.792,0
0.498,0.037,3
0.037,0.771,0
0.923,0.498,1
0.053,0.77,0
0.484,0.156,3
1.021,0.641,4
0.41,0.761,0
0.464,0.041,3
0.414,0.699,0
0.087,0.843,0
0.922,0.555,1
0.308,0.564,0
0.438,0.765,0
0.108,0.788,0
0.952,0.552,1
0.091,0.74,0
0.91,0.518,1
0.469,0.023,3
0.408,0.053,3
0.969,0.542,1
0.483,0.048,3
0.338,0.502,0
0.067,0.83,0
0.517,0.625,0
0.449,0.729,0
0.257,0.483,0
1.028,0.565,4
0.533,0.1,3
0.909,0.551,1
0.284,0.442,0
0.236,0.474,0
0.257,0.568,0
0.519,0.01,3
0.029,0.684,0
0.96,0.512,1
0.522,0.061,3
1.02,0.579,4
0.454,0.766,0
0.421,0.78,0
0.07,0.808,0
0.424,0.729,0
0.414,0.721,0
0.467,0.133,3
0.408,0.753,0
0.12,0.756,0
0.108,0.839,0
0.947,0.529,1
0.572,0.079,3
0.48,0.034,3
0.25,0.469,0
0.313,0.478,0
0.464,0.828,0
0.98,0.53,2
0.948,0.523,1
0.291,0.53,0
0.001,0.771,0
1.011,0.504,2
0.083,0.888,0
0.386,0.004,3
0.323,0.516,0
0.92,0.519,1
0.432,0.737,0
0.522,0.727,0
0.472,0.074,3
0.512,0.779,0
0.405,0.699,0
0.478,0.078,3
0.481,0.018,3
0.971,0.583,4
0.073,0.798,0
0.13,0.801,0
1.024,0.536,2
0.433,0.04,3
0.987,0.548,4
0.456,0.743,0
0.037,0.753,0
0.324,0.481,0
0.439,0.793,0
0.436,0.724,0
0.449,0.724,0
0.391,0.749,0
1.027,0.49,2
0.544,0.112,3
0.123,0.791,0
0.064,0.792,0
0.521,0.044,3
0.434,0.701,0
0.276,0.474,0
0.131,0.759,0
0.294,0.502,0
0.129,0.826,0
0.371,0.771,0
0.509,0.072,3
0.904,0.571,1
0.504,0.094,3
0.42,0.746,0
1.014,0.503,2
0.324,0.523,0
0.136,0.803,0
0.013,0.84,0
0.449,0.792,0
0.473,0.726,0
0.039,0.771,0
0.217,0.459,0
0.992,0.518,2
0.444,0.046,3
0.131,0.686,0
0.211,0.521,0
0.493,0.056,3
0.093,0.762,0
0.262,0.531,0
0.963,0.431,2
0.295,0.442,0
0.994,0.491,2
0.516,0.094,3
0.07,0.817,0
0.13,0.872,0
0.429,0.682,0
0.268,0.497,0
0.548,0.058,3
0.237,0.491,0
0.166,0.759,0
1.023,0.523,2
0.492,0.093,3
1.008,0.539,2
0.464,0.699,0
0.544,0.092,3
0.579,0.107,3
0.512,0.055,3
1.04,0.521,2
0.279,0.525,0
0.046,0.743,0
0.149,0.793,0
0.089,0.702,0
0.523,0.109,3
0.959,0.575,4
0.164,0.787,0
0.067,0.794,0
0.045,0.818,0
0.504,0.093,3
0.502,0.696,0
0.098,0.75,0
0.39,0.745,0
0.26,0.476,0
0.411,0.68,0
0.273,0.503,0
0.471,0.119,3
0.466,0.769,0
0.361,0.672,0
0.482,0.088,3
0.455,0.009,3
0.259,0.467,0
0.567,0.113,3
0.459,0.767,0
0.423,0.126,3
0.434,0.715,0
0.072,0.781,0
0.062,0.798,0
0.377,0.726,0
0.124,0.768,0
0.993,0.53,2
0.42,0.733,0
0.318,0.56,0
0.544,0.033,3
0.089,0.802,0
0.394,0.666,0
0.299,0.476,0
0.078,0.851,0
0.433,0.748,0
0.28,0.471,0
0.526,0.105,3
0.587,0.082,3
0.508,0.67,0
0.54,0.107,3
0.279,0.504,0
0.076,0.73,0
1.037,0.597,4
0.414,0.061,3
0.053,0.78,0
0.987,0.567,4
0.356,0.76,0
0.428,0.792,0
0.21,0.545,0
0.289,0.485,0
0.283,0.569,0
0.246,0.431,0
0.507,0.06,3
0.265,0.559,0
0.49,0.75,0
0.47,0.072,3
0.443,0.736,0
0.998,0.574,4
0.283,0.546,0
0.979,0.569,4
0.547,0.038,3
0.427,0.738,0
0.42,0.74,0
0.299,0.498,0
0.464,0.699,0
0.423,0.724,0
0.063,0.795,0
0.949,0.56,1
0.198,0.47,0
0.323,0.462,0
0.243,0.478,0
0.096,0.766,0
0.936,0.519,1
0.46,0.754,0
0.526,0.106,3
0.081,0.75,0
0.082,0.745,0
0.568,0.042,3
0.98,0.547,4
0.275,0.491,0
0.516,0.117,3
1.06,0.518,2
0.495,0.122,3
0.448,0.723,0
0.081,0.706,0
1.018,0.539,2
1.022,0.611,4
0.294,0.565,0
0.998,0.513,2
0.997,0.575,4
0.995,0.611,4
0.321,0.467,0
0.124,0.733,0
0.48,0.775,0
0.266,0.478,0
0.484,0.742,0
0.413,0.729,0
0.492,0.082,3
0.97,0.544,1
0.07,0.715,0
0.916,0.593,1
0.231,0.537,0
0.53,0.023,3
0.238,0.48,0
0.47,0.052,3
0.039,0.788,0
0.929,0.566,1
0.456,0.807,0
0.935,0.584,1
1.071,0.471,2
0.989,0.513,2
0.207,0.552,0
0.913,0.614,1
0.499,0.022,3
0.324,0.51,0
0.059,0.737,0
0.079,0.857,0
1.034,0.583,4
0.397,0.76,0
0.394,0.716,0
0.092,0.887,0
0.116,0.825,0
0.519,0.116,3
0.349,0.706,0
0.504,0.121,3
0.588,0.065,3
0.254,0.454,0
0.231,0.507,0
0.466,0.685,0
0.494,0.086,3
0.408,0.748,0
0.408,0.792,0
1.009,0.533,2
0.322,0.425,0
0.242,0.5,0
0.093,0.778,0
0.973,0.527,2
0.422,0.726,0
0.326,0.498,0
1.027,0.5,2
0.516,0.104,3
0.371,0.718,0
0.283,0.524,0
0.308,0.456,0
0.251,0.547,0
0.992,0.64,4
0.041,0.743,0
0.49,0.019,3
0.532,0.112,3
0.456,0.719,0
0.054,0.738,0
0.12,0.788,0
0.495,0.703,0
0.026,0.853,0
0.514,0.165,3
0.509,0.716,0
0.44,0.114,3
1.05,0.495,2
0.449,0.685,0
0.209,0.48,0
0.982,0.531,2
1.022,0.545,4
0.949,0.562,1
0.465,0.784,0
0.31,0.581,0
0.488,0.696,0
0.975,0.572,4
0.295,0.495,0
0.428,0.713,0
1.011,0.528,2
0.424,0.727,0
0.047,0.804,0
0.361,0.727,0
0.922,0.57,1
0.48,0.05,3
0.547,0.052,3
0.506,0.711,0
0.088,0.736,0
0.41,0.725,0
0.935,0.527,1
0.984,0.514,2
0.4,0.718,0
0.306,0.474,0
0.468,0.731,0
0.527,0.097,3
1.041,0.508,2
0.549,0.1,3
0.545,0.014,3
0.01,0.724,0
0.477,0.04,3
0.462,0.774,0
0.454,0.781,0
0.432,0.051,3
1.039,0.556,4
0.273,0.527,0
0.518,0.089,3
0.458,0.718,0
0.908,0.527,1
0.452,0.059,3
0.094,0.815,0
0.979,0.501,2
0.033,0.758,0
0.007,0.821,0
0.079,0.806,0
0.992,0.526,2
0.944,0.496,1
0.282,0.446,0
0.448,0.084,3
0.278,0.465,0
0.475,0.715,0
0.54,0.109,3
0.477,0.043,3
0.108,0.755,0
0.994,0.501,2
0.418,0.081,3
0.297,0.526,0
0.459,0.767,0
0.573,0.08,3
0.239,0.525,0
0.498,0.778,0
0.027,0.838,0
0.26,0.511,0
0.298,0.568,0
0.087,0.758,0
0.506,0.079,3
0.301,0.494,0
0.57,0.107,3
0.225,0.481,0
0.954,0.474,2
0.542,0.107,3
0.407,0.705,0
0.175,0.563,0
0.052,0.738,0
0.979,0.479,2
0.488,0.057,3
0.914,0.499,1
0.104,0.798,0
0.454,0.71,0
0.942,0.522,1
0.452,0.01,3
0.997,0.578,4
0.948,0.578,1
0.077,0.819,0
1.019,0.54,2
0.239,0.494,0
0.308,0.539,0
0.21,0.514,0
0.42,0.678,0
0.447,0.694,0
0.397,0.7,0
0.962,0.568,4
0.1,0.767,0
0.456,0.048,3
0.473,0.721,0
0.909,0.58,1
0.513,0.095,3
0.468,0.71,0
0.411,0.131,3
0.393,0.711,0
0.444,0.742,0
0.898,0.543,1
0.931,0.583,1
0.019,0.762,0
0.068,0.761,0
1.007,0.536,2
0.494,0.057,3
0.504,0.083,3
0.284,0.502,0
0.254,0.59,0
0.449,0.757,0
0.104,0.807,0
0.542,0.103,3
1.006,0.608,4
0.065,0.813,0
0.504,0.038,3
0.448,0.051,3
0.957,0.522,1
1.028,0.509,2
0.034,0.781,0
0.437,0.728,0
0.957,0.526,1
0.454,0.745,0
0.533,0.04,3
0.251,0.472,0
0.509,0.754,0
0.421,0.733,0
0.499,0.075,3
0.522,0.095,3
0.079,0.779,0
0.066,0.796,0
1.014,0.513,2
0.506,0.024,3
0.429,0.741,0
0.317,0.497,0
0.492,0.728,0
0.292,0.524,0
0.34,0.392,0
0.321,0.554,0
0.476,0.745,0
0.997,0.579,4
1.005,0.534,2
0.516,0.741,0
0.044,0.694,0
0.152,0.825,0
0.064,0.766,0
0.297,0.548,0
0.039,0.792,0
0.235,0.493,0
0.256,0.535,0
1.047,0.484,2
0.496,0.718,0
0.991,0.533,2
0.107,0.77,0
0.532,0.07,3
0.32,0.513,0
0.426,0.101,3
0.534,0.104,3
0.976,0.59,4
0.345,0.47,0
0.962,0.546,1
0.296,0.501,0
0.242,0.509,0
0.983,0.503,2
0.976,0.489,2
0.285,0.472,0
0.426,0.708,0
0.274,0.486,0
0.523,0.072,3
0.275,0.499,0
1.038,0.526,2
0.265,0.594,0
0.6,0.024,3
0.043,0.761,0
0.425,0.68,0
0.055,0.791,0
0.958,0.605,4
0.278,0.509,0
0.422,0.062,3
0.476,0.729,0
0.978,0.591,4
0.407,0.731,0
0.476,0.012,3
0.946,0.528,1
0.487,0.006,3
0.505,0.078,3
0.489,0.095,3
0.053,0.746,0
0.453,0.695,0
0.476,0.074,3
0.222,0.464,0
0.909,0.461,1
0.152,0.477,0
0.216,0.471,0
0.986,0.506,2
0.084,0.73,0
0.316,0.53,0
0.078,0.802,0
0.285,0.491,0
0.563,0.104,3
0.289,0.521,0
0.249,0.469,0
0.484,0.724,0
0.473,0.735,0
0.56,0.025,3
0.969,0.55,1
0.261,0.504,0
0.252,0.512,0
0.556,0.059,3
0.208,0.503,0
0.126,0.775,0
0.85,0.552,1
1.038,0.553,4
0.993,0.557,4
0.551,0.023,3
0.918,0.548,1
0.533,0.044,3
0.456,0.731,0
0.574,0.013,3
0.272,0.454,0
0.044,0.705,0
0.127,0.774,0
0.942,0.505,1
0.436,0.763,0
0.535,0.043,3
0.439,0.019,3
0.059,0.824,0
0.375,0.665,0
0.277,0.503,0
1.009,0.499,2
0.02,0.798,0
0.001,0.736,0
0.923,0.496,1
0.251,0.555,0
0.955,0.532,1
0.041,0.865,0
0.425,0.758,0
0.234,0.44,0
0.481,0.094,3
1.053,0.476,2
0.117,0.78,0
0.978,0.537,2
0.425,0.705,0
0.055,0.806,0
0.111,0.788,0
0.048,0.784,0
0.285,0.445,0
0.966,0.548,1
0.547,0.06,3
0.968,0.542,1
0.305,0.516,0
0.992,0.476,2
0.427,0.745,0
0.412,0.732,0
0.016,0.811,0
0.089,0.77,0
0.441,0.043,3
0.48,0.741,0
0.104,0.808,0
0.034,0.742,0
0.983,0.553,4
0.297,0.546,0
0.302,0.489,0
0.5,0.719,0
0.452,0.649,0
0.245,0.449,0
0.388,0.697,0
0.473,0.106,3
0.917,0.545,1
0.109,0.754,0
0.07,0.71,0
0.503,0.096,3
0.087,0.817,0
0.144,0.785,0
0.299,0.496,0
0.471,0.712,0
0.066,0.81,0
0.477,0.705,0
0.472,0.092,3
0.411,0.634,0
0.041,0.826,0
0.53,0.102,3
0.111,0.749,0
0.155,0.69,0
0.419,0.797,0
0.983,0.461,2
0.975,0.534,1
0.426,0.672,0
0.528,0.097,3
0.898,0.564,1
0.974,0.521,2
0.579,0.116,3
0.295,0.513,0
0.288,0.533,0
0.247,0.501,0
0.533,0.062,3
0.454,0.752,0
0.211,0.464,0
0.239,0.476,0
0.428,0.707,0
0.431,0.723,0
0.089,0.822,0
0.424,0.747,0
0.507,0.104,3
0.088,0.795,0
0.246,0.507,0
0.963,0.499,2
0.164,0.518,0
0.485,0.01,3
0.463,0.721,0
0.513,0.05,3
0.997,0.538,2
0.489,0.702,0
0.446,0.052,3
0.269,0.512,0
0.036,0.864,0
0.414,0.736,0
1.023,0.544,4
0.926,0.528,1
0.333,0.493,0
0.257,0.519,0
0.477,0.097,3
0.097,0.803,0
0.342,0.511,0
0.98,0.514,2
0.484,0.043,3
0.559,0.025,3
1.039,0.536,2
0.401,0.76,0
0.321,0.504,0
0.256,0.49,0
0.964,0.472,2
0.309,0.436,0
0.049,0.743,0
0.086,0.736,0
0.24,0.545,0
0.257,0.487,0
0.941,0.507,1
0.534,0.091,3
0.205,0.525,0
0.438,0.74,0
0.983,0.528,2
0.474,0.711,0
0.972,0.479,2
0.31,0.484,0
0.244,0.481,0
0.481,0.074,3
0.243,0.534,0
0.033,0.752,0
0.245,0.468,0
0.019,0.799,0
0.293,0.557,0
0.039,0.761,0
0.044,0.755,0
0.96,0.591,4
0.493,0.674,0
0.252,0.463,0
0.984,0.548,4
0.487,0.073,3
0.48,0.063,3
0.482,0.762,0
0.255,0.455,0
0.283,0.445,0
0.481,0.073,3
0.339,0.443,0
0.982,0.544,4
0.508,0.051,3
0.462,0.704,0
0.11,0.784,0
0.023,0.783,0
0.879,0.552,1
0.481,0.709,0
0.566,0.117,3
0.372,0.792,0
0.437,0.789,0
0.139,0.794,0
0.445,0.71,0
0.241,0.435,0
0.27,0.53,0
0.447,0.109,3
0.498,0.784,0
0.508,0.05,3
0.499,0.093,3
0.007,0.798,0
0.365,0.657,0
0.458,0.031,3
0.525,0.029,3
0.22,0.435,0
0.435,0.697,0
0.457,0.711,0
0.049,0.779,0
0.534,0.021,3
0.092,0.765,0
0.048,0.829,0
0.117,0.733,0
0.106,0.769,0
0.047,0.743,0
0.252,0.536,0
0.389,0.703,0
0.272,0.558,0
0.963,0.525,1
0,0.801,0
1.001,0.508,2
0.322,0.482,0
0.976,0.576,4
0.064,0.788,0
0.248,0.535,0
0.284,0.495,0
0.417,0.702,0
0.472,0.703,0
0.452,0.673,0
0.269,0.514,0
0.488,0.082,3
0.189,0.538,0
0.266,0.469,0
0.309,0.467,0
0.885,0.582,1
0.43,0.739,0
0.466,0.691,0
0.07,0.819,0
0.256,0.561,0
0.374,0.459,0
1.012,0.538,2
0.991,0.507,2
0.488,0.721,0
0.475,0.728,0
0.546,0.059,3
0.435,0.094,3
0.984,0.516,2
1.011,0.517,2
0.119,0.782,0
0.489,0.111,3
0.49,0.049,3
0.053,0.79,0
0.524,0.14,3
0.578,0.017,3
0.91,0.469,1
0.533,0.093,3
0.099,0.821,0
0.531,0.049,3
0.518,0.088,3
0.516,0.78,0
0.262,0.558,0
0.316,0.464,0
0.456,0.72,0
0.989,0.634,4
0.373,0.728,0
0.405,0.742,0
0.464,0.08,3
0.418,0.032,3
0.485,0.015,3
0.399,0.729,0
0.102,0.746,0
1.023,0.526,2
0.461,0.772,0
1.04,0.545,4
0.098,0.769,0
0.193,0.463,0
0.544,0.108,3
0.263,0.547,0
0.064,0.821,0
0.523,0.003,3
0.501,0.155,3
0.529,0.105,3
0.458,0.094,3
0.009,0.781,0
0.92,0.531,1
0.283,0.387,0
0.29,0.507,0
0.475,0.105,3
0.952,0.498,1
0.026,0.766,0
0.436,0.071,3
0.088,0.782,0
0.24,0.455,0
0.051,0.779,0
0.911,0.434,1
0.265,0.514,0
0.125,0.805,0
1.084,0.576,4
0.501,0.096,3
0.52,0.049,3
0.227,0.483,0
0.939,0.539,1
0.499,0.062,3
0.096,0.844,0
0.443,0.137,3
0.143,0.752,0
0.237,0.488,0
0.474,0.025,3
0.114,0.728,0
0.033,0.774,0
0.417,0.779,0
0.415,0.727,0
0.233,0.451,0
0.245,0.453,0
0.058,0.727,0
0.065,0.778,0
0.295,0.47,0
0.033,0.751,0
0.088,0.74,0
0.256,0.45,0
0.931,0.622,4
0.229,0.488,0
0.464,0.045,3
0.436,0.721,0
1.055,0.507,2
0.176,0.739,0
0.503,0.119,3
0.505,0.113,3
0.516,0.029,3
0.519,0.112,3
0.417,0.66,0
0.978,0.554,4
1.053,0.542,2
0.206,0.531,0
0.055,0.77,0
0.205,0.591,0
1.012,0.473,2
1.013,0.448,2
0.402,0.74,0
0.123,0.71,0
0.304,0.539,0
0.272,0.48,0
0.534,0.078,3
0.341,0.518,0
0.43,0.696,0
0.471,0.065,3
0.168,0.699,0
0.441,0.73,0
0.049,0.833,0
0.452,0.642,0
0.471,0.053,3
0.438,0.753,0
0.091,0.861,0
0.103,0.734,0
0.432,0.73,0
0.27,0.488,0
0.258,0.439,0
0.42,0.73,0
0.567,0.044,3
0.363,0.505,0
0.339,0.552,0
0.47,0.141,3
0.994,0.561,4
0.961,0.544,1
0.453,0.642,0
0.982,0.509,2
0.469,0.7,0
0.373,0.767,0
0.311,0.47,0
0.309,0.529,0
0.944,0.536,1
0.977,0.572,4
0.518,0.09,3
0.459,0.707,0
0.458,0.712,0
0.21,0.483,0
0.1,0.787,0
0.555,0.128,3
0.527,0.123,3
0.023,0.783,0
0.48,0.12,3
0.936,0.508,1
0.238,0.431,0
0.037,0.783,0
1.034,0.47,2
0.954,0.496,1
0.447,0.024,3
0.396,0.699,0
0.504,0.089,3
0.217,0.434,0
0.394,0.774,0
0.516,0.08,3
0.965,0.484,2
0.048,0.775,0
0.478,0.716,0
0.284,0.515,0
0.464,0.067,3
0.502,0.048,3
0.332,0.478,0
1.029,0.553,4
0.965,0.477,2
0.169,0.442,0
0.495,0.07,3
0.099,0.764,0
0.072,0.812,0
0.14,0.761,0
0.528,0.113,3
0.274,0.517,0
0.951,0.515,1
0.304,0.493,0
1.094,0.473,2
0.468,0.791,0
0.218,0.512,0
0.539,0.048,3
0.919,0.543,1
0.542,0.053,3
0.96,0.558,1
0.442,0.748,0
0.233,0.465,0
0.999,0.565,4
0.103,0.808,0
0.304,0.479,0
0.142,0.804,0
0.183,0.505,0
0.464,0.721,0
0.481,0.071,3
0.061,0.814,0
0.293,0.518,0
0.423,0.125,3
0.517,0.104,3
0.309,0.476,0
0.261,0.45,0
0.986,0.512,2
0.979,0.537,2
0.054,0.754,0
0.443,0.725,0
0.417,0.733,0
0.956,0.524,1
0.106,0.829,0
0.279,0.565,0
0.433,0.04,3
0.146,0.771,0
0.47,0.659,0
0.502,0.105,3
0.436,0.002,3
0.056,0.805,0
0.083,0.754,0
0.463,0.084,3
0.949,0.602,4
0.412,0.672,0
0.039,0.746,0
0.426,0.717,0
0.424,0.858,0
0.464,0.704,0
0.456,0.649,0
0.125,0.762,0
0.129,0.799,0
0.406,0.701,0
0.469,0.057,3
0.473,0.151,3
0.444,0.764,0
0.372,0.732,0
0.198,0.46,0
0.957,0.512,1
0.894,0.584,1
0.09,0.812,0
1.029,0.554,4
1.05,0.607,4
0.56,0.08,3
0.47,0.15,3
0.472,0.673,0
0.46,0.087,3
0.264,0.461,0
0.303,0.446,0
0.442,0.71,0
0.505,0.028,3
0.051,0.762,0
0.949,0.45,2
0.081,0.828,0
0.051,0.805,0
0.46,0.713,0
0.511,0.061,3
0.983,0.54,4
0.086,0.677,0
0.995,0.57,4
0.886,0.496,1
1,0.57,4
1.012,0.535,2
0.519,0.768,0
0.071,0.714,0
0.236,0.495,0
0.251,0.481,0
0.287,0.564,0
0.495,0.032,3
0.535,0.027,3
0.526,0.066,3
0.483,0.051,3
1.02,0.55,4
0.403,0.742,0
0.383,0.703,0
0.965,0.492,2
0.457,0.666,0
0.084,0.791,0
0.096,0.772,0
0.313,0.691,0
0.448,0.699,0
0.384,0.442,0
0.499,0.684,0
0.547,0.065,3
0.565,0.059,3
0.493,0.09,3
0.519,0.047,3
0.258,0.514,0
0.48,0.767,0
0.278,0.46,0
0.445,0.745,0
0.983,0.49,2
0.263,0.521,0
0.391,0.71,0
0.282,0.442,0
0.442,0.11,3
0.104,0.757,0
0.958,0.556,1
0.445,0.092,3
0.208,0.555,0
0.102,0.812,0
0.5,0.067,3
0.915,0.574,1
0.529,0.145,3
0.067,0.722,0
0.245,0.468,0
0.051,0.779,0
0.071,0.765,0
0.376,0.525,0
0.962,0.481,2
0.467,0.722,0
0.522,0.041,3
0.101,0.725,0
0.492,0.102,3
0.08,0.845,0
0.492,0.009,3
0.445,0.757,0
0.265,0.509,0
0.11,0.758,0
0.414,0.713,0
0.871,0.617,1
0.261,0.511,0
0.057,0.864,0
1.008,0.511,2
0.061,0.714,0
0.47,0.709,0
0.408,0.76,0
0.529,0.093,3
0.436,0.703,0
0.376,0.725,0
0.318,0.495,0
0.032,0.717,0
0.496,0.091,3
0.545,0.126,3
0.512,0.088,3
1.002,0.549,4
0.453,0.692,0
0.23,0.475,0
0.206,0.425,0
0.469,0.046,3
0.511,0.09,3
0.998,0.52,2
0.33,0.564,0
0.247,0.465,0
0.484,0.039,3
0.12,0.752,0
0.107,0.856,0
0.551,0.014,3
0.365,0.79,0
0.411,0.708,0
0.084,0.82,0
0.269,0.534,0
0.523,0.136,3
0.226,0.534,0
0.941,0.598,4
0.264,0.487,0
0.074,0.772,0
0.385,0.703,0
0.112,0.811,0
0.417,0.698,0
0.429,0.727,0
0.434,0.06,3
0.527,0.043,3
0.508,0.053,3
1.017,0.539,2
0.915,0.581,1
0.475,0.071,3
0.965,0.559,4
0.448,0.734,0
0.417,0.802,0
0.542,0.031,3
0.37,0.699,0
0.965,0.559,4
1.007,0.513,2
0.282,0.479,0
0.448,0.73,0
0.519,0.047,3
0.42,0.778,0
0.293,0.481,0
0.476,0.021,3
0.49,0.138,3
0.942,0.49,1
0.423,0.683,0
0.361,0.681,0
0.152,0.768,0
1.005,0.559,4
0.94,0.528,1
0.09,0.756,0
1.003,0.544,4
0.954,0.482,2
0.443,0.78,0
0.6,0.083,3
0.002,0.758,0
0.472,0.041,3
0.466,0.055,3
0.415,0.085,3
0.557,0.062,3
0.322,0.503,0
0.982,0.476,2
0.422,0.047,3
0.459,0.625,0
0.079,0.793,0
0.426,0.752,0
0.453,0.721,0
0.07,0.765,0
0.89,0.508,1
0.963,0.566,4
0.435,0.793,0
0.993,0.51,2
0.541,0.066,3
0.495,0.703,0
0.028,0.8,0
0.152,0.427,0
0.202,0.468,0
1.035,0.567,4
0.483,0.065,3
0.54,0.111,3
0.462,0.103,3
0.405,0.758,0
0.061,0.795,0
0.502,0.118,3
0.951,0.559,1
0.429,0.806,0
0.5,0.122,3
0.508,0.013,3
0.478,0.101,3
0.233,0.553,0
0.41,0.766,0
0.538,0.076,3
0.227,0.591,0
0.968,0.519,1
0.469,0.732,0
0.434,0.715,0
0.068,0.809,0
0.241,0.504,0
0.111,0.82,0
0.124,0.767,0
0.109,0.722,0
0.424,0.76,0
0.435,0.698,0
0.127,0.781,0
0.991,0.517,2
0.996,0.535,2
0.513,0.055,3
0.454,0.772,0
1.029,0.608,4
0.079,0.781,0
0.076,0.75,0
0.066,0.791,0
0.246,0.379,0
0.509,0.694,0
0.468,0.73,0
0.119,0.794,0
0.047,0.774,0
0.438,0.088,3
0.024,0.835,0
0.297,0.485,0
0.111,0.829,0
1.015,0.551,4
0.935,0.587,1
0.253,0.511,0
1.036,0.545,4
0.26,0.516,0
0.96,0.593,4
0.5,0.065,3
0.534,0.057,3
1.015,0.473,2
0.995,0.498,2
0.455,0.116,3
0.141,0.746,0
0.923,0.538,1
0.575,0.014,3
0.286,0.486,0
0.03,0.788,0
0.033,0.822,0
0.297,0.521,0
1.008,0.57,4
0.257,0.492,0
0.273,0.552,0
1.016,0.503,2
0.419,0.732,0
0.428,0.754,0
0.477,0.011,3
0.083,0.787,0
0.05,0.799,0
0.492,0.667,0
0.265,0.442,0
0.089,0.785,0
0.289,0.468,0
0.039,0.821,0
0.506,0.07,3
0.507,0.111,3
0.102,0.816,0
0.401,0.644,0
0.301,0.564,0
0.505,0.081,3
0.969,0.482,2
1.031,0.541,2
0.484,0.043,3
1.009,0.516,2
0.254,0.485,0
0.301,0.451,0
0.081,0.827,0
0.458,0.771,0
0.067,0.874,0
0.068,0.757,0
0.9,0.539,1
0.517,0.116,3
0.066,0.785,0
0.968,0.645,4
0.516,0.071,3
0.426,0.651,0
0.43,0.735,0
0.227,0.514,0
0.512,0.097,3
0.261,0.462,0
0.016,0.787,0
0.159,0.802,0
0.372,0.803,0
0.436,0.72,0
0.43,0.713,0
0.968,0.465,2
0.964,0.548,1
0.471,0.662,0
0.138,0.754,0
0.493,0.16,3
0.451,0.599,0
0.211,0.479,0
0.221,0.498,0
0.899,0.568,1
0.927,0.569,1
0.494,0.067,3
0.092,0.775,0
0.527,0.083,3
0.268,0.496,0
0.23,0.432,0
0.094,0.769,0
0.528,0.035,3
0.057,0.835,0
0.503,0.033,3
0.052,0.79,0
0.954,0.555,1
0.387,0.738,0
0.297,0.492,0
0.267,0.478,0
0.244,0.488,0
0.402,0.758,0
0.431,0.671,0
0.076,0.751,0
1.029,0.607,4
0.434,0.78,0
0.363,0.726,0
0.47,0.125,3
0.355,0.528,0
0.112,0.808,0
0.929,0.54,1
0.087,0.795,0
0.508,0.065,3
0.015,0.794,0
0.115,0.76,0
0.962,0.543,1
0.908,0.578,1
1.007,0.579,4
0.421,0.734,0
0.413,0.816,0
0.141,0.843,0
0.075,0.806,0
0.984,0.565,4
0.465,0.016,3
0.422,0.708,0
0.474,0.764,0
0.11,0.746,0
0.501,0.676,0
0.957,0.557,1
0.503,0.044,3
0.524,0.106,3
1,0.523,2
0.465,0.72,0
0.539,0.011,3
0.302,0.524,0
0.296,0.487,0
0.018,0.765,0
0.496,0.07,3
0.391,0.707,0
0.422,0.705,0
0.979,0.514,2
0.964,0.546,1
0.426,0.754,0
0.075,0.844,0
0.449,0.751,0
0.089,0.714,0
0.992,0.526,2
0.046,0.778,0
0.082,0.737,0
0.103,0.823,0
0.091,0.718,0
0.245,0.589,0
0.485,0.151,3
0.063,0.798,0
0.902,0.549,1
1.005,0.559,4
0.447,0.789,0
0.49,0.016,3
0.977,0.505,2
0.307,0.485,0
0.25,0.57,0
0.979,0.544,4
0.956,0.499,1
0.421,0.664,0
0.113,0.811,0
0.61,0.093,3
0.425,0.715,0
0.035,0.781,0
0.051,0.8,0
0.069,0.773,0
0.267,0.556,0
0.416,0.77,0
0.98,0.482,2
0.43,0.741,0
0.484,0.715,0
0.101,0.844,0
0.965,0.613,4
0.085,0.737,0
0.446,0.716,0
0.479,0.723,0
0.42,0.723,0
0.48,0.103,3
0.447,0.809,0
0.246,0.5,0
0.232,0.459,0
0.965,0.601,4
0.077,0.782,0
0.258,0.482,0
0.246,0.477,0
0.438,0.693,0
0.057,0.772,0
0.508,0.081,3
1.004,0.497,2
0.41,0.733,0
0.451,0.657,0
0.068,0.778,0
0.294,0.498,0
0.012,0.772,0
0.98,0.574,4
0.549,0.061,3
1.012,0.543,4
0.227,0.444,0
0.466,0.735,0
0.343,0.558,0
0.414,0.718,0
0.096,0.779,0
0.934,0.524,1
0.976,0.492,2
0.031,0.753,0
0.128,0.791,0
0.888,0.526,1
0.083,0.708,0
0.557,0.061,3
0.514,0.077,3
0.502,0.129,3
0.472,0.045,3
0.276,0.506,0
1.033,0.515,2
0.061,0.749,0
0.969,0.565,4
0.445,0.702,0
0.429,0.702,0
0.251,0.507,0
0.297,0.483,0
0.019,0.792,0
0.253,0.529,0
1.046,0.583,4
0.986,0.529,2
0.206,0.502,0
0.22,0.535,0
0.525,0.071,3
0.285,0.533,0
0.537,0.732,0
0.436,0.051,3
0.47,0.714,0
0.358,0.801,0
0.45,0.718,0
0.219,0.479,0
0.429,0.794,0
1.003,0.481,2
0.436,0.733,0
0.546,0.086,3
0.534,0.746,0
0.089,0.77,0
0.249,0.511,0
0.218,0.522,0
1.012,0.518,2
0.978,0.531,2
0.478,0.071,3
0.314,0.502,0
0.239,0.569,0
0.472,0.066,3
0.439,0.702,0
0.516,0.118,3
0.243,0.489,0
0.978,0.529,2
0.541,0.084,3
0.431,0.715,0
0.291,0.543,0
0.548,0.082,3
0.906,0.557,1
0.478,0.009,3
0.257,0.509,0
0.96,0.542,1
0.593,0.107,3
0.425,0.675,0
0.957,0.531,1
0.957,0.598,4
0.989,0.511,2
0.304,0.518,0
0.985,0.553,4
1.025,0.545,4
0.133,0.856,0
0.98,0.544,4
1.003,0.537,2
1.036,0.443,2
0.264,0.503,0
0.398,0.77,0
0.386,0.735,0
1.066,0.531,2
0.086,0.744,0
0.302,0.526,0
0.516,0.059,3
0.474,0.042,3
0.337,0.478,0
0.063,0.795,0
0.522,0.028,3
0.249,0.554,0
1.002,0.549,4
0.977,0.54,4
0.233,0.52,0
0.435,0.745,0
0.503,0.075,3
0.294,0.552,0
0.986,0.532,2
0.504,0.094,3
0.452,0.055,3
0.311,0.522,0
0.944,0.602,4
0.29,0.495,0
0.407,0.785,0
0.499,0.731,0
0.04,0.734,0
0.531,0.028,3
0.439,0.07,3
0.953,0.54,1
0.385,0.721,0
0.464,0.782,0
0.939,0.515,1
0.044,0.682,0
0.457,0.743,0
0.021,0.849,0
0.271,0.398,0
0.998,0.52,2
0.052,0.738,0
0.58,0.009,3
0.085,0.772,0
0.403,0.732,0
0.415,0.719,0
0.293,0.469,0
0.02,0.841,0
0.991,0.517,2
0.474,0.087,3
0.973,0.529,2
0.046,0.798,0
0.161,0.846,0
0.195,0.525,0
0.27,0.482,0
0.512,0.155,3
0.533,0.103,3
0.479,0.069,3
0.12,0.842,0
0.461,0.004,3
0.568,0.135,3
1.049,0.53,2
0.293,0.481,0
0.425,0.745,0
0.51,0.67,0
0.05,0.874,0
0.451,0.696,0
0.467,0.106,3
0.111,0.823,0
0.936,0.533,1
0.103,0.805,0
0.033,0.907,0
0.54,0.016,3
0.551,0.095,3
0.298,0.459,0
0.198,0.482,0
0.589,0.022,3
0.539,0.037,3
1.025,0.485,2
0.198,0.534,0
0.436,0.73,0
0.027,0.822,0
1.015,0.531,2
0.048,0.775,0
0.063,0.846,0
0.963,0.499,2
0.419,0.068,3
0.496,0.006,3
0.482,0.674,0
0.301,0.513,0
0.128,0.791,0
0.283,0.515,0
0.198,0.531,0
0.088,0.799,0
1.029,0.516,2
0.306,0.533,0
0.168,0.79,0
0.475,0.076,3
0.44,0.732,0
0.062,0.775,0
0.953,0.537,1
0.4,0.083,3
0.22,0.502,0
0.058,0.788,0
0.458,0.027,3
0.241,0.449,0
0.3,0.471,0
0.062,0.811,0
0.202,0.454,0
0.268,0.528,0
0.975,0.531,2
0.315,0.519,0
0.271,0.478,0
0.07,0.838,0
0.273,0.501,0
0.519,0.12,3
0.531,0.176,3
0.224,0.49,0
0.156,0.75,0
0.414,0.017,3
0.269,0.545,0
0.496,0.628,0
0.544,0.088,3
0.311,0.517,0
0.39,0.807,0
0.068,0.766,0
0.933,0.514,1
0.982,0.541,4
0.492,0.013,3
0.437,0.779,0
0.953,0.542,1
0.173,0.57,0
0.388,0.729,0
0.498,0.084,3
0.952,0.494,1
0.994,0.51,2
0.514,0.663,0
1.023,0.549,4
0.033,0.838,0
0.52,0.703,0
0.958,0.464,2
0.991,0.592,4
0.909,0.565,1
0.464,0.14,3
0.494,0.091,3
0.505,0.116,3
0.399,0.816,0
1.011,0.55,4
0.061,0.805,0
0.025,0.772,0
0.092,0.803,0
0.471,0.077,3
0.255,0.524,0
0.475,0.049,3
0.324,0.546,0
0.213,0.53,0
0.245,0.501,0
0.949,0.543,1
0.197,0.5,0
0.237,0.481,0
0.276,0.498,0
0.482,0.151,3
0.495,0.119,3
0.54,0.008,3
1.027,0.566,4
0.105,0.778,0
0.288,0.479,0
0.474,0.058,3
0.957,0.561,1
1.002,0.514,2
1.018,0.49,2
0.293,0.5,0
0.317,0.445,0
0.252,0.552,0
0.25,0.555,0
0.224,0.464,0
0.917,0.5,1
0.484,0.074,3
1.03,0.518,2
0.486,0.074,3
0.412,0.774,0
0.98,0.527,2
0.234,0.574,0
0.491,0.107,3
0.417,0.721,0
0.929,0.54,1
0.994,0.601,4
0.329,0.765,0
0.264,0.543,0
0.974,0.51,2
0.465,0.759,0
0.038,0.779,0
0.428,0.783,0
1.021,0.588,4
1.007,0.542,4
0.078,0.798,0
0.025,0.771,0
0.359,0.478,0
1.055,0.571,4
0.081,0.799,0
0.507,0.091,3
0.078,0.847,0
0.269,0.554,0
0.919,0.532,1
0.076,0.855,0
1.037,0.518,2
0.955,0.572,4
0.245,0.501,0
1.07,0.521,2
0.244,0.555,0
0.92,0.559,1
0.335,0.726,0
0.046,0.785,0
0.928,0.555,1
0.325,0.527,0
0.108,0.832,0
1.024,0.48,2
0.98,0.509,2
0.421,0.705,0
0.075,0.8,0
0.952,0.487,1
0.897,0.56,1
0.316,0.495,0
0.481,0.713,0
0.454,0.632,0
0.551,0.028,3
0.478,0.036,3
0.545,0.093,3
0.351,0.709,0
0.989,0.547,4
0.253,0.586,0
0.247,0.528,0
0.453,0.77,0
0.959,0.534,1
0.495,0.771,0
0.397,0.724,0
0.483,0.122,3
0.323,0.477,0
0.494,0.666,0
0.499,0.756,0
0.475,0.649,0
0.341,0.552,0
0.395,0.685,0
0.082,0.768,0
1.043,0.449,2
0.94,0.483,1
0.286,0.531,0
0.48,0.739,0
0.25,0.478,0
0.44,0.723,0
0.501,0.117,3
0.946,0.48,1
0.032,0.704,0
0.387,0.692,0
0.929,0.5,1
0.996,0.463,2
0.426,0.749,0
0.355,0.469,0
1.041,0.611,4
0.523,0.082,3
1.002,0.615,4
0.6,0.056,3
0.094,0.781,0
0.049,0.824,0
0.45,0.068,3
0.282,0.556,0
0.949,0.586,4
0.087,0.836,0
0.424,0.094,3
0.52,0.145,3
0.236,0.46,0
0.931,0.505,1
0.067,0.79,0
0.51,0.019,3
0.946,0.527,1
0.999,0.61,4
0.957,0.484,2
0.105,0.784,0
0.212,0.515,0
0.045,0.803,0
0.232,0.459,0
0.489,0.13,3
0.406,0.728,0
0.133,0.748,0
0.357,0.713,0
0.928,0.565,1
0.51,0.002,3
0.263,0.526,0
0.496,0.707,0
0.258,0.449,0
0.971,0.561,4
0.276,0.542,0
0.047,0.799,0
0.44,0.718,0
0.493,0.066,3
0.435,0.73,0
0.225,0.602,0
0.985,0.558,4
0.082,0.798,0
0.515,0.077,3
0.463,0.061,3
0.29,0.492,0
0.131,0.768,0
0.253,0.519,0
0.24,0.538,0
0.923,0.544,1
0.25,0.488,0
0.461,0.021,3
0.236,0.469,0
0.08,0.842,0
0.382,0.677,0
0.282,0.432,0
0.465,0.048,3
0.989,0.604,4
0.093,0.835,0
0.195,0.492,0
0.239,0.546,0
0.392,0.736,0
0.269,0.469,0
0.078,0.721,0
0.489,0.001,3
0.918,0.541,1
0.258,0.427,0
0.411,0.043,3
0.076,0.802,0
0.089,0.743,0
0.529,0.045,3
0.548,0.133,3
0.056,0.771,0
0.459,0.069,3
0.942,0.525,1
0.501,0.047,3
0.006,0.778,0
0.073,0.793,0
0.099,0.795,0
0.418,0.742,0
0.952,0.538,1
0.489,0.137,3
0.513,0.085,3
0.459,0.046,3
0.015,0.83,0
0.252,0.493,0
0.551,0.024,3
0.997,0.461,2
0.056,0.823,0
0.133,0.828,0
0.109,0.773,0
0.56,0.126,3
0.422,0.673,0
0.282,0.564,0
0.262,0.443,0
0.283,0.467,0
0.323,0.478,0
0.526,0.1,3
0.913,0.462,1
0.224,0.521,0
0.454,0.72,0
0.267,0.45,0
0.445,0.717,0
0.397,0.74,0
1.006,0.507,2
0.483,0.058,3
0.973,0.497,2
0.964,0.576,4
0.982,0.571,4
0.415,0.651,0
1.013,0.535,2
0.29,0.506,0
0.448,0.758,0
0.981,0.5,2
0.424,0.709,0
0.952,0.459,2
0.052,0.783,0
0.499,0.008,3
1.021,0.572,4
0.126,0.7,0
0.357,0.795,0
0.98,0.528,2
0.556,0.029,3
1.037,0.601,4
0.346,0.409,0
0.515,0.131,3
0.267,0.531,0
0.424,0.759,0
0.38,0.664,0
0.141,0.75,0
0.932,0.528,1
0.3,0.458,0
0.09,0.782,0
0.029,0.738,0
0.304,0.432,0
0.023,0.788,0
0.457,0.07,3
0.238,0.537,0
0.1,0.789,0
0.945,0.544,1
0.947,0.582,1
0.404,0.701,0
0.491,0.044,3
0.912,0.51,1
0.49,0.724,0
0.057,0.892,0
0.313,0.523,0
0.257,0.451,0
0.498,0.104,3
0.302,0.479,0
0.927,0.518,1
0.028,0.816,0
0.497,0.794,0
0.988,0.528,2
1.039,0.622,4
0.951,0.596,4
0.561,0.062,3
0.961,0.532,1
0.266,0.526,0
0.456,0.061,3
0.994,0.559,4
0.494,0.088,3
0.975,0.561,4
0.524,0.037,3
1.081,0.615,4
0.996,0.483,2
0.4,0.669,0
0.265,0.534,0
0.256,0.467,0
0.109,0.748,0
0.469,0.742,0
0.475,0.779,0
1.004,0.497,2
0.478,0.087,3
1.039,0.498,2
0.042,0.808,0
0.95,0.456,2
0.518,0.09,3
1.019,0.584,4
0.044,0.73,0
0.295,0.531,0
0.497,0.085,3
0.492,0.067,3
0.486,0.707,0
0.315,0.514,0
0.44,0.695,0
0.052,0.86,0
0.973,0.541,1
0.116,0.736,0
0.458,0.773,0
0.429,0.732,0
0.938,0.556,1
0.047,0.797,0
0.281,0.531,0
0.227,0.476,0
0.459,0.717,0
0.083,0.775,0
0.097,0.796,0
0.07,0.736,0
0.502,0.003,3
0.957,0.573,4
0.443,0.758,0
0.522,0.138,3
0.572,0.076,3
0.549,0.104,3
0.432,0.685,0
0.497,0.055,3
0.554,0.023,3
0.451,0.761,0
0.506,0.08,3
0.085,0.78,0
0.102,0.872,0
0.423,0.734,0
0.443,0.763,0
0.512,0.047,3
0.063,0.761,0
0.934,0.471,1
0.058,0.803,0
0.126,0.704,0
0.993,0.583,4
0.508,0.697,0
1.02,0.569,4
0.044,0.76,0
0.487,0.14,3
0.067,0.75,0
0.423,0.713,0
0.068,0.795,0
0.534,0.096,3
0.481,0.069,3
0.473,0.121,3
0.426,0.668,0
0.44,0.679,0
0.238,0.524,0
0.063,0.731,0
0.426,0.703,0
0.308,0.531,0
0.914,0.498,1
0.443,0.06,3
0.062,0.817,0
0.303,0.486,0
0.076,0.797,0
0.259,0.538,0
0.29,0.443,0
0.098,0.85,0
0.469,0.095,3
0.969,0.526,1
0.991,0.562,4
0.455,0.167,3
0.101,0.736,0
0.399,0.703,0
0.047,0.766,0
0.583,0.059,3
0.468,0.055,3
0.501,0.04,3
0.509,0.758,0
0.034,0.793,0
0.027,0.829,0
0.17,0.55,0
0.498,0.755,0
0.395,0.813,0
0.481,0.717,0
0.455,0.645,0
1.067,0.592,4
0.11,0.835,0
0.981,0.561,4
0.423,0.679,0
0.266,0.511,0
1.026,0.553,4
0.083,0.751,0
0.019,0.764,0
0.951,0.547,1
0.931,0.613,4
0.894,0.523,1
0.532,0.077,3
0.145,0.839,0
0.443,0.77,0
0.427,0.724,0
0.095,0.785,0
0.452,0.754,0
1.005,0.529,2
0.521,0.015,3
0.539,0.129,3
0.318,0.538,0
0.221,0.468,0
0.27,0.57,0
0.441,0.047,3
0.278,0.499,0
0.397,0.728,0
0.228,0.471,0
0.543,0.089,3
0.499,0.753,0
0.936,0.552,1
0.503,0.078,3
0.439,0.698,0
0.104,0.837,0
0.51,0.096,3
0.494,0.057,3
0.307,0.466,0
0.008,0.768,0
0.042,0.727,0
0.253,0.544,0
1.046,0.512,2
0.26,0.514,0
0.267,0.455,0
0.967,0.526,1
0.22,0.508,0
0.987,0.507,2
0.289,0.474,0
0.299,0.573,0
0.27,0.498,0
1.022,0.488,2
0.06,0.761,0
0.535,0.128,3
1.009,0.624,4
0.438,0.019,3
0.255,0.515,0
0.48,0.738,0
0.237,0.536,0
0.26,0.567,0
0.924,0.561,1
1.008,0.461,2
0.113,0.73,0
0.266,0.495,0
0.255,0.51,0
0.97,0.582,4
0.07,0.806,0
0.034,0.861,0
0.062,0.816,0
0.438,0.683,0
0.415,0.766,0
0.393,0.491,0
0.492,0.003,3
0.06,0.643,0
0.413,0.704,0
0.416,0.686,0
0.969,0.557,4
0.533,0.099,3
0.29,0.497,0
0.217,0.485,0
0.525,0.079,3
0.401,0.642,0
0.943,0.44,2
0.013,0.791,0
0.389,0.739,0
0.491,0.053,3
0.092,0.793,0
0.994,0.573,4
0.222,0.475,0
1.008,0.566,4
0.954,0.538,1
0.97,0.58,4
0.056,0.791,0
0.491,0.053,3
0.508,0.025,3
0.402,0.732,0
0.288,0.549,0
0.266,0.457,0
0.34,0.457,0
0.208,0.485,0
0.234,0.496,0
0.957,0.434,2
0.472,0.063,3
0.937,0.489,1
0.983,0.499,2
0.884,0.521,1
0.513,0.046,3
0.066,0.843,0
0.96,0.503,1
0.086,0.78,0
0.462,0.781,0
0.271,0.519,0
0.495,0.127,3
0.34,0.483,0
0.051,0.767,0
0.113,0.77,0
0.308,0.522,0
0.982,0.551,4
0.968,0.484,2
0.233,0.552,0
0.178,0.784,0
1.008,0.509,2
0.296,0.471,0
0.404,0.753,0
0.587,0.09,3
1.032,0.515,2
0.048,0.765,0
0.45,0.713,0
0.17,0.489,0
0.497,0.092,3
0.307,0.545,0
0.527,0.051,3
0.569,0.135,3
0.46,0.762,0
0.943,0.598,4
0.951,0.607,4
0.539,0.019,3
0.248,0.538,0
0.421,0.743,0
0.228,0.526,0
0.571,0.084,3
0.98,0.554,4
0.065,0.814,0
0.14,0.763,0
0.35,0.497,0
0.963,0.564,4
0.07,0.772,0
0.103,0.799,0
0.925,0.588,1
0.945,0.528,1
0.454,0.77,0
0.231,0.569,0
0.404,0.753,0
0.939,0.618,4
0.077,0.734,0
1.006,0.524,2
0.214,0.507,0
0.289,0.511,0
0.258,0.423,0
0.93,0.494,1
0.469,0.11,3
0.413,0.718,0
1.017,0.555,4
0.907,0.542,1
0.593,0.043,3
1.036,0.648,4
0.414,0.744,0
0.074,0.694,0
0.456,0.712,0
0.971,0.446,2
0.417,0.118,3
0.457,0.772,0
0.276,0.533,0
0.271,0.493,0
0.478,0.068,3
0.941,0.462,2
0.124,0.784,0
0.478,0.027,3
0.98,0.579,4
0.049,0.771,0
0.466,0.752,0
0.928,0.542,1
0.476,0.046,3
0.453,0.041,3
0.264,0.471,0
0.432,0.045,3
0.049,0.71,0
0.987,0.507,2
0.349,0.728,0
0.457,0.664,0
0.426,0.063,3
0.909,0.554,1
0.224,0.475,0
0.248,0.489,0
0.417,0.734,0
0.442,0.043,3
0.973,0.528,2
0.032,0.788,0
0.481,0.054,3
1.013,0.566,4
0.039,0.861,0
0.387,0.487,0
0.015,0.786,0
0.45,0.749,0
0.279,0.469,0
0.25,0.518,0
0.921,0.54,1
0.951,0.558,1
0.032,0.772,0
0.486,0.031,3
0.457,0.138,3
0.408,0.765,0
0.241,0.539,0
0.399,0.063,3
0.536,0.084,3
0.521,0.151,3
0.092,0.778,0
0.988,0.485,2
0.932,0.527,1
0.005,0.775,0
0.429,0.133,3
0.506,0.059,3
0.073,0.813,0
0.511,0.094,3
0.921,0.569,1
0.442,0.701,0
0.421,0.071,3
0.468,0.721,0
0.497,0.741,0
1.018,0.553,4
0.443,0.726,0
0.409,0.661,0
0.221,0.525,0
0.053,0.745,0
0.118,0.834,0
0.323,0.481,0
0.448,0.733,0
0.391,0.718,0
0.466,0.69,0
0.378,0.737,0
1.005,0.529,2
1.018,0.499,2
0.544,0.758,0
1.038,0.569,4
0.97,0.555,4
0.433,0.089,3
0.508,0.015,3
0.471,0.13,3
0.124,0.808,0
0.998,0.587,4
0.01,0.803,0
0.095,0.786,0
0.036,0.768,0
0.478,0.054,3
0.517,0.116,3
0.437,0.716,0
0.46,0.081,3
0.255,0.506,0
0.02,0.795,0
0.087,0.812,0
0.287,0.469,0
0.573,0.134,3
0.401,0.712,0
0.516,0.07,3
0.967,0.563,4
0.297,0.527,0
0.078,0.855,0
0.507,0.022,3
1.01,0.459,2
0.121,0.746,0
0.133,0.801,0
0.254,0.422,0
0.158,0.754,0
0.454,0.701,0
0.98,0.571,4
0.908,0.473,1
0.98,0.576,4
0.167,0.747,0
0.262,0.479,0
0.314,0.481,0
0.328,0.564,0
0.342,0.445,0
0.245,0.497,0
0.421,0.758,0
0.928,0.522,1
0.402,0.66,0
0.012,0.712,0
0.27,0.477,0
0.51,0.754,0
0.231,0.536,0
0.46,0.698,0
0.581,0.062,3
0.379,0.703,0
0.423,0.022,3
0.451,0.767,0
0.333,0.509,0
0.96,0.516,1
0.104,0.764,0
0.424,0.726,0
0.522,0.087,3
0.065,0.734,0
0.386,0.744,0
0.321,0.498,0
1.009,0.576,4
0.044,0.797,0
0.43,0.705,0
0.507,0.204,3
0.504,0.101,3
0.103,0.804,0
0.136,0.73,0
0.129,0.793,0
0.46,0.732,0
0.96,0.609,4
0.379,0.474,0
0.228,0.532,0
0.445,0.722,0
0.55,0.057,3
0.21,0.478,0
0.436,0.651,0
0.275,0.571,0
0.513,0.098,3
0.42,0.711,0
0.528,0.049,3
0.527,0.057,3
0.529,0.006,3
0.496,0.726,0
0.97,0.589,4
0.398,0.68,0
0.496,0.716,0
0.324,0.487,0
0.388,0.682,0
1.012,0.547,4
0.536,0.69,0
0.252,0.468,0
1.009,0.532,2
0.437,0.708,0
0.894,0.541,1
0.977,0.466,2
0.961,0.584,4
1.025,0.564,4
0.901,0.596,1
0.995,0.486,2
0.292,0.544,0
0.121,0.718,0
0.005,0.807,0
0.096,0.848,0
0.279,0.54,0
0.229,0.505,0
0.941,0.629,4
0.1,0.744,0
0.988,0.507,2
0.961,0.503,2
0.997,0.445,2
1.021,0.535,2
0.507,0.095,3
0.068,0.768,0
0.46,0.81,0
0.527,0.016,3
0.504,0.073,3
0.994,0.506,2
1.011,0.529,2
0.417,0.752,0
0.502,0.058,3
0.486,0.024,3
0.951,0.521,1
0.285,0.519,0
0.359,0.746,0
0.2,0.54,0
0.975,0.629,4
0.103,0.816,0
0.317,0.491,0
0.376,0.766,0
0.961,0.55,1
0.505,0.168,3
0.13,0.78,0
1.025,0.578,4
0.234,0.511,0
0.553,0.09,3
0.494,0.129,3
0.975,0.554,4
0.533,0.04,3
0.469,0.754,0
0.488,0.13,3
0.453,0.747,0
0.22,0.405,0
1.029,0.5,2
0.459,0.057,3
0.089,0.759,0
0.312,0.465,0
0.598,0.067,3
0.248,0.485,0
0.477,0.044,3
0.438,0.632,0
0.536,0.137,3
0.972,0.544,1
0.408,0.775,0
0.46,0.037,3
0.986,0.491,2
0.944,0.516,1
0.478,0.72,0
0.42,0.714,0
0.466,0.729,0
0.915,0.514,1
0.241,0.512,0
0.572,0.086,3
0.442,0.065,3
0.02,0.767,0
0.236,0.49,0
0.457,0.121,3
0.982,0.543,4
0.233,0.427,0
0.056,0.734,0
0.146,0.764,0
0.041,0.789,0
0.299,0.554,0
0.449,0.061,3
0.985,0.574,4
0.95,0.565,1
0.229,0.472,0
0.504,0.155,3
0.319,0.526,0
0.239,0.485,0
0.931,0.55,1
0.472,0.093,3
0.128,0.751,0
0.289,0.487,0
0.914,0.625,1
0.945,0.519,1
1.082,0.552,4
0.056,0.754,0
0.081,0.749,0
0,0.751,0
0.508,0.765,0
0.494,0.098,3
0.52,0.077,3
0.461,0.102,3
0.463,0.08,3
0.051,0.808,0
0.452,0.752,0
0.022,0.795,0
0.982,0.528,2
0.108,0.767,0
0.437,0.779,0
0.45,0.712,0
0.044,0.799,0
0.381,0.734,0
0.428,0.705,0
0.044,0.718,0
0.499,0.032,3
0.999,0.539,2
0.985,0.586,4
0.497,0.715,0
0.39,0.737,0
0.253,0.482,0
0.441,0.759,0
1.021,0.506,2
0.925,0.571,1
0.445,0.68,0
0.93,0.504,1
0.889,0.511,1
0.477,0.099,3
0.033,0.857,0
0.408,0.667,0
0.46,0.155,3
0.555,0.081,3
0.286,0.509,0
0.435,0.728,0
0.272,0.482,0
0.105,0.827,0
0.949,0.549,1
0.475,0.738,0
0.37,0.668,0
0.97,0.536,1
0.086,0.842,0
0.413,0.717,0
0.96,0.602,4
0.062,0.779,0
0.439,0.718,0
0.477,0.689,0
0.424,0.746,0
0.269,0.516,0
0.518,0.76,0
0.242,0.561,0
0.422,0.684,0
0.056,0.78,0
0.509,0.106,3
0.303,0.478,0
0.405,0.672,0
0.448,0.75,0
0.223,0.47,0
0.225,0.491,0
0.428,0.735,0
0.083,0.801,0
0.298,0.497,0
0.123,0.777,0
1.016,0.541,4
0.285,0.498,0
0.147,0.83,0
0.154,0.744,0
0.068,0.73,0
0.296,0.511,0
0.461,0.685,0
0.098,0.795,0
1.029,0.487,2
0.068,0.731,0
0.413,0.711,0
0.232,0.475,0
0.144,0.799,0
0.265,0.71,0
0.505,0.088,3
0.487,0.08,3
0.061,0.774,0
0.315,0.486,0
0.092,0.802,0
0.251,0.613,0
0.51,0.083,3
0.39,0.77,0
1.005,0.525,2
0.3,0.678,0
0.968,0.544,1
0.953,0.541,1
0.123,0.755,0
0.973,0.5,2
0.478,0.735,0
0.462,0.685,0
0.462,0.711,0
0.407,0.759,0
0.091,0.703,0
0.503,0.086,3
1.029,0.509,2
0.295,0.538,0
0.495,0.754,0
0.01,0.793,0
0.251,0.511,0
0.941,0.511,1
0.485,0.025,3
0.051,0.745,0
0.28,0.481,0
0.989,0.464,2
0.056,0.809,0
0.309,0.446,0
0.993,0.522,2
0.944,0.578,1
0.518,0.695,0
0.093,0.742,0
0.455,0.733,0
0.972,0.52,2
0.972,0.527,2
0.358,0.659,0
0.465,0.697,0
0.31,0.492,0
0.469,0.097,3
0.464,0.002,3
0.504,0.761,0
0.003,0.81,0
0.417,0.707,0
0.286,0.519,0
0.407,0.72,0
0.347,0.746,0
0.18,0.46,0
0.224,0.481,0
0.547,0.139,3
1.021,0.54,2
0.501,0.664,0
0.99,0.58,4
0.976,0.5,2
0.487,0.076,3
0.064,0.715,0
0.211,0.53,0
0.436,0.716,0
0.38,0.763,0
0.531,0.148,3
0.509,0.021,3
0.986,0.472,2
0.4,0.691,0
0.001,0.813,0
0.011,0.777,0
0.225,0.471,0
0.058,0.796,0
0.95,0.536,1
0.465,0.1,3
0.444,0.058,3
0.342,0.548,0
0.376,0.746,0
0.323,0.52,0
0.2,0.463,0
0.471,0.773,0
0.105,0.804,0
0.446,0.04,3
0.249,0.507,0
0.017,0.751,0
0.401,0.719,0
0.116,0.768,0
0.939,0.492,1
0.104,0.817,0
0.417,0.692,0
0.404,0.719,0
0.521,0.06,3
0.123,0.741,0
0.936,0.435,2
0.445,0.118,3
0.495,0.147,3
0.405,0.753,0
0.459,0.697,0
0.94,0.499,1
0.262,0.5,0
0.486,0.739,0
0.96,0.548,1
0.233,0.497,0
0.204,0.527,0
0.273,0.511,0
0.364,0.522,0
0.463,0.724,0
0.288,0.483,0
0.437,0.717,0
0.217,0.486,0
0.077,0.775,0
0.518,0.067,3
0.431,0.71,0
0.324,0.396,0
0.485,0.683,0
0.027,0.824,0
0.52,0.052,3
0.45,0.733,0
0.398,0.705,0
0.257,0.483,0
0.239,0.546,0
0.527,0.078,3
0.321,0.458,0
0.998,0.54,4
0.452,0.681,0
0.557,0.008,3
0.465,0.752,0
1.036,0.474,2
0.052,0.84,0
0.096,0.791,0
0.487,0.057,3
0.457,0.731,0
1.046,0.509,2
0.545,0,3
0.054,0.821,0
0.502,0.055,3
0.929,0.582,1
0.497,0.077,3
1.035,0.636,4
0.217,0.485,0
0.991,0.577,4
0.239,0.524,0
0.346,0.672,0
0.409,0.714,0
0.506,0.757,0
0.411,0.759,0
0.082,0.756,0
0.578,0.111,3
0.108,0.76,0
0.976,0.537,1
0.071,0.734,0
0.115,0.837,0
0.424,0.753,0
1.035,0.63,4
0.064,0.779,0
0.517,0.045,3
0.49,0.081,3
0.936,0.547,1
0.465,0.706,0
0.12,0.84,0
0.088,0.678,0
0.231,0.502,0
0.486,0.067,3
1.016,0.532,2
0.116,0.804,0
0.156,0.819,0
0.487,0.113,3
0.042,0.817,0
0.078,0.846,0
0.104,0.782,0
0.416,0.687,0
0.281,0.585,0
1.014,0.507,2
0.074,0.746,0
0.459,0.103,3
0.32,0.566,0
0.261,0.559,0
0.947,0.561,1
0.144,0.754,0
0.535,0.024,3
0.436,0.096,3
0.31,0.472,0
0.983,0.504,2
0.461,0.755,0
0.002,0.782,0
0.027,0.729,0
0.46,0.717,0
0.532,0.151,3
0.066,0.819,0
0.977,0.605,4
0.435,0.081,3
0.44,0.711,0
0.457,0.675,0
0.326,0.47,0
0.469,0.127,3
0.502,0.026,3
0.901,0.475,1
0.508,0.102,3
0.937,0.54,1
0.477,0.059,3
0.052,0.804,0
0.083,0.791,0
0.197,0.463,0
1.044,0.553,4
0.485,0.056,3
0.458,0.716,0
0.911,0.529,1
0.528,0.026,3
0.503,0.111,3
0.473,0.734,0
0.538,0.14,3
0.257,0.5,0
0.255,0.481,0
0.996,0.521,2
0.066,0.814,0
0.282,0.506,0
0.326,0.511,0
0.044,0.755,0
0.366,0.541,0
0.065,0.791,0
0.453,0.15,3
0.222,0.455,0
0.215,0.481,0
0.55,0.127,3
0.51,0.004,3
0.267,0.53,0
0.482,0.135,3
0.238,0.533,0
0.549,0.005,3
0.454,0.674,0
0.994,0.472,2
0.978,0.514,2
0.952,0.547,1
0.379,0.728,0
0.44,0.082,3
0.414,0.749,0
0.435,0.769,0
0.485,0.021,3
0.553,0.02,3
0.486,0.043,3
0.42,0.706,0
0.19,0.516,0
0.411,0.681,0
0.279,0.464,0
0.283,0.539,0
0.553,0.04,3
0.995,0.499,2
1.007,0.533,2
0.476,0.078,3
0.454,0.706,0
0.279,0.534,0
0.015,0.743,0
0.495,0.101,3
0.956,0.555,1
0.372,0.749,0
0.526,0.087,3
0.508,0.079,3
0.232,0.472,0
0.993,0.567,4
0.999,0.464,2
0.033,0.716,0
0.102,0.823,0
1.037,0.499,2
0.359,0.743,0
0.999,0.534,2
0.085,0.835,0
0.947,0.498,1
0.482,0.747,0
0.54,0.014,3
0.516,0.046,3
0.128,0.755,0
0.236,0.516,0
1.075,0.521,2
0.928,0.542,1
0.42,0.714,0
0.075,0.752,0
0.228,0.522,0
0.067,0.739,0
0.509,0.078,3
0.226,0.496,0
0.069,0.739,0
0.277,0.479,0
0.962,0.534,1
0.053,0.791,0
0.22,0.45,0
0.111,0.698,0
0.443,0.743,0
0.436,0.776,0
0.413,0.713,0
0.273,0.55,0
0.441,0.755,0
0.946,0.526,1
0.413,0.663,0
0.396,0.713,0
0.074,0.813,0
0.979,0.507,2
0.029,0.734,0
0.244,0.423,0
0.455,0.669,0
0.262,0.544,0
0.454,0.728,0
0.928,0.541,1
0.483,0.038,3
0.944,0.605,4
0.448,0.711,0
0.425,0.701,0
1.006,0.521,2
0.191,0.841,0
0.467,0.695,0
0.942,0.556,1
0.005,0.839,0
1.005,0.542,4
0.467,0.692,0
0.435,0.684,0
0.459,0.71,0
0.484,0.688,0
0.594,0.084,3
0.502,0.673,0
0.296,0.528,0
0.263,0.558,0
0.086,0.807,0
0.471,0.71,0
0.987,0.48,2
0.086,0.729,0
1.001,0.546,4
0.066,0.801,0
0.46,0.115,3
0.54,0.028,3
0.326,0.531,0
0.22,0.517,0
0.506,0.105,3
0.05,0.775,0
0.279,0.577,0
0.539,0.082,3
0.291,0.446,0
0.084,0.784,0
0.243,0.501,0
0.432,0.722,0
0.183,0.754,0
0.295,0.399,0
0.278,0.479,0
0.248,0.498,0
0.251,0.51,0
0.242,0.509,0
1.051,0.487,2
0.471,0.709,0
0.126,0.736,0
0.294,0.523,0
0.414,0.111,3
1.02,0.545,4
0.469,0.696,0
0.45,0.751,0
0.405,0.721,0
0.99,0.551,4
0.966,0.459,2
0.005,0.77,0
0.047,0.68,0
0.534,0.059,3
0.251,0.529,0
0.278,0.473,0
0.364,0.752,0
0.465,0.692,0
0.94,0.551,1
0.456,0.751,0
0.156,0.768,0
0.479,0.124,3
0.002,0.793,0
0.569,0.083,3
0.506,0.739,0
0.428,0.709,0
0.227,0.556,0
0.486,0.099,3
0.074,0.871,0
0.472,0.769,0
0.412,0.68,0
1.048,0.557,4
0.203,0.474,0
0.091,0.756,0
0.41,0.705,0
0.344,0.514,0
0.997,0.5,2
0.984,0.494,2
0.289,0.499,0
0.499,0.13,3
0.525,0.009,3
0.291,0.5,0
0.448,0.694,0
1.02,0.573,4
0.291,0.52,0
0.999,0.492,2
0.257,0.477,0
1.017,0.505,2
0.085,0.719,0
0.076,0.769,0
0.947,0.526,1
0.237,0.496,0
0.548,0.055,3
0.477,0.001,3
0.047,0.772,0
0.245,0.403,0
0.042,0.762,0
0.349,0.522,0
0.145,0.817,0
0.983,0.627,4
0.977,0.499,2
0.426,0.691,0
0.522,0.113,3
0.247,0.447,0
0.459,0.673,0
0.504,0.084,3
0.327,0.48,0
0.025,0.801,0
0.102,0.763,0
0.473,0.766,0
0.288,0.556,0
0.408,0.689,0
0.335,0.507,0
0.276,0.455,0
0.492,0.093,3
0.277,0.519,0
1.019,0.541,4
0.454,0.666,0
0.472,0.057,3
0.113,0.774,0
0.057,0.764,0
0.318,0.502,0
0.566,0.076,3
0.454,0.061,3
0.252,0.489,0
0.453,0.67,0
0.051,0.734,0
0.249,0.555,0
0.231,0.493,0
0.092,0.785,0
0.042,0.763,0
0.091,0.765,0
0.089,0.827,0
0.455,0.708,0
0.97,0.617,4
0.273,0.52,0
0.081,0.817,0
0.048,0.814,0
0.916,0.61,1
1.011,0.492,2
0.459,0.705,0
0.366,0.729,0
0.049,0.798,0
0.493,0.675,0
0.102,0.754,0
0.931,0.468,1
0.221,0.512,0
0.973,0.643,4
0.088,0.801,0
0.389,0.802,0
0.484,0.691,0
0.295,0.491,0
0.019,0.831,0
0.909,0.508,1
0.955,0.517,1
0.581,0.015,3
1.036,0.518,2
0.46,0.686,0
0.429,0.727,0
0.259,0.562,0
0.941,0.543,1
0.036,0.795,0
0.469,0.708,0
0.089,0.773,0
0.267,0.569,0
0.976,0.491,2
0.987,0.557,4
0.042,0.685,0
0.91,0.524,1
0.157,0.795,0
1.064,0.547,4
1.008,0.565,4
0.107,0.74,0
0.48,0.125,3
0.53,0.1,3
0.989,0.51,2
0.423,0.105,3
0.483,0.779,0
0.035,0.766,0
0.539,0.067,3
0.328,0.49,0
0.078,0.742,0
0.058,0.762,0
0.119,0.837,0
0.556,0.004,3
0.127,0.772,0
0.149,0.508,0
0.453,0.757,0
0.145,0.847,0
0.967,0.561,4
0.975,0.534,1
0.273,0.483,0
0.485,0.018,3
0.44,0.72,0
0.44,0.031,3
0.086,0.736,0
0.543,0.073,3
0.413,0.769,0
0.066,0.756,0
0.238,0.432,0
0.052,0.791,0
0.266,0.476,0
0.097,0.835,0
0.995,0.515,2
0.141,0.747,0
0.1,0.812,0
0.985,0.591,4
1.047,0.511,2
0.491,0.137,3
0.429,0.772,0
0.314,0.479,0
0.305,0.538,0
0.264,0.493,0
0.329,0.537,0
0.228,0.466,0
0.207,0.513,0
0.115,0.735,0
0.474,0.065,3
0.366,0.825,0
0.095,0.787,0
0.109,0.813,0
0.246,0.466,0
0.48,0.7,0
0.239,0.61,0
0.09,0.844,0
0.471,0.7,0
0.435,0.675,0
0.281,0.493,0
0.27,0.506,0
0.285,0.517,0
0.573,0.086,3
1.03,0.547,4
1.013,0.554,4
0.987,0.552,4
0.44,0.69,0
0.29,0.418,0
0.281,0.454,0
0.448,0.064,3
0.512,0.074,3
0.46,0.693,0
0.122,0.809,0
0.426,0.024,3
0.388,0.738,0
0.48,0.658,0
0.156,0.828,0
0.485,0.11,3
0.003,0.761,0
0.454,0.766,0
0.262,0.543,0
0.415,0.077,3
0.45,0.113,3
0.464,0.771,0
0.989,0.498,2
0.15,0.676,0
0.273,0.506,0
0.277,0.538,0
0.031,0.835,0
0.998,0.584,4
0.084,0.851,0
0.951,0.594,4
0.112,0.729,0
0.221,0.47,0
0.292,0.524,0
0.922,0.609,1
0.497,0.114,3
0.072,0.756,0
0.576,0.042,3
0.422,0.142,3
0.296,0.552,0
0.165,0.435,0
0.473,0.78,0
0.519,0.019,3
0.486,0.758,0
0.031,0.792,0
1.027,0.572,4
0.424,0.695,0
0.421,0.762,0
0.232,0.468,0
0.974,0.582,4
0.301,0.481,0
0.475,0.047,3
0.317,0.417,0
0.057,0.846,0
0.49,0.065,3
0.468,0.74,0
0.105,0.891,0
0.391,0.688,0
0.919,0.527,1
0.412,0.699,0
0.53,0.06,3
0.512,0.138,3
0.983,0.473,2
0.082,0.797,0
0.255,0.476,0
0.503,0.046,3
0.518,0.082,3
0.944,0.635,4
0.286,0.507,0
0.223,0.484,0
0.513,0.041,3
0.255,0.465,0
0.942,0.489,1
0.381,0.484,0
0.472,0.762,0
0.047,0.84,0
0.117,0.779,0
0.497,0.688,0
0.454,0.738,0
0.124,0.879,0
0.126,0.813,0
1.034,0.522,2
0.935,0.554,1
0.241,0.451,0
0.094,0.772,0
1.007,0.561,4
0.308,0.488,0
0.291,0.46,0
1.028,0.497,2
0.032,0.803,0
0.221,0.535,0
0.984,0.492,2
0.582,0.052,3
0.43,0.663,0
0.986,0.556,4
0.11,0.831,0
0.013,0.786,0
0.951,0.519,1
0.25,0.476,0
0.051,0.791,0
0.014,0.742,0
0.456,0.731,0
0.091,0.77,0
1.016,0.505,2
0.309,0.525,0
0.481,0.02,3
0.314,0.481,0
0.468,0.683,0
0.599,0.059,3
0.457,0.72,0
0.524,0.128,3
0.266,0.534,0
0.033,0.818,0
0.11,0.796,0
0.3,0.543,0
0.267,0.506,0
0.533,0.05,3
0.446,0.68,0
0.445,0.106,3
0.107,0.8,0
0.421,0.721,0
0.045,0.737,0
0.963,0.61,4
0.327,0.448,0
0.518,0.096,3
0.276,0.557,0
0.246,0.502,0
0.16,0.475,0
0.091,0.767,0
0.254,0.435,0
0.982,0.552,4
0.03,0.728,0
0.401,0.085,3
0.413,0.756,0
0.451,0.731,0
0.961,0.579,4
0.391,0.794,0
0.262,0.539,0
0.298,0.497,0
0.355,0.524,0
0.394,0.74,0
0.952,0.488,1
0.308,0.508,0
0.994,0.519,2
0.244,0.502,0
0.856,0.538,1
0.125,0.876,0
1.004,0.56,4
0.096,0.843,0
0.49,0.06,3
0.976,0.54,4
0.063,0.747,0
0.409,0.767,0
0.536,0.057,3
0.115,0.819,0
0.521,0,3
0.483,0.176,3
1.073,0.51,2
0.258,0.457,0
0.276,0.472,0
0.444,0.728,0
0.268,0.516,0
0.515,0.047,3
0.969,0.56,4
0.417,0.814,0
0.419,0.801,0
0.452,0.72,0
0.459,0.061,3
0.063,0.854,0
0.531,0.123,3
0.989,0.534,2
0.239,0.464,0
0.311,0.47,0
1.003,0.61,4
0.405,0.718,0
0.914,0.531,1
0.984,0.563,4
0.304,0.496,0
0.145,0.819,0
1.016,0.534,2
0.988,0.598,4
0.501,0.694,0
0.968,0.508,2
0.51,0.129,3
0.492,0.751,0
0.095,0.759,0
0.353,0.715,0
1.008,0.577,4
0.992,0.589,4
0.073,0.666,0
0.969,0.584,4
0.495,0.074,3
0.468,0.103,3
0.244,0.431,0
0.309,0.525,0
0.43,0.709,0
0.948,0.549,1
0.544,0.126,3
0.064,0.75,0
0.456,0.738,0
0.098,0.82,0
1.007,0.634,4
0.236,0.533,0
0.993,0.553,4
0.946,0.503,1
0.274,0.48,0
0.395,0.776,0
0.059,0.802,0
1.028,0.615,4
0.446,0.106,3
0.976,0.483,2
0.066,0.73,0
0.504,0.122,3
0.432,0.768,0
0.239,0.495,0
0.122,0.769,0
0.057,0.848,0
0.15,0.819,0
0.001,0.792,0
1.025,0.517,2
0.306,0.466,0
0.204,0.511,0
0.039,0.752,0
0.223,0.477,0
0.514,0.739,0
0.033,0.765,0
0.062,0.725,0
0.262,0.516,0
0.304,0.465,0
0.336,0.571,0
0.214,0.473,0
0.505,0.722,0
0.519,0.097,3
0.549,0.079,3
0.023,0.737,0
0.992,0.524,2
0.499,0.125,3
0.5,0.067,3
0.085,0.832,0
0.112,0.745,0
0.983,0.459,2
0.049,0.846,0
0.482,0.679,0
1.054,0.567,4
0.977,0.502,2
0.269,0.432,0
0.145,0.759,0
0.549,0.089,3
0.446,0.667,0
0.496,0.733,0
0.46,0.649,0
0.437,0.67,0
0.277,0.453,0
0.527,0.041,3
0.392,0.765,0
0.283,0.531,0
0.984,0.512,2
0.528,0.111,3
0.947,0.577,1
0.126,0.764,0
0.387,0.69,0
0.316,0.512,0
0.283,0.451,0
0.472,0.851,0
0.255,0.518,0
0.245,0.495,0
0.405,0.701,0
0.492,0.748,0
0.456,0.682,0
0.021,0.797,0
0.46,0.638,0
0.446,0.101,3
0.948,0.516,1
0.973,0.447,2
0.003,0.776,0
0.553,0.06,3
0.434,0.08,3
0.507,0.028,3
0.454,0.053,3
0.31,0.57,0
0.303,0.48,0
0.099,0.819,0
0.526,0.087,3
0.965,0.489,2
0.08,0.828,0
0.203,0.503,0
0.485,0.06,3
0.983,0.509,2
0.044,0.77,0
0.01,0.785,0
0.245,0.556,0
0.049,0.817,0
0.97,0.568,4
0.485,0.709,0
0.97,0.552,4
0.108,0.813,0
0.075,0.759,0
0.068,0.734,0
0.919,0.596,1
0.036,0.724,0
0.893,0.505,1
0.12,0.793,0
0.534,0.069,3
0.953,0.515,1
0.213,0.414,0
0.456,0.038,3
0.465,0.084,3
0.885,0.494,1
0.969,0.566,4
0.998,0.583,4
0.472,0.06,3
1.008,0.553,4
0.061,0.756,0
0.98,0.554,4
0.209,0.458,0
0.483,0.721,0
0.916,0.59,1
0.466,0.727,0
0.399,0.636,0
0.475,0.684,0
1.042,0.492,2
0.284,0.493,0
0.246,0.549,0
0.476,0.719,0
0.927,0.443,1
0.077,0.759,0
0.114,0.823,0
0.263,0.581,0
1.012,0.54,2
0.289,0.481,0
0.514,0.021,3
0.961,0.543,1
0.426,0.671,0
0.016,0.741,0
0.923,0.49,1
0.483,0.008,3
0.068,0.703,0
0.048,0.71,0
0.915,0.501,1
0.319,0.496,0
0.369,0.773,0
0.271,0.498,0
0.098,0.826,0
1.089,0.574,4
0.472,0.089,3
0.07,0.768,0
0.315,0.557,0
0.163,0.839,0
0.053,0.783,0
0.001,0.799,0
0.531,0.086,3
0.431,0.145,3
0.984,0.562,4
0.3,0.531,0
0.433,0.717,0
0.236,0.542,0
0.998,0.474,2
0.071,0.798,0
0.509,0.013,3
0.996,0.579,4
0.986,0.465,2
0.43,0.054,3
0.425,0.758,0
0.273,0.451,0
0.99,0.599,4
1.009,0.487,2
0.14,0.81,0
0.209,0.474,0
0.961,0.582,4
0.077,0.78,0
0.502,0.051,3
0.971,0.554,4
0.41,0.698,0
0.463,0.675,0
0.259,0.505,0
0.221,0.455,0
0.507,0.005,3
0.058,0.719,0
0.239,0.561,0
0.478,0.095,3
0.442,0.693,0
0.279,0.502,0
0.255,0.609,0
1.023,0.544,4
1.014,0.51,2
0.499,0.055,3
0.473,0.672,0
0.588,0.129,3
0.039,0.768,0
0.957,0.488,2
0.469,0.742,0
0.295,0.506,0
0.331,0.48,0
0.305,0.47,0
0.042,0.782,0
0.079,0.793,0
0.093,0.734,0
0.284,0.504,0
0.543,0.122,3
1.056,0.517,2
0.24,0.572,0
0.296,0.465,0
0.129,0.703,0
0.45,0.045,3
0.344,0.55,0
0.427,0.712,0
0.93,0.517,1
0.539,0.109,3
0.361,0.739,0
0.997,0.487,2
0.938,0.516,1
0.225,0.472,0
0.517,0.712,0
0.079,0.823,0
0.554,0.735,0
0.269,0.488,0
0.418,0.729,0
0.612,0.102,3
0.278,0.516,0
0.472,0.099,3
0.929,0.502,1
0.976,0.509,2
0.206,0.502,0
0.116,0.837,0
0.367,0.732,0
0.506,0.712,0
0.536,0.01,3
0.491,0.057,3
0.416,0.701,0
0.432,0.764,0
1.056,0.539,2
0.149,0.785,0
0.526,0.036,3
0.082,0.766,0
1.017,0.597,4
0.293,0.521,0
0.437,0.69,0
0.123,0.733,0
0.458,0.722,0
0.479,0.028,3
0.496,0.055,3
0.425,0.7,0
1.042,0.538,2
0.989,0.458,2
0.41,0.701,0
0.862,0.489,1
1.009,0.5,2
0.955,0.538,1
0.995,0.52,2
0.495,0.042,3
0.507,0.037,3
0.378,0.669,0
0.219,0.475,0
0.049,0.822,0
0.088,0.8,0
1.055,0.529,2
0.427,0.735,0
0.322,0.468,0
0.429,0.808,0
0.564,0.05,3
0.216,0.48,0
0.343,0.754,0
0.077,0.733,0
0.493,0.754,0
0.995,0.545,4
0.289,0.559,0
0.058,0.757,0
0.313,0.542,0
0.513,0.199,3
0.467,0.74,0
0.546,0.128,3
0.413,0.724,0
0.546,0.054,3
0.094,0.799,0
0.24,0.531,0
0.323,0.499,0
0.141,0.81,0
0.471,0.06,3
0.538,0.128,3
0.436,0.02,3
0.922,0.473,1
0.056,0.721,0
0.125,0.732,0
0.905,0.525,1
0.397,0.704,0
0.098,0.788,0
1.017,0.51,2
0.029,0.774,0
0.507,0.053,3
0.415,0.713,0
0.46,0.782,0
0.4,0.685,0
0.374,0.728,0
0.44,0.746,0
0.439,0.708,0
0.06,0.833,0
0.294,0.446,0
0.512,0.07,3
0.063,0.714,0
0.247,0.528,0
0.488,0.673,0
0.487,0.073,3
0.085,0.761,0
0.521,0.013,3
0.531,0.051,3
0.908,0.55,1
0.471,0.088,3
0.445,0.054,3
0.059,0.753,0
0.393,0.711,0
0.976,0.552,4
0.97,0.551,4
0.048,0.781,0
0.131,0.812,0
0.434,0.758,0
0.103,0.781,0
0.221,0.545,0
0.279,0.508,0
0.487,0.727,0
0.479,0.07,3
0.498,0.66,0
0.138,0.754,0
0.522,0.09,3
0.012,0.735,0
0.491,0.039,3
0.086,0.767,0
0.445,0.775,0
0.512,0.132,3
0.075,0.832,0
0.05,0.807,0
0.54,0.08,3
0.421,0.801,0
0.287,0.503,0
0.068,0.785,0
0.255,0.545,0
0.454,0.781,0
0.063,0.719,0
0.962,0.505,2
1.011,0.524,2
0.431,0.802,0
0.034,0.838,0
0.142,0.496,0
0.268,0.448,0
0.949,0.539,1
0.435,0.137,3
0.03,0.808,0
0.446,0.666,0
0.083,0.796,0
0.978,0.559,4
0.936,0.61,4
0.44,0.725,0
0.414,0.779,0
0.291,0.512,0
0.416,0.719,0
0.504,0.02,3
0.415,0.652,0
0.521,0.051,3
1.023,0.547,4
0.953,0.601,4
0.241,0.48,0
0.084,0.789,0
0.996,0.579,4
0.533,0.035,3
0.055,0.773,0
0.144,0.866,0
0.237,0.492,0
0.245,0.56,0
0.236,0.504,0
0.049,0.801,0
0.255,0.482,0
0.236,0.502,0
0.29,0.49,0
0.146,0.781,0
0.505,0.072,3
0.209,0.464,0
0.513,0.028,3
0.277,0.447,0
0.142,0.869,0
0.222,0.512,0
0.433,0.75,0
0.038,0.806,0
0.3,0.53,0
0.949,0.527,1
0.46,0.128,3
0.946,0.553,1
0.023,0.719,0
0.516,0.084,3
0.209,0.466,0
0.896,0.545,1
0.269,0.469,0
0.404,0.749,0
0.438,0.628,0
0.409,0.778,0
0.093,0.79,0
0.553,0.093,3
0.252,0.517,0
0.438,0.703,0
0.251,0.54,0
0.115,0.664,0
0.284,0.475,0
0.505,0.063,3
0.464,0.752,0
0.28,0.466,0
0.271,0.465,0
0.957,0.499,1
0.108,0.806,0
0.102,0.823,0
0.239,0.563,0
0.063,0.808,0
0.155,0.767,0
0.278,0.452,0
0.274,0.508,0
0.067,0.771,0
0.493,0.738,0
0.068,0.842,0
0.256,0.447,0
0.1,0.796,0
0.371,0.719,0
0.998,0.519,2
0.29,0.514,0
0.446,0.111,3
0.402,0.727,0
0.21,0.554,0
0.403,0.716,0
0.11,0.826,0
0.486,0.077,3
0.935,0.544,1
0.087,0.798,0
0.047,0.823,0
0.533,0.057,3
0.012,0.758,0
0.957,0.53,1
0.945,0.527,1
0.485,0.064,3
0.075,0.764,0
0.108,0.805,0
0.396,0.792,0
1.02,0.558,4
0.475,0.115,3
0.493,0.041,3
0.447,0.674,0
0.512,0.102,3
0.428,0.701,0
0.373,0.739,0
0.499,0.094,3
0.285,0.555,0
0.462,0.665,0
0.093,0.818,0
0.452,0.037,3
0.093,0.74,0
0.452,0.709,0
0.415,0.704,0
0.116,0.827,0
0.118,0.82,0
1.001,0.526,2
0.265,0.502,0
0.152,0.561,0
0.276,0.493,0
1.032,0.556,4
0.099,0.774,0
0.411,0.708,0
0.243,0.486,0
1.003,0.615,4
0.061,0.776,0
1.019,0.542,4
0.377,0.489,0
0.47,0.046,3
1.039,0.537,2
0.52,0.019,3
0.99,0.596,4
1.038,0.558,4
0.052,0.793,0
0.209,0.501,0
0.991,0.507,2
0.483,0,3
0.389,0.711,0
0.444,0.744,0
0.568,0.049,3
0.436,0.138,3
0.282,0.557,0
0.96,0.533,1
0.251,0.441,0
0.241,0.545,0
0.441,0.732,0
0.257,0.49,0
0.494,0.09,3
0.423,0.685,0
0.459,0.722,0
0.966,0.53,1
0.534,0.079,3
0.945,0.573,1
0.265,0.482,0
0.487,0.101,3
0.023,0.834,0
0.499,0.07,3
0.448,0.762,0
0.063,0.809,0
0.953,0.589,4
1.004,0.517,2
0.449,0.771,0
0.427,0.714,0
0.112,0.788,0
0.554,0.041,3
0.081,0.725,0
0.997,0.511,2
1.004,0.555,4
0.987,0.527,2
0.28,0.488,0
0.979,0.516,2
0.409,0.721,0
0.563,0.685,0
0.508,0.059,3
0.402,0.705,0
0.037,0.766,0
0.313,0.566,0
0.308,0.502,0
0.385,0.717,0
0.545,0.06,3
0.326,0.534,0
0.205,0.453,0
0.532,0.067,3
0.331,0.477,0
0.302,0.511,0
1.01,0.575,4
0.98,0.543,4
0.544,0.007,3
0.415,0.078,3
1.053,0.522,2
0.48,0.752,0
0.354,0.705,0
0.518,0.092,3
0.926,0.478,1
0.467,0.816,0
0.445,0.749,0
0.285,0.364,0
0.534,0.049,3
0.955,0.551,1
0.225,0.51,0
0.067,0.748,0
0.986,0.551,4
0.112,0.801,0
0.418,0.627,0
0.206,0.525,0
0.469,0.719,0
0.085,0.761,0
0.151,0.819,0
0.108,0.798,0
0.401,0.784,0
0.09,0.788,0
0.03,0.809,0
0.547,0.055,3
0.471,0.726,0
0.42,0.756,0
0.441,0.116,3
0.448,0.672,0
0.413,0.688,0
0.258,0.46,0
0.963,0.501,2
0.453,0.715,0
0.429,0.678,0
1.045,0.556,4
0.443,0.673,0
0.23,0.597,0
1,0.552,4
0.494,0.092,3
0.486,0.688,0
0.45,0.021,3
0.306,0.447,0
0.453,0.727,0
0.461,0.742,0
0.973,0.604,4
0.071,0.729,0
0.077,0.771,0
1,0.491,2
0.44,0.684,0
0.504,0.093,3
0.981,0.512,2
0.426,0.783,0
0.526,0.002,3
0.399,0.751,0
0.426,0.778,0
0.521,0.1,3
0.218,0.496,0
0.512,0.038,3
0.51,0.1,3
0.481,0.097,3
0.052,0.778,0
0.101,0.82,0
0.086,0.777,0
0.441,0.113,3
0.453,0.719,0
0.128,0.745,0
0.456,0.098,3
0.449,0.641,0
1.017,0.581,4
0.084,0.832,0
0.235,0.521,0
0.092,0.801,0
0.058,0.742,0
0.49,0.083,3
0.095,0.742,0
0.589,0.041,3
0.971,0.53,1
0.453,0.742,0
0.457,0.749,0
0.612,0.067,3
0.266,0.54,0
0.587,0.062,3
0.937,0.519,1
0.119,0.769,0
0.506,0.073,3
1.028,0.558,4
0.952,0.529,1
0.104,0.795,0
0.391,0.796,0
0.273,0.575,0
0.978,0.535,2
0.446,0.69,0
0.911,0.549,1
0.828,0.495,1
0.076,0.809,0
0.442,0.113,3
0.983,0.598,4
0.471,0.093,3
0.072,0.815,0
0.242,0.475,0
0.457,0.744,0
0.474,0.734,0
0.096,0.835,0
0.089,0.807,0
0.073,0.73,0
0.916,0.523,1
0.403,0.72,0
0.909,0.557,1
1.015,0.517,2
0.528,0.059,3
0.965,0.515,1
0.049,0.77,0
1.011,0.545,4
0.461,0.753,0
0.485,0.052,3
0.41,0.114,3
0.489,0.051,3
0.119,0.752,0
0.067,0.781,0
0.304,0.487,0
0.408,0.715,0
0.453,0.003,3
0.556,0.076,3
0.51,0.085,3
0.978,0.548,4
0.959,0.472,2
1.021,0.53,2
0.498,0.016,3
0.013,0.754,0
0.279,0.394,0
0.219,0.554,0
0.427,0.72,0
0.124,0.922,0
0.431,0.714,0
0.05,0.848,0
0.219,0.533,0
0.412,0.689,0
0.23,0.536,0
0.285,0.499,0
0.281,0.516,0
0.132,0.785,0
0.222,0.502,0
0.399,0.704,0
0.039,0.785,0
1.032,0.585,4
0.937,0.521,1
0.259,0.547,0
0.399,0.146,3
0.513,0.087,3
0.408,0.776,0
0.955,0.543,1
0.052,0.705,0
0.07,0.798,0
0.31,0.524,0
0.444,0.728,0
0.416,0.78,0
0.493,0.11,3
0.96,0.57,4
0.976,0.573,4
0.275,0.53,0
0.97,0.515,2
0.298,0.547,0
0.242,0.521,0
0.313,0.407,0
0.089,0.824,0
0.338,0.743,0
0.191,0.777,0
0.274,0.496,0
0.52,0.106,3
0.462,0.078,3
1.005,0.569,4
0.21,0.519,0
0.527,0.673,0
0.081,0.792,0
0.059,0.763,0
0.065,0.81,0
0.958,0.546,1
0.319,0.491,0
0.924,0.523,1
0.391,0.637,0
0.45,0.707,0
0.295,0.442,0
0.95,0.483,1
0.469,0.062,3
0.473,0.031,3
0.07,0.779,0
0.946,0.611,4
0.04,0.774,0
0.498,0.021,3
0.282,0.568,0
0.535,0.055,3
0.957,0.533,1
0.42,0.752,0
0.165,0.724,0
0.423,0.729,0
0.292,0.443,0
0.272,0.529,0
0.483,0.759,0
0.49,0.045,3
0.961,0.53,1
0.06,0.716,0
0.495,0.022,3
0.027,0.772,0
0.949,0.595,4
0.524,0.033,3
0.999,0.626,4
0.092,0.833,0
0.952,0.526,1
0.107,0.807,0
0.196,0.513,0
0.027,0.808,0
0.229,0.491,0
0.422,0.744,0
0.523,0.099,3
0.215,0.483,0
0.068,0.78,0
0.278,0.47,0
0.474,0.688,0
0.975,0.475,2
0.974,0.483,2
0.554,0.054,3
0.238,0.6,0
0.083,0.787,0
0.141,0.769,0
0.47,0.094,3
0.969,0.502,2
0.933,0.568,1
0.958,0.502,1
0.291,0.46,0
0.05,0.894,0
0.298,0.519,0
0.988,0.509,2
1.1,0.528,2
0.305,0.518,0
0.944,0.56,1
0.377,0.485,0
0.221,0.495,0
0.114,0.75,0
0.285,0.401,0
0.271,0.487,0
1.021,0.497,2
0.228,0.556,0
1,0.465,2
0.968,0.544,1
0.54,0.077,3
0.298,0.512,0
0.316,0.508,0
0.456,0.06,3
0.991,0.504,2
0.077,0.771,0
0.062,0.861,0
0.519,0.706,0
0.361,0.712,0
0.056,0.744,0
1.004,0.544,4
0.984,0.556,4
0.532,0.08,3
0.178,0.548,0
0.316,0.44,0
0.966,0.468,2
0.445,0.776,0
0.522,0.077,3
0.405,0.751,0
0.286,0.53,0
0.472,0.044,3
0.496,0.097,3
0.465,0.104,3
0.408,0.694,0
0.472,0.107,3
0.31,0.493,0
0.317,0.537,0
0.899,0.534,1
0.469,0.027,3
0.303,0.488,0
0.107,0.749,0
0.238,0.494,0
0.47,0.055,3
0.543,0.111,3
0.484,0.743,0
0.943,0.524,1
0.508,0.07,3
0.498,0.098,3
0.321,0.51,0
0.473,0.038,3
0.111,0.749,0
0.22,0.537,0
0.243,0.549,0
0.137,0.828,0
0.255,0.496,0
0.217,0.485,0
0.307,0.416,0
0.218,0.433,0
0.126,0.67,0
0.072,0.733,0
0.976,0.561,4
0.431,0.728,0
0.141,0.791,0
0.06,0.772,0
0.284,0.476,0
0.063,0.837,0
0.034,0.735,0
0.251,0.488,0
0.952,0.539,1
0.981,0.533,2
0.995,0.58,4
0.068,0.752,0
0.929,0.516,1
0.097,0.784,0
1.012,0.481,2
0.919,0.482,1
0.055,0.739,0
0.513,0.085,3
0.303,0.461,0
0.058,0.764,0
0.454,0.797,0
0.396,0.761,0
0.444,0.748,0
0.363,0.481,0
0.069,0.781,0
0.478,0.124,3
0.301,0.505,0
0.503,0.78,0
0.975,0.584,4
0.223,0.497,0
0.504,0.102,3
0.121,0.765,0
0.49,0.034,3
0.546,0.099,3
0.542,0.147,3
0.245,0.535,0
0.547,0.076,3
0.519,0.124,3
0.501,0.088,3
0.292,0.502,0
0.02,0.767,0
0.45,0.706,0
0.07,0.716,0
0.952,0.53,1
0.051,0.807,0
0.429,0.776,0
0.532,0.01,3
0.089,0.767,0
0.967,0.593,4
0.38,0.708,0
0.292,0.47,0
0.509,0.1,3
0.512,0.11,3
0.478,0.708,0
0.229,0.531,0
0.079,0.83,0
0.528,0.116,3
0.278,0.507,0
0.281,0.451,0
0.471,0.74,0
0.905,0.501,1
0.984,0.503,2
0.15,0.78,0
0.495,0.045,3
0.483,0.663,0
0.475,0.046,3
0.412,0.084,3
0.97,0.456,2
0.556,0.073,3
0.941,0.539,1
0.172,0.51,0
0.191,0.724,0
0.485,0.027,3
0.607,0.003,3
0.349,0.741,0
0.302,0.458,0
0.27,0.55,0
0.396,0.791,0
0.121,0.746,0
0.028,0.772,0
0.074,0.767,0
0.42,0.749,0
0.398,0.728,0
0.048,0.835,0
0.462,0.086,3
0.518,0.107,3
0.393,0.715,0
0.186,0.574,0
0.38,0.723,0
0.058,0.766,0
0.118,0.788,0
0.966,0.593,4
0.09,0.778,0
0.476,0.717,0
0.445,0.092,3
0.968,0.536,1
0.317,0.461,0
0.003,0.804,0
0.067,0.798,0
0.018,0.801,0
0.45,0.672,0
0.021,0.819,0
0.431,0.735,0
0.196,0.445,0
0.558,0.039,3
0.498,0.082,3
0.039,0.804,0
0.936,0.561,1
0.518,0.025,3
0.332,0.49,0
0.531,0.047,3
0.065,0.862,0
0.459,0.742,0
0.962,0.577,4
0.098,0.798,0
0.954,0.498,1
0.233,0.472,0
0.352,0.508,0
0.958,0.508,1
0.308,0.575,0
0.063,0.723,0
0.488,0.029,3
0.358,0.733,0
0.403,0.705,0
0.113,0.834,0
1.007,0.527,2
0.074,0.724,0
0.518,0.077,3
0.525,0.094,3
0.226,0.393,0
0.962,0.54,1
0.977,0.492,2
0.297,0.571,0
0.946,0.527,1
1.076,0.502,2
0.923,0.595,1
0.228,0.47,0
0.542,0.083,3
0.301,0.509,0
0.484,0.066,3
0.432,0.775,0
0.408,0.735,0
1.054,0.6,4
0.299,0.51,0
1.027,0.562,4
0.111,0.792,0
0.284,0.51,0
0.284,0.499,0
0.955,0.514,1
0.016,0.791,0
0.234,0.483,0
1.006,0.589,4
0.302,0.514,0
1.003,0.531,2
0.002,0.709,0
1.026,0.574,4
0.301,0.491,0
0.077,0.797,0
0.867,0.511,1
0.228,0.54,0
0.092,0.732,0
0.093,0.884,0
0.316,0.495,0
0.226,0.53,0
0.504,0.041,3
0.052,0.804,0
0.501,0.72,0
0.331,0.473,0
0.502,0.112,3
0.509,0.733,0
0.514,0.118,3
0.492,0.099,3
0.474,0.08,3
1.028,0.588,4
0.994,0.558,4
0.417,0.139,3
0.465,0.013,3
0.551,0.023,3
0.246,0.494,0
0.468,0.664,0
0.293,0.428,0
0.423,0.685,0
0.306,0.554,0
0.436,0.061,3
0.051,0.794,0
0.249,0.493,0
0.526,0.127,3
0.01,0.809,0
0.473,0.055,3
0.514,0.031,3
0.479,0.042,3
0.229,0.453,0
0.026,0.811,0
1.01,0.472,2
0.596,0.093,3
0.54,0.02,3
0.959,0.524,1
0.999,0.616,4
0.442,0.042,3
0.071,0.778,0
0.081,0.782,0
0.925,0.517,1
1.067,0.525,2
0.267,0.529,0
0.326,0.548,0
0.968,0.542,1
0.969,0.527,1
0.483,0.087,3
0.461,0.075,3
0.998,0.48,2
0.976,0.49,2
0.482,0.114,3
0.484,0.698,0
0.06,0.747,0
0.052,0.824,0
0.972,0.503,2
0.965,0.691,4
0.507,0.032,3
0.454,0.715,0
0.076,0.77,0
0.342,0.452,0
0.524,0.084,3
0.293,0.479,0
0.523,0.673,0
0.549,0.123,3
0.404,0.786,0
0.073,0.817,0
0.538,0.136,3
0.486,0.068,3
0.562,0.101,3
0.255,0.525,0
0.299,0.569,0
0.512,0.079,3
0.44,0.651,0
0.334,0.48,0
0.541,0.097,3
0.076,0.684,0
0.072,0.795,0
0.292,0.513,0
0.216,0.496,0
0.279,0.451,0
0.524,0.065,3
0.92,0.564,1
0.492,0.754,0
0.106,0.876,0
0.298,0.562,0
1.002,0.563,4
0.433,0.688,0
0.314,0.531,0
0.977,0.476,2
0.294,0.509,0
0.552,0.019,3
0.262,0.55,0
0.006,0.777,0
0.093,0.819,0
0.484,0.714,0
0.25,0.508,0
0.958,0.606,4
1.009,0.59,4
0.268,0.482,0
0.493,0.016,3
1.016,0.494,2
0.401,0.775,0
0.022,0.786,0
0.52,0.035,3
0.47,0.075,3
1.003,0.53,2
0.526,0.078,3
0.03,0.764,0
0.456,0.706,0
0.063,0.78,0
0.035,0.79,0
0.971,0.522,2
0.543,0.075,3
0.124,0.823,0
0.957,0.527,1
0.991,0.486,2
0.525,0.083,3
0.006,0.79,0
0.08,0.801,0
0.022,0.78,0
0.429,0.709,0
0.46,0.055,3
0.555,0.127,3
0.519,0.082,3
0.035,0.731,0
0.476,0.726,0
0.389,0.72,0
0.047,0.731,0
0.451,0.741,0
0.119,0.757,0
0.5,0.07,3
0.237,0.53,0
0.108,0.732,0
0.141,0.759,0
0.936,0.565,1
0.935,0.5,1
0.424,0.013,3
1.006,0.502,2
0.493,0.089,3
0.242,0.415,0
0.412,0.764,0
0.403,0.713,0
0.466,0.741,0
0.338,0.519,0
0.263,0.476,0
0.544,0.01,3
0.5,0.114,3
0.393,0.707,0
0.006,0.831,0
0.261,0.536,0
0.378,0.721,0
0.327,0.512,0
0.489,0.811,0
0.983,0.633,4
0.524,0.036,3
0.463,0.782,0
0.54,0.069,3
0.121,0.813,0
0.296,0.486,0
0.396,0.74,0
0.507,0.102,3
0.297,0.52,0
0.316,0.516,0
0.982,0.586,4
0.233,0.45,0
0.398,0.671,0
0.565,0.037,3
0.506,0.094,3
0.118,0.799,0
0.526,0.114,3
0.465,0.117,3
0.485,0.084,3
0.289,0.48,0
0.509,0.037,3
0.979,0.613,4
0.478,0.026,3
0.056,0.811,0
0.556,0.096,3
0.054,0.76,0
0.49,0.041,3
0.404,0.697,0
0.449,0.714,0
0.227,0.469,0
0.476,0.049,3
0.991,0.569,4
0.487,0.032,3
0.991,0.515,2
0.409,0.711,0
0.045,0.704,0
0.445,0.053,3
0.035,0.781,0
0.456,0.665,0
0.416,0.705,0
0.218,0.494,0
0.389,0.629,0
0.505,0.6,0
0.215,0.5,0
0.269,0.543,0
0.259,0.472,0
0.392,0.668,0
0.443,0.018,3
0.076,0.732,0
0.127,0.825,0
0.036,0.687,0
0.475,0.111,3
0.933,0.554,1
0.264,0.484,0
0.945,0.477,1
1.016,0.512,2
0.987,0.539,4
0.027,0.856,0
0.257,0.509,0
0.284,0.483,0
0.512,0.007,3
0.531,0.007,3
0.487,0.014,3
0.114,0.865,0
0.249,0.48,0
0.373,0.772,0
0.065,0.772,0
0.516,0.09,3
0.07,0.761,0
0.072,0.747,0
0.979,0.504,2
0.01,0.698,0
0.532,0.12,3
0.383,0.772,0
0.118,0.803,0
0.041,0.811,0
0.555,0.11,3
1.013,0.501,2
0.063,0.862,0
0.398,0.805,0
0.312,0.461,0
0.105,0.778,0
0.375,0.748,0
1.012,0.479,2
0.097,0.82,0
0.989,0.478,2
0.472,0.761,0
0.28,0.5,0
0.426,0.092,3
0.294,0.507,0
0.392,0.759,0
0.073,0.749,0
0.083,0.807,0
0.089,0.832,0
0.45,0.094,3
0.214,0.544,0
1.031,0.531,2
0.258,0.498,0
0.931,0.581,1
0.546,0.048,3
0.936,0.501,1
0.263,0.585,0
0.425,0.119,3
0.432,0.715,0
0.983,0.57,4
0.514,0.051,3
0.437,0.09,3
0.514,0.092,3
0.175,0.821,0
0.276,0.406,0
0.5,0.026,3
1.008,0.554,4
0.935,0.513,1
0.086,0.848,0
0.438,0.663,0
0.277,0.541,0
0.256,0.583,0
0.284,0.534,0
0.452,0.699,0
0.973,0.566,4
0.248,0.469,0
0.486,0.699,0
0.086,0.694,0
0.441,0.745,0
0.256,0.548,0
0.939,0.577,1
1.02,0.544,4
0.404,0.769,0
0.306,0.51,0
0.283,0.466,0
0.994,0.553,4
0.457,0.73,0
0.947,0.507,1
0.411,0.01,3
0.391,0.738,0
0.466,0.059,3
0.977,0.565,4
0.102,0.713,0
0.411,0.701,0
0.47,0.029,3
0.96,0.563,1
0.513,0.076,3
0.045,0.804,0
0.426,0.139,3
0.407,0.744,0
0.916,0.521,1
0.471,0.076,3
0.466,0.039,3
0.469,0.068,3
0.314,0.501,0
0.269,0.495,0
0.405,0.738,0
0.576,0.032,3
0.47,0.757,0
0.301,0.446,0
0.45,0.036,3
0.992,0.498,2
0.127,0.821,0
0.494,0.025,3
0.962,0.466,2
0.505,0.076,3
0.956,0.54,1
0.428,0.762,0
0.493,0.718,0
0.478,0.66,0
0.432,0.75,0
0.482,0.06,3
0.969,0.518,2
0.52,0.085,3
0.457,0.146,3
1.017,0.509,2
0.554,0.077,3
0.005,0.78,0
0.45,0.696,0
1.004,0.548,4
0.238,0.514,0
0.297,0.492,0
0.09,0.802,0
0.872,0.492,1
0.462,0.714,0
0.409,0.741,0
0.504,0.715,0
0.894,0.552,1
0.945,0.531,1
1.013,0.593,4
0.932,0.571,1
0.053,0.818,0
0.59,0.037,3
0.463,0.069,3
1.003,0.572,4
0.494,0.062,3
0.256,0.567,0
0.957,0.583,4
0.516,0.054,3
0.236,0.523,0
0.438,0.795,0
0.471,0.085,3
0.473,0.744,0
1.058,0.551,4
0.319,0.387,0
0.524,0.063,3
1.014,0.571,4
0.139,0.747,0
0.23,0.529,0
0.446,0.066,3
1.005,0.584,4
0.292,0.49,0
0.291,0.414,0
0.413,0.675,0
0.077,0.784,0
0.426,0.069,3
0.245,0.432,0
0.224,0.481,0
0.473,0.064,3
0.272,0.563,0
0.977,0.579,4
0.089,0.782,0
0.062,0.825,0
0.098,0.808,0
0.05,0.878,0
0.418,0.697,0
0.135,0.791,0
0.385,0.714,0
0.244,0.441,0
0.434,0.719,0
0.533,0.087,3
0.202,0.454,0
0.283,0.507,0
0.113,0.77,0
0.946,0.541,1
0.963,0.579,4
0.529,0.059,3
0.542,0.031,3
0.078,0.799,0
0.423,0.075,3
0.955,0.547,1
1.051,0.555,4
0.931,0.57,1
0.468,0.654,0
0.183,0.771,0
0.441,0.207,3
0.948,0.535,1
0.312,0.516,0
0.971,0.488,2
0.385,0.696,0
0.936,0.572,1
0.41,0.713,0
0.447,0.671,0
0.918,0.488,1
0.419,0.795,0
0.399,0.782,0
0.429,0.65,0
0.999,0.507,2
0.08,0.732,0
0.308,0.539,0
0.413,0.756,0
0.477,0.078,3
0.419,0.664,0
0.081,0.861,0
0.5,0.087,3
0.973,0.489,2
0.173,0.744,0
0.441,0.107,3
0.418,0.039,3
0.254,0.484,0
1.049,0.516,2
0.479,0.074,3
0.514,0.102,3
0.221,0.514,0
0.106,0.755,0
0.988,0.524,2
0.269,0.498,0
0.944,0.455,2
0.219,0.56,0
0.033,0.826,0
0.101,0.747,0
0.523,0.087,3
1.014,0.541,4
0.284,0.482,0
0.491,0.707,0
1.017,0.492,2
0.429,0.704,0
0.026,0.884,0
0.489,0.678,0
0.943,0.546,1
0.429,0.739,0
0.507,0.123,3
0.09,0.846,0
0.415,0.742,0
0.259,0.408,0
0.097,0.805,0
0.038,0.776,0
0.269,0.51,0
0.185,0.496,0
0.032,0.739,0
0.942,0.556,1
0.459,0.111,3
1.042,0.534,2
0.036,0.786,0
0.428,0.051,3
0.939,0.492,1
0.227,0.543,0
0.247,0.5,0
0.569,0.046,3
0.126,0.775,0
0.474,0.021,3
0.066,0.764,0
0.501,0.025,3
0.972,0.532,1
0.222,0.466,0
0.274,0.464,0
0.46,0.129,3
0.469,0.006,3
0.418,0.722,0
0.555,0.739,0
0.249,0.482,0
0.496,0.148,3
0.426,0.74,0
0.501,0.097,3
0.386,0.734,0
0.518,0.052,3
0.563,0.106,3
0.998,0.499,2
0.926,0.532,1
0.271,0.5,0
0.436,0.712,0
0.958,0.53,1
0.372,0.765,0
1.062,0.538,2
0.395,0.728,0
0.07,0.764,0
0.001,0.826,0
0.576,0.051,3
0.479,0.062,3
0.019,0.745,0
0.309,0.461,0
0.057,0.835,0
0.227,0.516,0
0.179,0.501,0
0.249,0.479,0
0.372,0.689,0
0.017,0.781,0
0.929,0.544,1
0.503,0.732,0
0.26,0.477,0
0.452,0.75,0
0.431,0.754,0
0.28,0.455,0
0.27,0.471,0
0.544,0.121,3
0.263,0.533,0
0.592,0.081,3
0.401,0.689,0
0.99,0.538,2
0.503,0.125,3
0.08,0.751,0
0.223,0.457,0
0.097,0.771,0
0.493,0.019,3
0.227,0.495,0
0.28,0.434,0
0.4,0.733,0
0.536,0.076,3
0.43,0.75,0
0.073,0.757,0
0.929,0.496,1
0.562,0.04,3
0.143,0.705,0
0.465,0.707,0
1.026,0.584,4
0.295,0.541,0
0.102,0.812,0
0.569,0.064,3
0.491,0.688,0
1.012,0.565,4
0.421,0.688,0
0.296,0.467,0
0.54,0.06,3
0.422,0.798,0
0.263,0.499,0
0.047,0.778,0
0.388,0.716,0
0.022,0.812,0
0.031,0.794,0
0.061,0.76,0
0.251,0.497,0
0.376,0.756,0
0.194,0.553,0
0.537,0.03,3
0.254,0.479,0
0.139,0.757,0
0.251,0.534,0
0.047,0.765,0
0.096,0.777,0
0.542,0.739,0
0.401,0.709,0
0.056,0.797,0
1.018,0.521,2
0.498,0.081,3
0.517,0.046,3
0.905,0.516,1
0.97,0.516,2
0.198,0.446,0
0.487,0.738,0
0.011,0.768,0
0.877,0.57,1
0.539,0.002,3
0.464,0.142,3
0.456,0.121,3
0.073,0.723,0
0.401,0.632,0
0.262,0.459,0
0.416,0.7,0
0.34,0.468,0
0.086,0.735,0
1.01,0.556,4
0.975,0.591,4
0.24,0.476,0
0.531,0.057,3
0.116,0.8,0
0.11,0.77,0
0.398,0.686,0
0.13,0.821,0
0.421,0.716,0
0.508,0.104,3
0.467,0.776,0
0.336,0.463,0
0.108,0.7,0
0.977,0.542,4
1.026,0.597,4
0.26,0.546,0
0.553,0.67,0
0.589,0.053,3
0.1,0.738,0
0.432,0.699,0
1.03,0.503,2
0.528,0.071,3
0.017,0.783,0
0.489,0.721,0
0.084,0.76,0
0.392,0.688,0
0.097,0.782,0
0.386,0.76,0
0.253,0.489,0
0.058,0.714,0
0.939,0.528,1
0.399,0.756,0
0.53,0.082,3
0.527,0.009,3
0.265,0.468,0
0.97,0.543,1
0.535,0.024,3
0.223,0.482,0
0.439,0.713,0
0.516,0.043,3
0.084,0.689,0
0.279,0.512,0
0.131,0.819,0
0.508,0.123,3
0.477,0.066,3
0.306,0.53,0
0.103,0.795,0
0.969,0.592,4
0.034,0.818,0
0.441,0.679,0
0.577,0.078,3
0.237,0.472,0
0.271,0.482,0
0.273,0.495,0
0.063,0.77,0
0.089,0.756,0
0.1,0.83,0
0.934,0.457,1
0.065,0.788,0
0.244,0.49,0
0.442,0.031,3
0.019,0.779,0
0.509,0.148,3
0.513,0.189,3
0.172,0.774,0
0.101,0.726,0
0.436,0.643,0
0.301,0.501,0
0.986,0.543,4
0.044,0.796,0
0.461,0.007,3
0.435,0.718,0
0.577,0.103,3
0.281,0.542,0
0.289,0.478,0
0.511,0.065,3
0.489,0.787,0
0.066,0.708,0
0.527,0.022,3
0.253,0.548,0
0.415,0.662,0
0.946,0.572,1
0.966,0.542,1
0.571,0.055,3
0.225,0.403,0
0.08,0.765,0
0.426,0.717,0
0.501,0.134,3
0.49,0.708,0
0.119,0.813,0
0.485,0.065,3
0.076,0.748,0
0.471,0.079,3
0.083,0.76,0
0.975,0.578,4
0.504,0.035,3
0.018,0.778,0
0.505,0.703,0
0.076,0.763,0
1.02,0.576,4
0.412,0.687,0
1.002,0.57,4
0.956,0.459,2
0.447,0.758,0
0.107,0.727,0
0.097,0.809,0
0.564,0.125,3
0.522,0.057,3
0.321,0.515,0
0.464,0.124,3
1.083,0.605,4
0.96,0.498,2
0.442,0.69,0
0.968,0.505,2
0.528,0.139,3
0.237,0.566,0
0.267,0.465,0
0.469,0.116,3
0.536,0.758,0
0.422,0.702,0
0.043,0.844,0
0.061,0.784,0
0.494,0.026,3
0.073,0.741,0
0.456,0.65,0
0.482,0.744,0
0.287,0.52,0
0.056,0.754,0
0.955,0.567,1
0.534,0.026,3
0.053,0.745,0
0.061,0.711,0
0.604,0.093,3
0.485,0.728,0
0.291,0.533,0
0.097,0.8,0
0.074,0.782,0
1.059,0.502,2
0.55,0.023,3
0.411,0.736,0
0.441,0.802,0
0.525,0.099,3
0.429,0.735,0
0.065,0.742,0
0.314,0.549,0
0.975,0.516,2
0.477,0.04,3
0.302,0.53,0
0.083,0.722,0
0.065,0.805,0
0.975,0.51,2
0.084,0.789,0
0.271,0.535,0
0.11,0.777,0
0.948,0.52,1
0.964,0.592,4
0.444,0.75,0
0.056,0.743,0
1.012,0.501,2
0.21,0.527,0
0.479,0.021,3
0.098,0.727,0
0.253,0.475,0
0.187,0.504,0
0.493,0.059,3
0.948,0.595,4
0.489,0.054,3
0.419,0.798,0
0.244,0.501,0
0.119,0.796,0
0.5,0.085,3
0.443,0.721,0
0.512,0.051,3
0.324,0.502,0
0.101,0.757,0
0.492,0.108,3
0.962,0.539,1
0.465,0.049,3
0.019,0.721,0
0.385,0.711,0
0.485,0.059,3
0.477,0.722,0
0.437,0.738,0
0.484,0.077,3
0.29,0.485,0
1.003,0.528,2
0.391,0.764,0
0.306,0.554,0
0.267,0.481,0
0.989,0.517,2
0.976,0.514,2
0.988,0.583,4
0.027,0.736,0
0.461,0.731,0
0.324,0.49,0
0.978,0.575,4
0.924,0.481,1
0.521,0.116,3
0.414,0.719,0
0.484,0.036,3
0.984,0.529,2
0.52,0.08,3
0.522,0.08,3
0.067,0.82,0
0.416,0.737,0
0.223,0.526,0
0.357,0.528,0
0.922,0.6,1
0.585,0.082,3
0.238,0.48,0
0.4,0.771,0
0.469,0.728,0
0.241,0.579,0
0.038,0.759,0
1.028,0.483,2
0.482,0.065,3
0.459,0.694,0
0.507,0.723,0
0.444,0.155,3
0.463,0.086,3
0.092,0.809,0
0.45,0.735,0
0.932,0.54,1
0.07,0.747,0
0.292,0.504,0
1.005,0.571,4
0.258,0.496,0
0.285,0.427,0
0.306,0.477,0
1,0.489,2
0.316,0.462,0
0.429,0.77,0
0.956,0.451,2
0.411,0.681,0
0.099,0.769,0
0.502,0.718,0
0.528,0.083,3
0.272,0.531,0
0.536,0.083,3
0.467,0.047,3
0.116,0.817,0
0.986,0.541,4
0.241,0.489,0
0.515,0.141,3
0.464,0.02,3
0.442,0.753,0
0.93,0.51,1
0.063,0.797,0
0.38,0.73,0
0.999,0.569,4
0.321,0.55,0
0.418,0.737,0
0.499,0.081,3
0.269,0.564,0
0.477,0.717,0
0.107,0.751,0
0.485,0.096,3
0.288,0.505,0
0.436,0.758,0
0.235,0.467,0
0.512,0.674,0
0.273,0.479,0
0.545,0.032,3
0.436,0.048,3
0.322,0.466,0
0.939,0.554,1
0.94,0.596,4
0.245,0.494,0
0.472,0.804,0
0.529,0.101,3
1.001,0.59,4
0.447,0.019,3
1.024,0.513,2
0.991,0.538,2
0.221,0.516,0
0.537,0.044,3
0.052,0.765,0
0.264,0.575,0
0.44,0.088,3
0.289,0.461,0
0.531,0.074,3
0.451,0.121,3
1.019,0.491,2
0.499,0.132,3
0.067,0.788,0
0.088,0.826,0
0.467,0.013,3
0.397,0.71,0
0.54,0.07,3
0.341,0.508,0
0.439,0.067,3
0.235,0.503,0
0.04,0.82,0
0.428,0.742,0
1.025,0.593,4
0.317,0.539,0
0.995,0.555,4
0.048,0.774,0
0.513,0.077,3
0.546,0.14,3
0.944,0.604,4
0.421,0.739,0
0.423,0.678,0
0.246,0.47,0
0.092,0.794,0
0.476,0.038,3
0.093,0.813,0
0.018,0.79,0
0.478,0.093,3
0.279,0.545,0
0.472,0.065,3
0.952,0.528,1
0.03,0.853,0
0.513,0.761,0
0.448,0.693,0
0.975,0.529,2
0.973,0.565,4
0.024,0.792,0
0.978,0.552,4
0.4,0.681,0
0.306,0.457,0
0.413,0.783,0
0.406,0.69,0
0.523,0.81,0
0.268,0.5,0
0.12,0.842,0
0.378,0.724,0
0.239,0.547,0
0.376,0.77,0
0.377,0.784,0
0.466,0.752,0
0.254,0.458,0
1.016,0.52,2
0.261,0.606,0
0.456,0.1,3
0.086,0.777,0
0.456,0.693,0
0.412,0.756,0
0.095,0.761,0
0.213,0.446,0
0.049,0.802,0
0.527,0.096,3
0.444,0.7,0
0.249,0.5,0
0.422,0.724,0
0.119,0.822,0
0.994,0.524,2
0.489,0.659,0
0.445,0.696,0
0.161,0.731,0
0.113,0.789,0
0.537,0.055,3
0.298,0.51,0
0.202,0.46,0
0.468,0.745,0
0.942,0.566,1
0.228,0.526,0
0.412,0.684,0
0.458,0.06,3
0.297,0.513,0
0.466,0.048,3
0.454,0.713,0
0.063,0.798,0
0.506,0.055,3
0.473,0.05,3
0.476,0.679,0
0.106,0.818,0
0.958,0.546,1
0.3,0.498,0
0.315,0.427,0
0.176,0.47,0
0.49,0.004,3
0.077,0.756,0
0.081,0.847,0
0.406,0.11,3
0.368,0.709,0
0.44,0.753,0
0.457,0.608,0
0.349,0.471,0
0.997,0.596,4
0.979,0.524,2
0.458,0.705,0
0.098,0.769,0
0.264,0.486,0
0.99,0.487,2
0.463,0.762,0
0.959,0.489,2
0.982,0.632,4
0.162,0.477,0
0.33,0.447,0
0.405,0.108,3
0.048,0.79,0
0.474,0.093,3
0.069,0.792,0
0.072,0.761,0
0.913,0.545,1
0.135,0.783,0
0.215,0.478,0
0.438,0.722,0
0.484,0.13,3
0.082,0.774,0
0.318,0.545,0
0.064,0.775,0
0.27,0.516,0
0.243,0.506,0
0.08,0.818,0
0.467,0.747,0
0.424,0.009,3
0.261,0.469,0
0.053,0.8,0
0.447,0.666,0
0.072,0.74,0
0.499,0.075,3
0.982,0.472,2
0.113,0.826,0
0.139,0.779,0
0.481,0.729,0
0.431,0.64,0
0.954,0.423,2
0.042,0.8,0
0.934,0.596,1
0.501,0.075,3
0.105,0.785,0
0.253,0.499,0
0.979,0.495,2
0.264,0.561,0
0.381,0.544,0
0.47,0.107,3
0.483,0.728,0
0.028,0.742,0
0.432,0.097,3
0.539,0.036,3
0.485,0.785,0
0.254,0.503,0
0.493,0.838,0
0.484,0.727,0
0.415,0.699,0
0.455,0.711,0
0.485,0.77,0
0.24,0.461,0
0.25,0.476,0
1.018,0.549,4
0.126,0.76,0
0.443,0.72,0
0.475,0.704,0
0.523,0.015,3
1.015,0.562,4
0.429,0.681,0
0.477,0.687,0
0.511,0.031,3
0.472,0.774,0
0.108,0.746,0
0.513,0.042,3
0.99,0.561,4
0.471,0.717,0
0.415,0.754,0
0.206,0.556,0
0.492,0.765,0
0.42,0.722,0
0.904,0.613,1
0.321,0.491,0
0.273,0.525,0
0.518,0.718,0
0.447,0.061,3
0.432,0.77,0
1.007,0.47,2
0.305,0.487,0
0.375,0.698,0
0.514,0.707,0
0.123,0.825,0
0.456,0.118,3
0.258,0.48,0
0.504,0.08,3
0.052,0.792,0
0.045,0.73,0
0.951,0.521,1
0.284,0.521,0
0.936,0.498,1
0.3,0.516,0
0.073,0.819,0
0.083,0.823,0
0.377,0.685,0
0.485,0.139,3
0.888,0.498,1
0.978,0.499,2
0.114,0.804,0
0.253,0.446,0
0.412,0.702,0
0.474,0.089,3
0.055,0.826,0
0.423,0.052,3
0.505,0.05,3
0.478,0.088,3
0.048,0.782,0
0.286,0.508,0
0.48,0.072,3
0.079,0.789,0
0.265,0.581,0
0.394,0.691,0
0.5,0.081,3
0.526,0.033,3
0.489,0.132,3
0.397,0.791,0
0.34,0.533,0
1.038,0.501,2
0.947,0.517,1
0.976,0.452,2
0.289,0.417,0
0.356,0.756,0
0.386,0.066,3
0.278,0.521,0
0.498,0.161,3
0.984,0.487,2
0.465,0.049,3
0.315,0.452,0
1.02,0.608,4
0.449,0.02,3
1.045,0.583,4
0.548,0.013,3
0.07,0.8,0
0.482,0.706,0
0.431,0.719,0
0.301,0.513,0
0.317,0.549,0
0.397,0.728,0
0.021,0.723,0
0.31,0.481,0
0.517,0.712,0
1.028,0.47,2
0.067,0.77,0
0.491,0.101,3
0.329,0.512,0
0.495,0.027,3
0.381,0.755,0
0.091,0.681,0
0.5,0.083,3
0.428,0.74,0
0.47,0.067,3
0.535,0.045,3
0.041,0.769,0
0.529,0.064,3
0.082,0.751,0
0.132,0.853,0
1.052,0.496,2
0.516,0.095,3
0.411,0.773,0
0.114,0.741,0
0.968,0.524,1
0.251,0.513,0
0.521,0.111,3
0.489,0.688,0
1.038,0.51,2
0.511,0.116,3
0.95,0.546,1
0.5,0.052,3
1.034,0.565,4
1.008,0.539,2
0.491,0.015,3
0.225,0.557,0
0.293,0.482,0
0.986,0.535,2
0.008,0.757,0
0.466,0.024,3
0.998,0.542,4
0.225,0.49,0
0.949,0.579,1
0.486,0.096,3
0.266,0.488,0
0.27,0.465,0
0.366,0.725,0
0.48,0.121,3
0.931,0.512,1
0.511,0.697,0
0.27,0.483,0
0.273,0.467,0
0.463,0.071,3
0.979,0.561,4
0.52,0.062,3
0.368,0.729,0
0.463,0.737,0
0.397,0.694,0
0.932,0.501,1
0.46,0.019,3
0.444,0.12,3
0.479,0.7,0
0.234,0.501,0
0.506,0.047,3
0.497,0.053,3
0.288,0.522,0
0.489,0.673,0
0.234,0.504,0
0.215,0.512,0
0.112,0.823,0
0.981,0.563,4
1.025,0.579,4
0.261,0.502,0
0.24,0.545,0
0.19,0.489,0
0.112,0.744,0
1.008,0.586,4
0.291,0.453,0
0.505,0.11,3
0.386,0.678,0
0.388,0.793,0
0.268,0.432,0
0.466,0.046,3
0.467,0.051,3
1.04,0.485,2
0.337,0.496,0
0.3,0.493,0
0.097,0.752,0
0.924,0.518,1
0.985,0.526,2
0.457,0.733,0
0.477,0.712,0
0.487,0.099,3
0.194,0.461,0
0.514,0.694,0
0.942,0.515,1
0.5,0.081,3
0.464,0.703,0
0.978,0.55,4
0.407,0.679,0
0.54,0.664,0
0.558,0.075,3
0.525,0.001,3
0.499,0.084,3
0.498,0.055,3
0.122,0.802,0
0.349,0.748,0
0.443,0.773,0
0.322,0.508,0
0.955,0.599,4
0.366,0.685,0
1.058,0.543,2
0.274,0.504,0
0.016,0.783,0
0.473,0.07,3
0.539,0.017,3
0.567,0.099,3
0.273,0.507,0
0.287,0.507,0
0.065,0.738,0
0.407,0.754,0
0.522,0.051,3
0.395,0.741,0
0.024,0.818,0
0.445,0.689,0
0.462,0.701,0
0.041,0.84,0
0.499,0.764,0
0.305,0.512,0
1.009,0.573,4
0.969,0.497,2
0.047,0.775,0
0.41,0.746,0
0.447,0.777,0
0.031,0.777,0
0.25,0.524,0
0.483,0.718,0
0.534,0.161,3
0.242,0.545,0
0.958,0.522,1
0.514,0.052,3
0.444,0.765,0
0.947,0.505,1
0.469,0.067,3
1.039,0.545,4
0.428,0.738,0
0.277,0.467,0
0.44,0.165,3
0.479,0.129,3
0.928,0.599,1
0.275,0.467,0
0.195,0.472,0
0.136,0.724,0
0.984,0.435,2
0.117,0.769,0
0.907,0.563,1
0.552,0.09,3
0.456,0.685,0
0.086,0.853,0
0.936,0.522,1
0.283,0.514,0
0.221,0.505,0
0.535,0.022,3
0.07,0.748,0
0.984,0.58,4
0.455,0.087,3
0.089,0.897,0
0.001,0.775,0
0.501,0.145,3
0.289,0.568,0
0.106,0.758,0
0.109,0.802,0
0.242,0.475,0
0.136,0.749,0
0.083,0.81,0
0.317,0.508,0
0.459,0.742,0
0.548,0.091,3
0.944,0.569,1
0.048,0.791,0
0.273,0.54,0
0.144,0.745,0
0.363,0.514,0
0.051,0.748,0
0.039,0.845,0
0.464,0.734,0
0.455,0.727,0
0.442,0.757,0
0.444,0.107,3
0.22,0.531,0
0.553,0.084,3
0.408,0.74,0
0.507,0.676,0
0.98,0.539,4
0.292,0.539,0
1,0.548,4
0.287,0.514,0
0.585,0.044,3
0.489,0.722,0
0.407,0.659,0
0.987,0.487,2
0.301,0.445,0
0.956,0.499,1
0.242,0.476,0
0.032,0.797,0
0.936,0.572,1
0.436,0.737,0
0.055,0.759,0
0.23,0.5,0
0.465,0.75,0
1.015,0.549,4
0.397,0.853,0
0.221,0.528,0
0.484,0.73,0
0.095,0.703,0
0.407,0.703,0
0.443,0.762,0
0.056,0.794,0
1.027,0.481,2
1.016,0.544,4
0.963,0.519,1
0.277,0.466,0
0.953,0.585,4
0.945,0.473,1
0.232,0.481,0
0.46,0.749,0
0.247,0.485,0
0.446,0.734,0
0.518,0.026,3
0.294,0.408,0
0.091,0.729,0
0.277,0.502,0
0.04,0.697,0
0.153,0.793,0
1.005,0.473,2
0.451,0.691,0
0.436,0.719,0
0.481,0.696,0
0.475,0.043,3
0.253,0.502,0
0.421,0.72,0
0.93,0.522,1
1.069,0.561,4
0.265,0.561,0
0.284,0.566,0
0.436,0.735,0
0.43,0.743,0
0.503,0.091,3
0.18,0.79,0
0.106,0.835,0
0.262,0.508,0
0.105,0.84,0
0.558,0.103,3
0.071,0.769,0
0.377,0.703,0
0.516,0.07,3
0.279,0.594,0
1.004,0.527,2
0.464,0.692,0
0.105,0.766,0
0.926,0.518,1
0.491,0.067,3
0.93,0.516,1
0.255,0.535,0
0.047,0.694,0
0.138,0.794,0
0.015,0.781,0
0.422,0.711,0
0.044,0.808,0
0.117,0.837,0
0.061,0.79,0
0.443,0.756,0
0.969,0.472,2
0.286,0.488,0
0.501,0.096,3
0.238,0.49,0
0.245,0.496,0
0.482,0.059,3
0.33,0.553,0
0.24,0.508,0
0.314,0.504,0
0.482,0.655,0
0.259,0.5,0
0.517,0.07,3
0.476,0.067,3
0.945,0.521,1
0.448,0.709,0
0.067,0.804,0
0.441,0.027,3
0.495,0.748,0
0.444,0.811,0
0.12,0.756,0
0.292,0.474,0
0.352,0.748,0
0.477,0.755,0
0.055,0.753,0
0.24,0.476,0
0.122,0.773,0
0.536,0.014,3
0.069,0.771,0
0.983,0.529,2
0.369,0.477,0
0.434,0.78,0
0.032,0.768,0
0.462,0.063,3
0.255,0.498,0
0.897,0.511,1
0.105,0.817,0
0.141,0.762,0
0.503,0.072,3
0.05,0.759,0
0.437,0.02,3
0.942,0.543,1
0.551,0.141,3
0.462,0.703,0
0.998,0.541,4
0.213,0.517,0
1.021,0.477,2
0.245,0.363,0
0.493,0.065,3
0.541,0.045,3
0.13,0.777,0
0.311,0.469,0
0.945,0.482,1
0.1,0.842,0
0.254,0.522,0
0.39,0.675,0
0.969,0.577,4
0.41,0.821,0
0.289,0.494,0
0.992,0.511,2
0.197,0.481,0
0.907,0.546,1
0.979,0.555,4
0.224,0.433,0
0.133,0.785,0
0.224,0.431,0
0.489,0.081,3
0.556,0.064,3
0.49,0.007,3
0.32,0.475,0
0.975,0.556,4
0.46,0.712,0
0.083,0.752,0
0.228,0.497,0
0.503,0.656,0
0.008,0.8,0
0.455,0.701,0
0.253,0.553,0
0.492,0.013,3
0.413,0.661,0
0.535,0.108,3
0.488,0.126,3
0.469,0.097,3
0.984,0.467,2
0.164,0.739,0
0.923,0.568,1
0.512,0.081,3
0.261,0.476,0
0.387,0.617,0
0.237,0.485,0
0.968,0.537,1
0.461,0.066,3
0.419,0.821,0
0.927,0.554,1
0.953,0.565,1
0.475,0.035,3
0.092,0.826,0
0.958,0.527,1
0.963,0.503,2
0.498,0.092,3
0.204,0.52,0
0.981,0.612,4
0.305,0.467,0
0.394,0.705,0
0.491,0.064,3
0.311,0.551,0
0.537,0.054,3
0.492,0.068,3
0.02,0.776,0
0.06,0.758,0
0.014,0.75,0
0.524,0.117,3
0.403,0.786,0
0.251,0.505,0
0.957,0.52,1
0.469,0.047,3
0.255,0.461,0
0.065,0.796,0
0.476,0.739,0
0.246,0.476,0
0.259,0.464,0
0.363,0.664,0
0.466,0.715,0
0.103,0.791,0
0.536,0.01,3
0.983,0.54,4
0.415,0.708,0
0.094,0.733,0
0.524,0.077,3
0.494,0.605,0
0.34,0.53,0
0.07,0.76,0
0.469,0.05,3
0.36,0.71,0
1.003,0.511,2
0.266,0.564,0
0.44,0.72,0
0.251,0.506,0
0.429,0.668,0
1,0.606,4
0.256,0.566,0
0.53,0.057,3
0.938,0.547,1
0.954,0.523,1
0.116,0.755,0
0.02,0.778,0
0.269,0.461,0
0.512,0.073,3
0.444,0.101,3
0.107,0.745,0
0.966,0.54,1
0.455,0.74,0
0.565,0.065,3
0.223,0.57,0
0.48,0.647,0
0.453,0.68,0
0.206,0.484,0
0.397,0.722,0
0.538,0.069,3
1.012,0.571,4
0.294,0.569,0
0.523,0.134,3
0.484,0.011,3
0.438,0.698,0
0.232,0.495,0
0.495,0.014,3
0.55,0.113,3
0.458,0.088,3
0.429,0.763,0
0.369,0.799,0
0.1,0.749,0
0.506,0.629,0
0.465,0.762,0
0.463,0.068,3
0.251,0.475,0
0.393,0.767,0
1.022,0.597,4
0.991,0.586,4
0.474,0.732,0
1.059,0.558,4
0.964,0.608,4
0.911,0.513,1
0.046,0.774,0
0.52,0.699,0
0.485,0.125,3
0.243,0.482,0
0.068,0.704,0
1.027,0.497,2
0.381,0.677,0
0.986,0.567,4
0.082,0.797,0
0.988,0.558,4
0.298,0.525,0
1.028,0.603,4
0.093,0.844,0
0.056,0.781,0
0.315,0.478,0
0.369,0.734,0
0.47,0.758,0
0.074,0.79,0
0.453,0.784,0
0.435,0.734,0
0.442,0.725,0
0.532,0.018,3
0.464,0.668,0
0.473,0.061,3
0.036,0.837,0
0.425,0.739,0
0.408,0.738,0
0.434,0.71,0
0.086,0.753,0
0.96,0.508,1
0.194,0.563,0
0.476,0.743,0
0.24,0.501,0
0.391,0.065,3
0.344,0.51,0
0.272,0.494,0
0.118,0.813,0
0.042,0.752,0
0.446,0.136,3
0.437,0.785,0
0.494,0.023,3
0.465,0.094,3
0.423,0.747,0
0.996,0.468,2
0.96,0.526,1
0.476,0.782,0
0.035,0.772,0
0.93,0.526,1
0.933,0.542,1
0.993,0.569,4
0.488,0.128,3
0.901,0.521,1
0.084,0.843,0
0.127,0.758,0
0.399,0.76,0
0.254,0.483,0
0.454,0.675,0
0.453,0.073,3
0.554,0.06,3
0.084,0.76,0
0.932,0.54,1
0.875,0.487,1
0.118,0.83,0
0.038,0.799,0
0.93,0.579,1
0.525,0.073,3
0.979,0.566,4
0.038,0.778,0
0.914,0.594,1
0.492,0.065,3
0.537,0.084,3
0.074,0.805,0
0.299,0.465,0
1.07,0.517,2
0.964,0.558,4
0.087,0.729,0
0.034,0.739,0
0.425,0.63,0
0.27,0.545,0
0.29,0.471,0
0.952,0.566,1
0.988,0.552,4
0.999,0.532,2
0.061,0.784,0
0.285,0.509,0
0.459,0.006,3
0.447,0.128,3
0.973,0.472,2
0.508,0.033,3
0.397,0.681,0
0.161,0.806,0
0.506,0.133,3
0.457,0.627,0
0.199,0.479,0
0.049,0.76,0
0.231,0.484,0
0.224,0.481,0
0.952,0.592,4
0.916,0.535,1
0.091,0.73,0
0.513,0.7,0
0.076,0.817,0
0.42,0.7,0
0.49,0.68,0
0.261,0.449,0
0.386,0.74,0
0.443,0.715,0
0.552,0.108,3
1.045,0.531,2
0.425,0.762,0
0.972,0.466,2
0.058,0.816,0
0.051,0.832,0
0.241,0.51,0
0.37,0.686,0
0.491,0.69,0
0.409,0.672,0
0.275,0.5,0
0.033,0.763,0
0.435,0.09,3
0.388,0.675,0
0.109,0.744,0
0.597,0.081,3
0.36,0.73,0
0.4,0.732,0
0.342,0.783,0
0.445,0.684,0
0.292,0.548,0
0.094,0.783,0
1.017,0.568,4
0.314,0.474,0
0.361,0.73,0
0.525,0.151,3
0.512,0.069,3
0.301,0.508,0
0.327,0.532,0
0.067,0.766,0
0.296,0.499,0
0.128,0.721,0
0.073,0.771,0
0.065,0.729,0
1.065,0.544,2
0.27,0.505,0
0.227,0.496,0
0.238,0.464,0
0.974,0.527,2
0.448,0.78,0
0.267,0.482,0
0.954,0.518,1
0.399,0.757,0
0.537,0.094,3
0.061,0.747,0
0.492,0.047,3
1.04,0.533,2
0.249,0.473,0
0.353,0.445,0
0.467,0.023,3
0.297,0.571,0
0.321,0.469,0
0.509,0.104,3
0.101,0.825,0
0.568,0.082,3
0.454,0.051,3
0.229,0.49,0
0.077,0.84,0
0.308,0.442,0
0.478,0.706,0
0.476,0.118,3
0.999,0.589,4
0.299,0.494,0
0.413,0.715,0
0.05,0.806,0
0.057,0.811,0
0.995,0.549,4
0.241,0.411,0
0.099,0.722,0
0.376,0.752,0
0.451,0.796,0
0.437,0.123,3
0.196,0.554,0
0.424,0.7,0
0.423,0.752,0
0.29,0.514,0
0.507,0.048,3
0.255,0.446,0
0.513,0.114,3
0.315,0.481,0
0.035,0.812,0
0.958,0.562,1
0.944,0.574,1
1.042,0.519,2
0.44,0.068,3
0.467,0.715,0
0.36,0.729,0
0.495,0.059,3
1.015,0.546,4
0.597,0.023,3
0.367,0.438,0
0.362,0.476,0
0.932,0.542,1
0.336,0.53,0
0.986,0.566,4
0.272,0.47,0
0.453,0.733,0
0.424,0.65,0
1.069,0.538,2
0.478,0.072,3
0.103,0.771,0
0.963,0.471,2
0.491,0.736,0
0.029,0.742,0
0.505,0.065,3
0.056,0.781,0
0.519,0.02,3
0.003,0.791,0
0.938,0.584,1
1.019,0.526,2
0.415,0.721,0
0.515,0.127,3
0.51,0.009,3
0.958,0.546,1
0.995,0.491,2
0.174,0.522,0
0.944,0.556,1
0.058,0.777,0
0.538,0.047,3
0.374,0.713,0
0.309,0.498,0
0.294,0.418,0
0.197,0.542,0
0.434,0.787,0
0.509,0.134,3
0.439,0.652,0
0.939,0.538,1
0.077,0.803,0
0.577,0.044,3
0.248,0.545,0
0.09,0.708,0
0.432,0.709,0
0.969,0.542,1
0.477,0.045,3
0.392,0.685,0
0.23,0.509,0
0.288,0.477,0
0.478,0.753,0
0.223,0.53,0
0.507,0.009,3
0.49,0.127,3
1.026,0.552,4
0.308,0.469,0
0.893,0.61,1
0.336,0.505,0
0.917,0.508,1
0.447,0.719,0
0.399,0.723,0
0.966,0.51,2
0.944,0.528,1
0.463,0.671,0
0.016,0.781,0
0.537,0.114,3
0.23,0.467,0
0.241,0.516,0
0.535,0.116,3
1.026,0.548,4
0.046,0.862,0
0.482,0.74,0
0.416,0.703,0
0.438,0.733,0
0.265,0.526,0
0.944,0.571,1
0.931,0.612,4
0.498,0.105,3
0.523,0.037,3
0.458,0.665,0
0.278,0.508,0
0.504,0.092,3
0.354,0.682,0
0.964,0.617,4
0.502,0.763,0
0.408,0.73,0
0.526,0.129,3
0.061,0.72,0
0.245,0.494,0
0.526,0.659,0
0.477,0.14,3
0.429,0.686,0
1.007,0.587,4
0.079,0.755,0
0.279,0.525,0
0.325,0.488,0
0.476,0.771,0
0.272,0.439,0
0.389,0.674,0
0.254,0.476,0
0.342,0.462,0
0.489,0.002,3
0.434,0.732,0
0.462,0.705,0
0.046,0.772,0
0.46,0.674,0
1.016,0.546,4
0.068,0.817,0
0.903,0.528,1
0.439,0.708,0
0.09,0.78,0
0.282,0.516,0
0.098,0.753,0
0.404,0.735,0
0.543,0.041,3
0.047,0.757,0
0.439,0.72,0
0.395,0.72,0
0.534,0.076,3
1.049,0.527,2
0.485,0.083,3
0.446,0.781,0
0.459,0.742,0
0.975,0.469,2
0.442,0.738,0
0.986,0.574,4
0.513,0.065,3
0.325,0.511,0
0.225,0.561,0
0.504,0.711,0
0.246,0.483,0
0.308,0.736,0
0.09,0.802,0
0.485,0.698,0
0.127,0.858,0
0.486,0.799,0
0.053,0.815,0
0.432,0.696,0
0.983,0.533,2
0.551,0.088,3
0.981,0.502,2
0.491,0.173,3
0.515,0.066,3
0.089,0.815,0
0.411,0.752,0
0.302,0.478,0
0.254,0.5,0
0.601,0.037,3
0.098,0.802,0
0.077,0.798,0
0.481,0.093,3
0.414,0.778,0
0.378,0.772,0
0.892,0.494,1
0.485,0.748,0
1.014,0.573,4
0.502,0.093,3
0.066,0.809,0
0.518,0.019,3
0.482,0.113,3
0.977,0.557,4
0.357,0.539,0
0.143,0.712,0
0.224,0.425,0
0.3,0.542,0
0.497,0.132,3
1.003,0.63,4
0.403,0.166,3
0.228,0.581,0
0.155,0.853,0
0.549,0.063,3
0.045,0.817,0
0.417,0.696,0
0.098,0.737,0
0.247,0.473,0
0.102,0.791,0
0.039,0.783,0
0.465,0.682,0
0.999,0.545,4
0.987,0.578,4
0.248,0.507,0
0.229,0.527,0
0.48,0.031,3
0.247,0.472,0
0.082,0.725,0
0.373,0.723,0
0.045,0.748,0
0.103,0.722,0
0.43,0.75,0
1.004,0.558,4
0.312,0.437,0
0.257,0.538,0
0.198,0.478,0
0.999,0.509,2
0.124,0.76,0
0.452,0.778,0
0.434,0.753,0
0.022,0.758,0
0.249,0.52,0
0.027,0.763,0
0.476,0.705,0
0.507,0.087,3
0.383,0.777,0
0.575,0.072,3
0.104,0.772,0
0.094,0.851,0
0.268,0.456,0
0.412,0.724,0
0.487,0.047,3
0.987,0.529,2
0.22,0.492,0
0.561,0.093,3
0.434,0.703,0
0.149,0.787,0
0.449,0.028,3
1.092,0.519,2
0.034,0.834,0
0.999,0.507,2
0.446,0.763,0
0.468,0.02,3
0.1,0.816,0
0.476,0.681,0
0.113,0.808,0
0.946,0.55,1
0.059,0.751,0
0.113,0.751,0
0.472,0.078,3
0.444,0.792,0
0.094,0.782,0
0.48,0.743,0
1.004,0.529,2
0.193,0.479,0
0.443,0.715,0
0.983,0.525,2
0.033,0.715,0
0.999,0.562,4
1.032,0.541,2
0.532,0.065,3
0.413,0.685,0
0.51,0.101,3
0.527,0.063,3
0.432,0.673,0
0.929,0.493,1
0.086,0.788,0
0.536,0.126,3
0.087,0.701,0
0.966,0.571,4
0.995,0.534,2
1.018,0.595,4
0.266,0.433,0
0.443,0.142,3
0.072,0.792,0
0.37,0.433,0
0.939,0.521,1
0.422,0.808,0
0.494,0.057,3
0.085,0.84,0
0.957,0.593,4
0.063,0.749,0
0.954,0.533,1
0.983,0.541,4
0.576,0.045,3
0.298,0.545,0
0.254,0.478,0
0.505,0.071,3
0.266,0.497,0
0.044,0.765,0
0.12,0.782,0
0.212,0.494,0
0.066,0.829,0
0.294,0.577,0
0.051,0.82,0
0.455,0.64,0
0.279,0.52,0
0.442,0.125,3
0.477,0.02,3
0.961,0.572,4
0.3,0.557,0
1.062,0.494,2
0.242,0.474,0
0.505,0.004,3
0.446,0.072,3
0.489,0.67,0
0.437,0.721,0
0.478,0.048,3
0.966,0.486,2
0.05,0.783,0
0.478,0.094,3
0.878,0.474,1
0.08,0.749,0
0.165,0.803,0
0.997,0.461,2
0.441,0.731,0
0.419,0.769,0
0.515,0.074,3
0.35,0.732,0
0.955,0.482,2
0.411,0.717,0
0.519,0.099,3
0.924,0.54,1
0.416,0.727,0
0.074,0.741,0
0.528,0.147,3
0.293,0.469,0
0.249,0.435,0
0.499,0.113,3
0.139,0.765,0
0.261,0.487,0
0.041,0.802,0
0.238,0.578,0
0.098,0.807,0
0.29,0.516,0
0.207,0.434,0
0.129,0.778,0
0.469,0.088,3
0.28,0.512,0
0.408,0.759,0
0.23,0.517,0
0.292,0.516,0
0.52,0.103,3
1.002,0.571,4
0.415,0.767,0
0.498,0.074,3
0.472,0.726,0
0.94,0.525,1
0.472,0.691,0
0.953,0.573,1
0.098,0.81,0
0.496,0.763,0
0.527,0.025,3
0.443,0.084,3
0.949,0.442,2
1.011,0.565,4
0.905,0.568,1
0.278,0.519,0
0.518,0.149,3
0.064,0.798,0
0.291,0.421,0
0.883,0.559,1
0.28,0.534,0
0.101,0.788,0
0.064,0.722,0
0.001,0.802,0
0.064,0.812,0
0.281,0.52,0
0.424,0.697,0
0.098,0.777,0
0.206,0.476,0
0.289,0.544,0
0.415,0.77,0
0.109,0.79,0
0.57,0.056,3
0.04,0.74,0
0.225,0.469,0
0.266,0.448,0
0.478,0.734,0
0.005,0.801,0
0.313,0.439,0
0.279,0.54,0
0.306,0.531,0
0.257,0.498,0
0.964,0.522,1
0.082,0.84,0
0.532,0.046,3
0.357,0.762,0
0.38,0.756,0
0.953,0.51,1
0.51,0.063,3
0.561,0.075,3
0.463,0.081,3
0.956,0.561,1
0.443,0.708,0
0.343,0.477,0
0.429,0.695,0
0.091,0.707,0
0.952,0.6,4
0.061,0.778,0
0.374,0.695,0
0.471,0.114,3
0.496,0.73,0
0.288,0.513,0
0.071,0.819,0
0.258,0.518,0
0.244,0.499,0
0.096,0.74,0
0.306,0.506,0
0.02,0.814,0
0.429,0.712,0
0.928,0.588,1
0.253,0.488,0
0.05,0.775,0
0.435,0.128,3
0.511,0.06,3
0.293,0.571,0
0.456,0.665,0
0.965,0.51,2
0.978,0.493,2
0.27,0.483,0
0.999,0.595,4
0.46,0.086,3
0.942,0.561,1
0.93,0.529,1
0.013,0.747,0
0.954,0.577,4
0.077,0.776,0
0.146,0.742,0
0.975,0.461,2
1.003,0.488,2
0.237,0.489,0
0.042,0.792,0
1.085,0.571,4
1.003,0.448,2
0.947,0.474,2
0.283,0.523,0
1.009,0.49,2
1.025,0.553,4
0.485,0.764,0
0.129,0.788,0
0.392,0.739,0
0.031,0.744,0
0.39,0.735,0
0.27,0.527,0
0.43,0.088,3
1.003,0.607,4
0.239,0.431,0
0.044,0.739,0
0.514,0.046,3
0.276,0.477,0
0.045,0.733,0
0.548,0.142,3
1.017,0.564,4
0.148,0.756,0
0.972,0.501,2
0.999,0.587,4
0.93,0.584,1
0.947,0.508,1
0.409,0.761,0
0.444,0.733,0
1.019,0.551,4
0.355,0.676,0
1.013,0.564,4
0.53,0.761,0
0.306,0.431,0
0.36,0.028,3
0.991,0.525,2
0.065,0.797,0
0.508,0.05,3
1.011,0.552,4
0.436,0.766,0
0.867,0.54,1
0.515,0.724,0
0.255,0.526,0
0.5,0.193,3
0.89,0.58,1
0.929,0.546,1
0.175,0.555,0
0.974,0.488,2
0.263,0.526,0
0.088,0.725,0
0.323,0.505,0
0.192,0.446,0
0.098,0.864,0
0.951,0.476,2
0.519,0.112,3
0.265,0.512,0
0.03,0.799,0
1.038,0.617,4
0.481,0.741,0
1.038,0.495,2
0.484,0.04,3
0.464,0.056,3
0.088,0.803,0
0.22,0.531,0
0.123,0.7,0
0.295,0.514,0
0.592,0.049,3
0.956,0.544,1
0.28,0.528,0
0.08,0.778,0
0.896,0.528,1
0.214,0.541,0
0.55,0.078,3
0.382,0.767,0
0.982,0.608,4
0.486,0.68,0
0.286,0.534,0
0.442,0.798,0
0.517,0.054,3
0.48,0.07,3
0.25,0.473,0
0.259,0.459,0
0.501,0.025,3
0.021,0.808,0
0.455,0.697,0
0.518,0.703,0
0.109,0.743,0
0.07,0.78,0
0.105,0.843,0
0.939,0.56,1
0.431,0.774,0
0.095,0.812,0
0.236,0.541,0
0.93,0.501,1
0.999,0.554,4
1.081,0.596,4
0.506,0.02,3
1.013,0.502,2
0.26,0.566,0
0.497,0.062,3
0.949,0.537,1
0.293,0.556,0
0.447,0.709,0
0.299,0.508,0
0.503,0.035,3
1.011,0.492,2
0.093,0.763,0
0.947,0.536,1
0.374,0.718,0
0.046,0.719,0
0.479,0.067,3
0.997,0.478,2
0.468,0.056,3
0.079,0.797,0
0.459,0.077,3
1.021,0.576,4
0.272,0.461,0
0.561,0.056,3
0.469,0.701,0
0.264,0.533,0
0.278,0.503,0
0.539,0.701,0
0.267,0.561,0
0.244,0.562,0
0.237,0.532,0
1.045,0.542,2
0.249,0.529,0
0.394,0.689,0
0.276,0.497,0
0.305,0.578,0
0.952,0.556,1
0.06,0.845,0
0.252,0.462,0
0.439,0.668,0
0.968,0.653,4
0.985,0.535,2
0.193,0.526,0
0.434,0.716,0
0.396,0.714,0
0.514,0.025,3
0.951,0.552,1
0.325,0.522,0
0.25,0.417,0
0.523,0.032,3
0.289,0.525,0
0.506,0.038,3
0.1,0.828,0
0.126,0.778,0
0.484,0.066,3
0.42,0.732,0
0.441,0.684,0
0.512,0.724,0
0.296,0.489,0
0.12,0.753,0
0.944,0.493,1
0.093,0.788,0
0.077,0.779,0
0.267,0.549,0
0.109,0.789,0
0.496,0.724,0
0.27,0.446,0
0.248,0.467,0
0.287,0.533,0
0.198,0.45,0
0.025,0.721,0
0.521,0.072,3
0.976,0.504,2
0.548,0.091,3
0.061,0.682,0
0.997,0.555,4
0.111,0.782,0
0.447,0.762,0
0.53,0.708,0
0.906,0.544,1
0.534,0.108,3
0.537,0.123,3
0.456,0.814,0
0.034,0.73,0
0.266,0.523,0
0.291,0.519,0
0.043,0.807,0
0.495,0.68,0
0.91,0.554,1
0.308,0.51,0
0.997,0.554,4
0.916,0.505,1
0.978,0.546,4
0.968,0.582,4
0.42,0.786,0
0.943,0.526,1
0.42,0.697,0
0.026,0.767,0
0.096,0.773,0
0.103,0.831,0
0.373,0.672,0
0.578,0.099,3
0.963,0.561,4
0.272,0.505,0
0.402,0.74,0
0.117,0.835,0
0.442,0.747,0
0.451,0.717,0
0.952,0.536,1
0.206,0.464,0
0.51,0.776,0
0.486,0.735,0
0.402,0.765,0
0.505,0.105,3
0.368,0.562,0
1.002,0.423,2
0.218,0.494,0
0.111,0.784,0
0.412,0.729,0
0.511,0.001,3
0.522,0.135,3
0.08,0.713,0
0.464,0.078,3
0.42,0.719,0
0.318,0.468,0
0.09,0.776,0
0.053,0.739,0
0.505,0.071,3
0.46,0.047,3
0.06,0.801,0
0.435,0.652,0
0.963,0.534,1
0.499,0.05,3
0.104,0.77,0
1.038,0.501,2
0.383,0.718,0
0.114,0.823,0
0.494,0.136,3
0.292,0.476,0
0.139,0.781,0
0.061,0.819,0
0.41,0.735,0
1.002,0.535,2
0.955,0.486,2
0.902,0.524,1
0.078,0.837,0
0.278,0.557,0
0.05,0.748,0
0.087,0.738,0
0.089,0.923,0
0.295,0.499,0
0.343,0.458,0
0.449,0.718,0
0.977,0.524,2
0.45,0.077,3
0.283,0.507,0
0.454,0.717,0
0.071,0.7,0
0.235,0.467,0
0.282,0.531,0
0.53,0.013,3
0.112,0.803,0
0.284,0.437,0
1.027,0.468,2
0.458,0.701,0
0.448,0.741,0
0.129,0.753,0
0.23,0.514,0
0.971,0.467,2
0.088,0.73,0
0.605,0.043,3
0.963,0.531,1
0.044,0.765,0
0.225,0.554,0
0.133,0.805,0
0.539,0.013,3
0.479,0.613,0
0.536,0.695,0
0.424,0.76,0
0.266,0.511,0
0.481,0.088,3
0.946,0.49,1
0.364,0.764,0
0.465,0.082,3
0.293,0.382,0
0.371,0.709,0
0.42,0.767,0
0.066,0.742,0
0.058,0.808,0
0.071,0.725,0
0.98,0.537,2
0.473,0.009,3
0.233,0.479,0
0.261,0.528,0
0.328,0.481,0
0.289,0.454,0
0.52,0.055,3
0.299,0.412,0
0.549,0.06,3
0.432,0.758,0
0.993,0.61,4
0.236,0.535,0
0.387,0.698,0
0.908,0.493,1
0.395,0.798,0
0.234,0.527,0
0.299,0.483,0
0.427,0.741,0
0.99,0.538,2
0.936,0.598,1
1.003,0.534,2
0.495,0.082,3
0.47,0.722,0
0.117,0.76,0
0.949,0.575,1
0.463,0.017,3
0.204,0.45,0
0.482,0.06,3
0.047,0.789,0
0.937,0.597,1
0.04,0.83,0
0.263,0.434,0
0.263,0.515,0
0.034,0.77,0
0.197,0.547,0
0.241,0.578,0
0.272,0.52,0
0.104,0.834,0
0.17,0.52,0
0.272,0.492,0
0.541,0.007,3
1.012,0.541,4
0.449,0.74,0
0.449,0.736,0
0.382,0.771,0
0.264,0.515,0
1.011,0.478,2
0.387,0.655,0
0.178,0.563,0
0.987,0.525,2
0.942,0.561,1
0.071,0.793,0
0.411,0.115,3
0.993,0.571,4
0.447,0.746,0
0.988,0.539,4
0.968,0.554,4
0.293,0.49,0
0.115,0.739,0
0.168,0.826,0
0.355,0.747,0
0.559,0.076,3
0.111,0.781,0
0.429,0.717,0
0.138,0.803,0
1.017,0.586,4
0.519,0.108,3
0.499,0.073,3
0.495,0.023,3
0.201,0.537,0
0.359,0.525,0
0.503,0.003,3
0.979,0.59,4
0.46,0.698,0
0.216,0.539,0
0.417,0.744,0
0.514,0.018,3
0.489,0.088,3
0.397,0.699,0
0.219,0.462,0
0.535,0.042,3
0.444,0.7,0
0.274,0.462,0
0.973,0.475,2
0.965,0.519,1
0.034,0.734,0
0.049,0.771,0
0.099,0.844,0
1.077,0.58,4
0.458,0.776,0
0.243,0.511,0
0.514,0.071,3
0.223,0.472,0
1.033,0.572,4
0.309,0.531,0
0.234,0.474,0
0.03,0.764,0
0.995,0.584,4
0.496,0.015,3
0.089,0.764,0
0.284,0.41,0
0.286,0.491,0
0.049,0.852,0
0.508,0.678,0
0.481,0.112,3
1.027,0.508,2
0.343,0.665,0
0.511,0.069,3
0.191,0.423,0
0.927,0.494,1
0.271,0.543,0
0.485,0.048,3
0.049,0.765,0
0.1,0.78,0
0.494,0.065,3
0.46,0.168,3
0.418,0.762,0
0.255,0.449,0
0.013,0.85,0
0.447,0.733,0
0.311,0.44,0
0.408,0.751,0
0.488,0.091,3
0.458,0.754,0
0.321,0.509,0
0.992,0.487,2
0.241,0.456,0
0.932,0.555,1
0.071,0.78,0
0.245,0.555,0
0.919,0.541,1
0.224,0.477,0
0.442,0.701,0
0.065,0.783,0
0.511,0.735,0
0.263,0.468,0
0.494,0.056,3
0.212,0.582,0
1,0.507,2
0.249,0.59,0
0.982,0.567,4
0.616,0.04,3
0.254,0.527,0
0.415,0.775,0
0.335,0.441,0
0.303,0.542,0
0.475,0.076,3
0.078,0.776,0
0.517,0.083,3
1.056,0.505,2
0.96,0.518,1
0.067,0.764,0
0.516,0.11,3
0.472,0.069,3
0.275,0.462,0
0.016,0.814,0
1.059,0.527,2
0.263,0.527,0
0.461,0.662,0
0.405,0.704,0
0.011,0.744,0
0.093,0.787,0
0.913,0.532,1
0.194,0.437,0
0.058,0.813,0
0.956,0.535,1
0.492,0.12,3
0.11,0.738,0
0.552,0.092,3
0.122,0.808,0
0.436,0.754,0
0.013,0.808,0
0.99,0.558,4
0.452,0.112,3
0.11,0.817,0
0.197,0.502,0
0.08,0.763,0
0.412,0.085,3
0.389,0.754,0
0.401,0.74,0
0.409,0.706,0
0.507,0.027,3
0.093,0.806,0
0.123,0.772,0
0.12,0.791,0
0.49,0.061,3
0.084,0.817,0
0.55,0.096,3
0.455,0.706,0
0.443,0.706,0
0.989,0.547,4
1,0.551,4
0.297,0.509,0
0.48,0.697,0
0.443,0.699,0
0.468,0.153,3
0.47,0.783,0
0.982,0.546,4
0.546,0.032,3
0.383,0.586,0
0.042,0.782,0
0.335,0.54,0
0.075,0.813,0
0.235,0.417,0
0.267,0.446,0
0.506,0.068,3
0.086,0.818,0
0.039,0.75,0
0.067,0.79,0
0.392,0.056,3
0.572,0.02,3
1.003,0.489,2
0.436,0.716,0
0.464,0.097,3
0.113,0.751,0
0.419,0.701,0
0.094,0.764,0
0.148,0.793,0
0.463,0.007,3
0.349,0.726,0
0.253,0.483,0
0.075,0.776,0
1.002,0.572,4
0.947,0.614,4
0.908,0.542,1
0.964,0.57,4
0.57,0.118,3
0.062,0.798,0
0.967,0.538,1
0.297,0.51,0
0.494,0.069,3
0.921,0.59,1
0.425,0.745,0
0.244,0.468,0
0.55,0.057,3
1,0.573,4
0.533,0.169,3
0.237,0.466,0
0.442,0.716,0
0.455,0.021,3
0.07,0.767,0
0.278,0.557,0
0.116,0.746,0
0.079,0.644,0
0.101,0.836,0
0.367,0.464,0
0.424,0.001,3
0.388,0.728,0
0.452,0.743,0
0.956,0.543,1
1,0.558,4
0.127,0.787,0
0.308,0.461,0
1.007,0.525,2
0.26,0.464,0
0.422,0.68,0
0.411,0.752,0
0.051,0.848,0
0.955,0.519,1
0.098,0.8,0
0.471,0.104,3
0.046,0.717,0
0.925,0.555,1
0.531,0.057,3
0.953,0.573,1
0.486,0.035,3
0.97,0.51,2
0.486,0.068,3
0.443,0.079,3
0.293,0.465,0
0.995,0.49,2
0.435,0.697,0
0.898,0.49,1
0.209,0.471,0
0.552,0.104,3
0.413,0.701,0
0.099,0.737,0
0.311,0.454,0
0.436,0.128,3
0.269,0.514,0
0.391,0.734,0
0.321,0.53,0
0.523,0.09,3
0.48,0.053,3
0.985,0.509,2
0.116,0.734,0
0.542,0.115,3
0.011,0.791,0
0.476,0.081,3
0.048,0.776,0
0.469,0.674,0
0.091,0.807,0
0.274,0.498,0
0.481,0.042,3
0.082,0.774,0
0.274,0.52,0
0.09,0.748,0
0.474,0.023,3
0.323,0.462,0
0.556,0.126,3
0.495,0.686,0
0.448,0.68,0
0.531,0.089,3
0.101,0.764,0
0.438,0.728,0
0.052,0.748,0
0.397,0.764,0
0.46,0.702,0
0.86,0.467,1
0.291,0.465,0
0.48,0.014,3
1,0.514,2
0.493,0.163,3
0.414,0.685,0
0.074,0.824,0
0.995,0.486,2
0.098,0.837,0
0.49,0.65,0
0.243,0.481,0
0.978,0.539,4
0.579,0.061,3
0.021,0.76,0
0.982,0.498,2
0.478,0.644,0
0.233,0.518,0
1.036,0.559,4
0.963,0.551,1
0.991,0.566,4
0.393,0.743,0
0.092,0.785,0
0.085,0.695,0
0.986,0.548,4
0.262,0.427,0
0.018,0.852,0
0.119,0.807,0
0.301,0.529,0
0.336,0.463,0
0.248,0.528,0
0.419,0.771,0
0.139,0.747,0
0.272,0.586,0
0.521,0.052,3
0.493,0.064,3
0.942,0.523,1
0.473,0.767,0
0.022,0.853,0
0.44,0.729,0
0.509,0.098,3
1.037,0.476,2
0.093,0.76,0
0.001,0.789,0
0.474,0.112,3
0.24,0.47,0
0.97,0.602,4
0.146,0.782,0
0.489,0.065,3
0.198,0.579,0
0.067,0.823,0
0.532,0.66,0
0.272,0.497,0
0.434,0.666,0
1.007,0.542,4
0.972,0.595,4
0.296,0.442,0
0.065,0.741,0
0.056,0.708,0
0.977,0.561,4
0.033,0.747,0
0.199,0.517,0
0.994,0.59,4
0.463,0.101,3
1.058,0.541,2
0.272,0.499,0
0.41,0.709,0
0.134,0.814,0
0.195,0.494,0
0.945,0.573,1
0.319,0.537,0
0.432,0.707,0
0.5,0.107,3
0.355,0.691,0
0.568,0.084,3
0.028,0.868,0
0.27,0.519,0
1,0.576,4
0.946,0.637,4
0.992,0.45,2
0.928,0.486,1
0.324,0.491,0
0.237,0.542,0
0.285,0.493,0
0.584,0.111,3
0.232,0.596,0
0.147,0.678,0
0.496,0.112,3
1.006,0.541,4
0.443,0.719,0
0.271,0.448,0
0.921,0.51,1
0.077,0.795,0
0.947,0.53,1
0.948,0.464,2
0.06,0.78,0
0.513,0.175,3
0.993,0.494,2
0.031,0.756,0
0.951,0.519,1
0.985,0.576,4
0.479,0.712,0
0.45,0.752,0
0.38,0.717,0
0.359,0.753,0
0.526,0.062,3
0.1,0.834,0
0.235,0.516,0
0.061,0.779,0
1.005,0.5,2
0.28,0.475,0
0.238,0.491,0
0.228,0.51,0
0.283,0.523,0
0.521,0.075,3
1.002,0.559,4
0.513,0.019,3
0.246,0.505,0
0.21,0.572,0
0.427,0.757,0
0.424,0.757,0
0.044,0.756,0
0.428,0.698,0
0.156,0.818,0
0.5,0.126,3
0.549,0.051,3
0.49,0.14,3
0.123,0.821,0
0.245,0.51,0
0.567,0.068,3
0.974,0.554,4
1.046,0.543,4
0.958,0.583,4
0.981,0.544,4
0.554,0.039,3
0.515,0.121,3
0.955,0.606,4
0.512,0.058,3
0.238,0.598,0
0.468,0.681,0
0.241,0.492,0
0.296,0.439,0
0.488,0.113,3
0.512,0.701,0
0.514,0.086,3
0.069,0.779,0
0.288,0.519,0
0.573,0.023,3
0.091,0.784,0
1.087,0.606,4
0.287,0.513,0
0.961,0.574,4
0.961,0.511,1
0.45,0.704,0
0.245,0.467,0
0.211,0.564,0
0.228,0.488,0
0.285,0.491,0
0.289,0.473,0
0.192,0.538,0
0.228,0.434,0
0.423,0.757,0
0.501,0.744,0
0.439,0.111,3
0.367,0.767,0
0.96,0.54,1
0.231,0.489,0
0.31,0.579,0
0.471,0.047,3
0.97,0.514,2
0.52,0.743,0
0.989,0.495,2
0.053,0.796,0
0.241,0.501,0
0.971,0.606,4
0.179,0.481,0
0.462,0.003,3
0.246,0.537,0
0.173,0.512,0
0.534,0.039,3
0.349,0.46,0
0.939,0.487,1
0.464,0.042,3
0.265,0.465,0
0.073,0.736,0
0.541,0.037,3
0.137,0.809,0
0.399,0.093,3
0.967,0.517,1
0.497,0.034,3
0.435,0.702,0
0.033,0.797,0
0.474,0.055,3
0.054,0.801,0
0.935,0.564,1
0.081,0.809,0
0.008,0.803,0
0.257,0.462,0
0.043,0.798,0
0.9,0.562,1
0.552,0.054,3
0.09,0.766,0
0.356,0.737,0
0.488,0.037,3
0.933,0.565,1
1.023,0.566,4
0.524,0.113,3
0.399,0.744,0
0.458,0.073,3
0.406,0.65,0
0.488,0.699,0
0.993,0.518,2
0.592,0.024,3
0.251,0.511,0
0.371,0.749,0
0.32,0.544,0
0.88,0.544,1
0.119,0.772,0
0.501,0.041,3
0.302,0.474,0
0.098,0.77,0
0.555,0.111,3
0.976,0.484,2
0.118,0.717,0
0.29,0.51,0
0.256,0.512,0
0.509,0.076,3
0.098,0.856,0
0.243,0.398,0
0.032,0.773,0
0.534,0.041,3
0.025,0.772,0
0.438,0.02,3
0.553,0.012,3
0.484,0.126,3
0.514,0.003,3
0.42,0.703,0
0.307,0.494,0
0.513,0.107,3
0.981,0.527,2
0.568,0.058,3
0.538,0.76,0
0.252,0.446,0
0.046,0.792,0
0.452,0.728,0
0.952,0.544,1
0.988,0.547,4
0.081,0.773,0
0.537,0.041,3
0.439,0.68,0
0.382,0.752,0
0.464,0.062,3
0.494,0.655,0
0.301,0.48,0
0.999,0.498,2
0.067,0.755,0
0.042,0.783,0
0.239,0.546,0
0.053,0.763,0
0.538,0.092,3
0.293,0.415,0
1.048,0.51,2
0.452,0.098,3
0.994,0.467,2
0.044,0.831,0
0.052,0.823,0
0.071,0.799,0
0.083,0.741,0
0.261,0.453,0
0.009,0.755,0
0.064,0.732,0
0.528,0.082,3
0.485,0.125,3
0.505,0.066,3
1.011,0.574,4
0.502,0.09,3
0.42,0.731,0
0.086,0.757,0
0.489,0.054,3
0.474,0.724,0
0.948,0.526,1
0.507,0.022,3
0.225,0.512,0
0.487,0.811,0
0.978,0.479,2
0.056,0.719,0
0.273,0.528,0
0.462,0.733,0
0.441,0.625,0
0.525,0.003,3
0.241,0.47,0
0.273,0.56,0
0.522,0.141,3
0.973,0.529,2
0.937,0.587,1
0.628,0.064,3
0.248,0.45,0
0.238,0.452,0
0.1,0.787,0
0.499,0.101,3
0.974,0.576,4
0.079,0.748,0
0.487,0.001,3
0.086,0.742,0
0.457,0.776,0
0.267,0.479,0
0.261,0.525,0
0.255,0.557,0
1.038,0.5,2
0.976,0.547,4
0.271,0.495,0
0.104,0.785,0
0.399,0.756,0
1.025,0.55,4
0.062,0.756,0
0.439,0.758,0
0.083,0.717,0
0.064,0.758,0
0.267,0.499,0
0.987,0.637,4
0.313,0.527,0
0.132,0.865,0
0.559,0.093,3
0.419,0.763,0
0.156,0.818,0
0.515,0.065,3
0.041,0.699,0
0.522,0.064,3
0.93,0.53,1
1.031,0.52,2
0.065,0.777,0
0.465,0.07,3
0.063,0.752,0
0.241,0.47,0
1.005,0.576,4
0.477,0.722,0
0.448,0.789,0
0.066,0.801,0
0.492,0.726,0
0.433,0.727,0
0.215,0.49,0
0.267,0.436,0
0.931,0.496,1
0.99,0.594,4
0.116,0.763,0
0.33,0.447,0
0.441,0.689,0
0.183,0.493,0
0.444,0.722,0
0.347,0.738,0
0.949,0.574,1
0.105,0.829,0
0.016,0.757,0
0.508,0.016,3
0.466,0.033,3
0.472,0.128,3
0.052,0.825,0
0.108,0.748,0
1.011,0.601,4
0.475,0.73,0
0.415,0.713,0
0.472,0.068,3
0.079,0.818,0
0.442,0.778,0
0.256,0.525,0
1,0.539,2
0.072,0.72,0
0.493,0.044,3
0.532,0.025,3
0.233,0.512,0
1.02,0.582,4
0.969,0.503,2
0.23,0.539,0
0.262,0.584,0
0.93,0.521,1
0.409,0.744,0
0.42,0.711,0
0.401,0.722,0
0.04,0.759,0
0.492,0.69,0
0.923,0.538,1
0.498,0.04,3
0.966,0.602,4
0.961,0.558,1
0.19,0.536,0
0.126,0.755,0
0.99,0.594,4
0.498,0.025,3
0.401,0.75,0
0.412,0.75,0
0.494,0.137,3
0.407,0.703,0
0.053,0.84,0
0.101,0.829,0
0.407,0.765,0
0.268,0.458,0
0.08,0.761,0
0.163,0.512,0
0.08,0.749,0
0.503,0.11,3
0.313,0.509,0
0.222,0.5,0
0.492,0.047,3
0.483,0.814,0
0.987,0.556,4
0.067,0.717,0
0.525,0.089,3
1.051,0.533,2
0.456,0.051,3
0.99,0.539,4
0.978,0.56,4
0.107,0.769,0
0.421,0.67,0
0.536,0.112,3
0.078,0.737,0
0.238,0.541,0
0.472,0.702,0
0.518,0.736,0
0.46,0.009,3
0.956,0.623,4
0.242,0.533,0
0.436,0.714,0
0.413,0.723,0
0.336,0.536,0
0.091,0.804,0
0.47,0.055,3
0.418,0.709,0
0.985,0.574,4
0.988,0.552,4
0.429,0.781,0
0.968,0.536,1
0.515,0.076,3
0.276,0.478,0
0.11,0.753,0
0.239,0.52,0
0.069,0.791,0
0.078,0.814,0
0.444,0.773,0
0.227,0.51,0
1.037,0.451,2
0.012,0.795,0
0.279,0.469,0
0.071,0.759,0
0.917,0.529,1
0.49,0.062,3
0.46,0.683,0
0.419,0.735,0
0.42,0.702,0
0.994,0.57,4
0.446,0.729,0
0.061,0.778,0
0.968,0.488,2
0.082,0.807,0
0.542,0.002,3
0.933,0.528,1
0.419,0.677,0
0.961,0.543,1
1.023,0.548,4
0.959,0.519,1
0.082,0.718,0
0.973,0.525,2
0.982,0.565,4
0.085,0.761,0
0.441,0.126,3
0.427,0.675,0
0.981,0.484,2
0.942,0.538,1
0.249,0.515,0
0.477,0.066,3
0.316,0.473,0
0.306,0.52,0
0.303,0.544,0
0.087,0.716,0
0.469,0.018,3
0.065,0.771,0
0.448,0.062,3
0.291,0.57,0
1.002,0.557,4
0.039,0.804,0
0.011,0.738,0
0.459,0.008,3
0.907,0.537,1
0.495,0.088,3
0.316,0.49,0
0.292,0.469,0
0.093,0.802,0
0.117,0.787,0
0.229,0.508,0
0.03,0.778,0
0.981,0.485,2
0.548,0.056,3
0.527,0.105,3
1.002,0.577,4
0.973,0.527,2
0.345,0.512,0
0.468,0.72,0
0.207,0.462,0
0.309,0.436,0
0.4,0.057,3
0.501,0.015,3
0.916,0.528,1
0.521,0.084,3
0.459,0.761,0
0.102,0.849,0
0.43,0.74,0
0.231,0.527,0
0.237,0.508,0
0.037,0.763,0
0.898,0.488,1
0.525,0.043,3
0.267,0.507,0
0.474,0.816,0
0.447,0.043,3
0.443,0.683,0
0.103,0.724,0
0.306,0.503,0
0.496,0.125,3
0.278,0.495,0
0.514,0.078,3
0.192,0.458,0
0.952,0.504,1
0.46,0.679,0
0.264,0.397,0
0.076,0.749,0
0.327,0.546,0
0.491,0.033,3
1.032,0.55,4
0.444,0.762,0
0.477,0.791,0
0.436,0.782,0
0.261,0.452,0
0.153,0.784,0
0.56,0.081,3
0.497,0.707,0
0.14,0.781,0
0.522,0.087,3
0.977,0.576,4
0.224,0.531,0
0.507,0.681,0
0.444,0.736,0
0.093,0.765,0
0.197,0.476,0
0.007,0.735,0
1.024,0.5,2
0.466,0.098,3
0.413,0.77,0
0.27,0.498,0
0.065,0.765,0
0.586,0.083,3
0.982,0.609,4
0.279,0.498,0
0.464,0.754,0
0.28,0.525,0
0.415,0.077,3
0.041,0.784,0
0.095,0.672,0
0.3,0.532,0
0.384,0.777,0
0.246,0.489,0
0.083,0.807,0
1.007,0.573,4
0.502,0.115,3
0.52,0.042,3
0.978,0.487,2
0.021,0.753,0
1.007,0.592,4
0.921,0.554,1
0.486,0.029,3
0.027,0.783,0
0.09,0.785,0
0.043,0.808,0
0.238,0.519,0
0.268,0.429,0
0.04,0.835,0
0.462,0.102,3
0.952,0.508,1
0.263,0.509,0
0.995,0.533,2
0.47,0.698,0
0.958,0.581,4
0.317,0.457,0
0.104,0.772,0
0.468,0.797,0
1.009,0.569,4
0.419,0.748,0
0.455,0.686,0
0.978,0.521,2
0.41,0.787,0
0.041,0.796,0
0.923,0.511,1
0.457,0.713,0
0.528,0.017,3
0.266,0.527,0
0.278,0.51,0
0.051,0.786,0
0.954,0.542,1
0.407,0.715,0
0.971,0.491,2
0.306,0.516,0
0.497,0.699,0
0.54,0.063,3
0.294,0.404,0
0.871,0.544,1
0.971,0.545,1
0.925,0.618,4
0.987,0.568,4
0.271,0.51,0
0.473,0.735,0
0.935,0.528,1
0.948,0.574,1
0.394,0.729,0
0.475,0.116,3
0.023,0.712,0
0.953,0.574,4
0.019,0.791,0
1.028,0.404,2
0.121,0.809,0
0.434,0.73,0
0.114,0.764,0
0.283,0.503,0
0.424,0.768,0
0.171,0.784,0
0.425,0.766,0
1.03,0.461,2
0.987,0.544,4
1.001,0.564,4
0.536,0.045,3
0.064,0.772,0
0.515,0.114,3
0.089,0.823,0
0.341,0.512,0
0.465,0.736,0
0.058,0.805,0
0.417,0.694,0
0.529,0.727,0
0.989,0.492,2
0.475,0.133,3
0.398,0.698,0
0.449,0.094,3
0.559,0.125,3
0.484,0.752,0
0.517,0.105,3
0.548,0.011,3
0.448,0.715,0
0.979,0.473,2
0.992,0.631,4
0.087,0.731,0
1.051,0.554,4
0.977,0.483,2
0.307,0.472,0
0.177,0.481,0
0.986,0.561,4
0.595,0.062,3
0.441,0.709,0
0.097,0.794,0
0.51,0.017,3
0.318,0.56,0
0.251,0.477,0
0.052,0.79,0
0.472,0.063,3
0.94,0.629,4
0.501,0.713,0
0.949,0.489,1
0.242,0.561,0
0.262,0.508,0
0.024,0.719,0
0.286,0.471,0
0.46,0.726,0
0.301,0.622,0
0.493,0.065,3
0.141,0.809,0
0.956,0.525,1
0.477,0.76,0
0.062,0.823,0
0.112,0.838,0
0.445,0.809,0
0.447,0.063,3
0.478,0.137,3
0.51,0.08,3
0.304,0.519,0
0.423,0.737,0
0.231,0.542,0
0.099,0.819,0
0.064,0.778,0
0.497,0.676,0
0.495,0.05,3
0.987,0.508,2
0.108,0.805,0
0.543,0.046,3
0.295,0.467,0
0.449,0.697,0
0.067,0.757,0
0.997,0.546,4
0.229,0.495,0
0.236,0.59,0
0.188,0.53,0
0.49,0.743,0
0.513,0.029,3
0.396,0.76,0
0.26,0.51,0
0.421,0.723,0
0.433,0.709,0
0.255,0.533,0
0.533,0.11,3
0.52,0.751,0
0.987,0.472,2
0.502,0.066,3
0.116,0.749,0
0.448,0.785,0
0.084,0.785,0
0.438,0.728,0
0.525,0.051,3
0.989,0.54,4
0.462,0.061,3
0.021,0.73,0
0.082,0.788,0
0.485,0.705,0
0.082,0.711,0
0.068,0.783,0
0.228,0.537,0
0.853,0.559,1
0.46,0.041,3
0.493,0.04,3
0.491,0.752,0
0.252,0.49,0
0.5,0.033,3
0.265,0.468,0
0.033,0.816,0
0.089,0.772,0
0.015,0.746,0
0.181,0.529,0
0.041,0.811,0
0.936,0.493,1
0.458,0.745,0
1.004,0.542,4
1.031,0.604,4
0.859,0.593,1
0.49,0.044,3
0.413,0.809,0
0.925,0.554,1
0.257,0.516,0
0.23,0.491,0
0.071,0.774,0
0.972,0.564,4
0.264,0.535,0
0.974,0.534,1
0.507,0.009,3
0.466,0.712,0
0.405,0.712,0
0.06,0.821,0
1.021,0.602,4
0.445,0.694,0
0.221,0.489,0
1.002,0.562,4
0.23,0.462,0
0.054,0.752,0
0.346,0.533,0
0.406,0.692,0
0.394,0.706,0
0.31,0.515,0
1,0.523,2
0.467,0.764,0
1.002,0.552,4
0.407,0.094,3
0.426,0.022,3
0.262,0.51,0
0.436,0.753,0
0.079,0.823,0
0.483,0.091,3
0.492,0.712,0
0.97,0.578,4
0.071,0.769,0
0.067,0.758,0
0.436,0.643,0
0.029,0.808,0
0.955,0.498,1
0.48,0.012,3
0.265,0.521,0
0.244,0.487,0
0.168,0.548,0
0.266,0.474,0
0.522,0.042,3
0.98,0.612,4
0.259,0.508,0
0.414,0.755,0
0.133,0.825,0
0.974,0.474,2
0.533,0.038,3
0.424,0.091,3
0.988,0.545,4
0.23,0.509,0
0.539,0.713,0
0.454,0.767,0
0.479,0.765,0
1.025,0.559,4
0.451,0.78,0
0.314,0.475,0
0.282,0.532,0
0.288,0.553,0
0.324,0.555,0
0.538,0.097,3
0.042,0.767,0
0.482,0.815,0
1.008,0.509,2
0.426,0.718,0
0.44,0.103,3
0.532,0.121,3
0.997,0.597,4
0.418,0.772,0
0.429,0.793,0
0.549,0.042,3
0.015,0.718,0
0.255,0.519,0
0.305,0.45,0
0.449,0.012,3
0.308,0.506,0
0.479,0.837,0
0.36,0.717,0
0.989,0.562,4
0.422,0.731,0
0.968,0.481,2
0.482,0.099,3
0.043,0.844,0
0.081,0.766,0
0.086,0.8,0
0.27,0.437,0
0.261,0.505,0
0.113,0.782,0
0.339,0.498,0
0.971,0.505,2
0.332,0.502,0
0.977,0.546,4
0.251,0.525,0
0.333,0.514,0
0.482,0.054,3
0.911,0.536,1
0.278,0.421,0
0.258,0.548,0
0.309,0.508,0
0.244,0.42,0
0.3,0.429,0
1.022,0.486,2
0.514,0.119,3
0.506,0.721,0
0.582,0.067,3
0.425,0.799,0
0.477,0.681,0
0.254,0.585,0
0.084,0.749,0
0.308,0.44,0
0.986,0.572,4
0.964,0.548,1
0.436,0.693,0
0.253,0.485,0
0.252,0.461,0
0.286,0.453,0
0.942,0.605,4
0.525,0.004,3
0.083,0.722,0
0.993,0.54,4
0.437,0.077,3
0.468,0.705,0
0.07,0.784,0
0.431,0.726,0
0.105,0.764,0
0.255,0.55,0
0.526,0.113,3
0.452,0.727,0
0.971,0.525,2
0.149,0.728,0
0.33,0.516,0
0.084,0.782,0
0.039,0.784,0
0.478,0.772,0
0.383,0.739,0
0.213,0.543,0
0.519,0.071,3
1,0.637,4
0.344,0.571,0
0.283,0.461,0
0.313,0.455,0
0.417,0.702,0
0.069,0.814,0
0.1,0.768,0
0.089,0.773,0
0.523,0.137,3
0.424,0.698,0
0.098,0.834,0
0.501,0.014,3
0.478,0.099,3
0.586,0.07,3
0.112,0.842,0
0.415,0.689,0
0.965,0.532,1
0.261,0.49,0
0.136,0.762,0
0.994,0.492,2
0.402,0.68,0
0.071,0.785,0
0.006,0.797,0
0.219,0.509,0
0.467,0.079,3
0.452,0.756,0
0.392,0.802,0
0.925,0.551,1
0.051,0.777,0
0.127,0.722,0
0.505,0.143,3
0.256,0.513,0
0.512,0.66,0
0.131,0.833,0
0.376,0.745,0
0.483,0.759,0
0.993,0.605,4
0.981,0.61,4
0.266,0.598,0
0.965,0.474,2
0.376,0.795,0
0.239,0.515,0
0.334,0.433,0
0.447,0.771,0
0.431,0.764,0
0.39,0.659,0
1.059,0.487,2
0.072,0.838,0
0.195,0.48,0
0.109,0.806,0
0.927,0.553,1
0.222,0.515,0
0.374,0.72,0
0.291,0.455,0
0.077,0.796,0
0.106,0.8,0
0.024,0.781,0
0.578,0.136,3
0.466,0.231,3
0.962,0.614,4
0.299,0.592,0
0.491,0.782,0
0.56,0.099,3
0.255,0.54,0
0.426,0.776,0
0.259,0.531,0
0.482,0.679,0
0.262,0.445,0
0.063,0.811,0
0.483,0.087,3
0.47,0.737,0
0.203,0.518,0
0.087,0.774,0
0.241,0.435,0
0.071,0.747,0
0.952,0.568,1
0.438,0.726,0
0.088,0.727,0
0.453,0.663,0
0.054,0.733,0
0.531,0.067,3
0.491,0.054,3
0.133,0.756,0
0.474,0.051,3
0.101,0.689,0
0.485,0.078,3
0.301,0.53,0
0.972,0.511,2
0.389,0.777,0
0.234,0.516,0
0.415,0.718,0
0.305,0.511,0
0.415,0.723,0
0.052,0.786,0
0.957,0.535,1
0.297,0.528,0
0.436,0.683,0
0.52,0.062,3
0.082,0.807,0
0.128,0.722,0
0.301,0.556,0
0.38,0.721,0
0.055,0.752,0
0.075,0.791,0
0.958,0.476,2
1.013,0.495,2
0.943,0.531,1
0.396,0.748,0
0.487,0.044,3
0.967,0.517,1
0.633,0.054,3
0.443,0.665,0
0.109,0.722,0
0.288,0.501,0
0.944,0.528,1
0.031,0.735,0
0.453,0.749,0
1.024,0.462,2
0.519,0.037,3
0.086,0.723,0
0.28,0.516,0
0.418,0.686,0
0.393,0.755,0
0.059,0.745,0
0.498,0.083,3
0.264,0.534,0
0.471,0.708,0
1.016,0.575,4
0.025,0.758,0
0.458,0.069,3
1.003,0.576,4
0.508,0.113,3
0.412,0.717,0
0.277,0.503,0
1.015,0.545,4
0.453,0.694,0
0.025,0.814,0
0.487,0.03,3
0.1,0.816,0
0.221,0.426,0
0.28,0.482,0
0.084,0.732,0
0.051,0.849,0
0.063,0.724,0
0.96,0.529,1
0.121,0.742,0
1.02,0.552,4
0.976,0.505,2
0.553,0.042,3
0.068,0.73,0
0.92,0.524,1
0.315,0.433,0
0.432,0.699,0
0.531,0.033,3
0.055,0.755,0
0.427,0.693,0
0.289,0.533,0
0.407,0.674,0
0.426,0.044,3
1.01,0.538,2
0.971,0.521,2
1.017,0.604,4
0.466,0.08,3
0.108,0.802,0
0.478,0.005,3
0.116,0.76,0
0.075,0.72,0
0.985,0.484,2
0.477,0.101,3
0.265,0.452,0
0.527,0.044,3
0.406,0.172,3
0.479,0.102,3
0.532,0.092,3
0.512,0.11,3
0.398,0.693,0
0.519,0.088,3
0.433,0.712,0
0.949,0.529,1
0.449,0.667,0
0.995,0.534,2
0.259,0.541,0
0.318,0.479,0
0.559,0.049,3
0.047,0.788,0
0.216,0.543,0
0.276,0.484,0
0.068,0.732,0
0.259,0.556,0
0.974,0.582,4
0.124,0.868,0
0.428,0.756,0
0.497,0.681,0
0.393,0.751,0
0.087,0.775,0
0.533,0.082,3
0.507,0.769,0
0.31,0.525,0
0.958,0.5,1
0.269,0.428,0
0.5,0.08,3
0.424,0.073,3
0.533,0.714,0
0.25,0.449,0
0.961,0.551,1
0.115,0.784,0
0.214,0.495,0
0.483,0.806,0
0.959,0.487,2
0.056,0.776,0
0.512,0.797,0
0.39,0.868,0
0.117,0.777,0
0.067,0.798,0
0.523,0.012,3
0.367,0.657,0
1.023,0.546,4
0.054,0.806,0
0.214,0.496,0
0.08,0.757,0
0.355,0.031,3
0.325,0.474,0
1.027,0.591,4
1.014,0.498,2
0.469,0.143,3
0.965,0.552,1
0.215,0.498,0
0.437,0.787,0
1.003,0.486,2
0.459,0.008,3
0.348,0.449,0
0.459,0.747,0
0.05,0.792,0
0.975,0.545,4
0.505,0.004,3
1.003,0.515,2
0.277,0.51,0
0.057,0.812,0
0.384,0.707,0
0.449,0.048,3
0.391,0.689,0
0.244,0.583,0
0.5,0.061,3
0.443,0.701,0
0.491,0.009,3
0.491,0.16,3
0.187,0.463,0
0.426,0.033,3
0.961,0.58,4
0.034,0.798,0
0.438,0.078,3
0.266,0.551,0
0.964,0.526,1
0.128,0.84,0
0.503,0.772,0
0.351,0.557,0
0.07,0.777,0
0.254,0.559,0
0.983,0.571,4
1.009,0.559,4
0.115,0.815,0
0.104,0.718,0
0.41,0.706,0
0.433,0.75,0
0.268,0.521,0
0.079,0.788,0
0.54,0.777,0
0.4,0.714,0
1.002,0.574,4
0.402,0.748,0
0.436,0.711,0
0.492,0.12,3
0.453,0.059,3
0.116,0.777,0
0.225,0.564,0
0.968,0.535,1
0.579,0.042,3
0.08,0.75,0
0.328,0.503,0
0.512,0.085,3
0.953,0.566,1
0.471,0.723,0
0.343,0.538,0
1.014,0.549,4
0.122,0.757,0
0.917,0.583,1
0.996,0.53,2
0.369,0.082,3
0.033,0.822,0
0.072,0.776,0
0.283,0.476,0
0.519,0.033,3
0.94,0.608,4
0.47,0.747,0
0.462,0.103,3
0.44,0.74,0
0.965,0.494,2
0.501,0.1,3
0.302,0.471,0
0.312,0.462,0
0.496,0.031,3
0.152,0.808,0
0.235,0.506,0
0.958,0.493,2
1.009,0.528,2
0,0.759,0
1.083,0.547,4
0.05,0.786,0
0.959,0.466,2
0.594,0.142,3
0.152,0.842,0
0.424,0.721,0
0.916,0.535,1
0.29,0.392,0
0.194,0.544,0
0.496,0.718,0
0.458,0.734,0
0.43,0.728,0
0.216,0.518,0
0.428,0.676,0
0.068,0.76,0
0.27,0.517,0
0.939,0.485,1
0.432,0.678,0
0.326,0.688,0
0.493,0.789,0
0.425,0.706,0
0.997,0.61,4
0.957,0.486,2
0.468,0.14,3
0.366,0.551,0
0.364,0.684,0
0.44,0.06,3
0.279,0.493,0
0.32,0.531,0
0.542,0.11,3
0.05,0.721,0
0.129,0.7,0
0.079,0.768,0
0.429,0.78,0
0.045,0.827,0
0.058,0.799,0
0.11,0.856,0
0.494,0.664,0
0.55,0.085,3
0.995,0.547,4
0.997,0.51,2
0.055,0.798,0
0.069,0.769,0
0.44,0.759,0
0.986,0.482,2
0.512,0.1,3
0.448,0.749,0
0.447,0.093,3
1.004,0.547,4
0.425,0.73,0
0.579,0.126,3
0.073,0.758,0
0.217,0.493,0
0.492,0.066,3
0.291,0.475,0
0.241,0.523,0
0.45,0.099,3
0.999,0.568,4
1.047,0.436,2
0.062,0.775,0
0.951,0.478,2
0.465,0.097,3
0.079,0.742,0
0.439,0.755,0
0.226,0.525,0
0.485,0.069,3
1.015,0.567,4
0.377,0.787,0
0.914,0.597,1
1.045,0.478,2
0.621,0.045,3
0.087,0.718,0
0.511,0.105,3
0.211,0.523,0
0.136,0.786,0
0.509,0.039,3
0.904,0.551,1
0.959,0.507,1
0.448,0.725,0
0.225,0.563,0
0.227,0.447,0
0.531,0.683,0
0.083,0.781,0
0.136,0.809,0
0.155,0.834,0
0.586,0.134,3
0.49,0.116,3
0.233,0.49,0
0.522,0.739,0
0.052,0.769,0
1.001,0.547,4
0.983,0.538,2
0.217,0.433,0
0.406,0.735,0
0.135,0.79,0
0.451,0.043,3
0.132,0.771,0
1.031,0.493,2
0.078,0.727,0
0.429,0.03,3
0.081,0.758,0
0.427,0.714,0
0.063,0.858,0
0.092,0.791,0
1.002,0.602,4
0.178,0.549,0
0.278,0.486,0
0.424,0.097,3
0.485,0.08,3
0.271,0.493,0
0.239,0.447,0
0.4,0.753,0
0.28,0.464,0
1,0.461,2
0.46,0.698,0
0.974,0.557,4
0.067,0.747,0
0.985,0.514,2
0.982,0.543,4
0.255,0.484,0
0.488,0.083,3
0.008,0.782,0
0.443,0.108,3
0.308,0.542,0
0.378,0.475,0
0.149,0.785,0
0.467,0.745,0
0.316,0.458,0
0.505,0.083,3
0.427,0.684,0
0.981,0.522,2
0.003,0.77,0
0.093,0.835,0
0.939,0.558,1
0.949,0.517,1
0.995,0.556,4
0.547,0.018,3
0.138,0.753,0
0.061,0.783,0
0.492,0.07,3
0.468,0.089,3
0.494,0.098,3
1.006,0.546,4
0.458,0.098,3
0.517,0.692,0
0.258,0.476,0
0.487,0.018,3
0.45,0.091,3
0.075,0.809,0
0.089,0.773,0
0.087,0.83,0
0.098,0.757,0
0.251,0.454,0
0.36,0.714,0
0.496,0.058,3
0.523,0.009,3
0.883,0.615,1
0.463,0.619,0
0.445,0.71,0
0.93,0.558,1
0.453,0.051,3
0.999,0.502,2
0.049,0.851,0
0.493,0.033,3
0.007,0.79,0
0.075,0.836,0
0.422,0.714,0
0.052,0.704,0
0.468,0.765,0
0.51,0.134,3
0.459,0.75,0
0.506,0.158,3
0.041,0.769,0
0.425,0.704,0
0.062,0.838,0
0.411,0.696,0
0.947,0.529,1
1.039,0.545,4
0.992,0.538,2
0.053,0.829,0
0.125,0.754,0
0.253,0.492,0
0.285,0.558,0
0.208,0.491,0
0.436,0.052,3
0.432,0.71,0
0.913,0.555,1
0.428,0.753,0
0.372,0.67,0
0.53,0.012,3
0.404,0.71,0
0.982,0.533,2
0.045,0.761,0
0.507,0.052,3
0.593,0.096,3
0.067,0.769,0
0.191,0.535,0
0.353,0.713,0
0.236,0.52,0
0.996,0.552,4
0.162,0.799,0
0.948,0.527,1
0.474,0.078,3
0.064,0.763,0
1.036,0.561,4
0.32,0.532,0
0.434,0.704,0
0.489,0.135,3
0.562,0.044,3
0.469,0.716,0
0.468,0.099,3
0.06,0.787,0
0.257,0.475,0
0.432,0.706,0
0.085,0.752,0
0.262,0.54,0
0.305,0.562,0
0.345,0.758,0
0.341,0.563,0
0.443,0.726,0
0.324,0.504,0
0.078,0.806,0
0.507,0.107,3
0.26,0.458,0
0.188,0.524,0
0.937,0.507,1
0.056,0.83,0
0.234,0.455,0
0.244,0.477,0
0.294,0.542,0
0.553,0.105,3
0.466,0.114,3
0.21,0.544,0
1.016,0.517,2
0.277,0.535,0
0.445,0.078,3
0.241,0.52,0
0.447,0.704,0
0.414,0.64,0
0.913,0.503,1
0.293,0.518,0
0.062,0.716,0
0.037,0.771,0
0.433,0.686,0
0.984,0.481,2
0.101,0.765,0
0.959,0.585,4
1.015,0.578,4
0.049,0.803,0
0.409,0.769,0
0.048,0.799,0
0.107,0.74,0
0.486,0.088,3
1.003,0.514,2
0.421,0.751,0
0.499,0.051,3
0.033,0.755,0
0.95,0.587,4
1.033,0.512,2
0.315,0.513,0
0.587,0.107,3
0.504,0.71,0
0.445,0.677,0
1.002,0.547,4
0.506,0.741,0
0.413,0.729,0
0.463,0.715,0
0.396,0.75,0
0.272,0.514,0
0.495,0.048,3
0.428,0.713,0
0.998,0.568,4
0.999,0.521,2
0.503,0.126,3
0.528,0.068,3
0.964,0.56,4
0.002,0.795,0
0.974,0.527,2
0.394,0.73,0
0.036,0.791,0
0.133,0.807,0
0.476,0.066,3
0.989,0.556,4
0.119,0.753,0
0.997,0.534,2
0.481,0.058,3
0.493,0.144,3
0.288,0.506,0
0.588,0.128,3
0.951,0.565,1
0.512,0.051,3
0.465,0.76,0
0.403,0.706,0
0.055,0.792,0
0.999,0.605,4
0.451,0.698,0
1.003,0.591,4
0.516,0.027,3
0.996,0.507,2
0.997,0.527,2
0.467,0.693,0
0.28,0.45,0
0.127,0.783,0
0.459,0.077,3
0.467,0.121,3
0.94,0.541,1
0.525,0.056,3
0.94,0.536,1
0.983,0.49,2
0.996,0.581,4
0.059,0.814,0
0.13,0.763,0
0.05,0.836,0
0.201,0.468,0
0.537,0.083,3
0.988,0.561,4
0.48,0.116,3
0.479,0.145,3
0.955,0.519,1
0.331,0.432,0
0.428,0.74,0
1.055,0.582,4
0.466,0.093,3
0.512,0.023,3
0.485,0.128,3
0.499,0.052,3
1.005,0.477,2
0.309,0.497,0
0.257,0.493,0
0.091,0.859,0
0.249,0.517,0
0.084,0.804,0
0.444,0.77,0
0.264,0.518,0
0.935,0.603,4
0.086,0.766,0
0.473,0.004,3
1.018,0.561,4
0.399,0.746,0
0.124,0.768,0
0.917,0.529,1
1.061,0.51,2
0.151,0.78,0
0.379,0.774,0
0.951,0.574,1
0.249,0.479,0
0.576,0.021,3
0.44,0.724,0
0.448,0.692,0
0.463,0.661,0
0.523,0.201,3
0.072,0.751,0
0.228,0.474,0
0.527,0.111,3
0.536,0.126,3
0.012,0.82,0
0.459,0.728,0
0.491,0.748,0
0.411,0.743,0
0.455,0.789,0
0.216,0.489,0
1.001,0.541,4
0.987,0.519,2
0.981,0.561,4
0.154,0.788,0
0.35,0.506,0
0.971,0.553,4
0.947,0.492,1
0.391,0.681,0
0.251,0.45,0
0.924,0.513,1
0.148,0.758,0
0.089,0.852,0
0.137,0.783,0
0.002,0.796,0
0.443,0.735,0
0.984,0.578,4
0.247,0.468,0
0.465,0.772,0
0.893,0.587,1
0.52,0.165,3
0.242,0.492,0
0.453,0.708,0
0.106,0.746,0
0.433,0.707,0
0.219,0.533,0
0.398,0.764,0
0.3,0.539,0
0.304,0.546,0
0.011,0.83,0
0.447,0.77,0
0.53,0.01,3
0.268,0.543,0
0.249,0.492,0
0.444,0.105,3
0.508,0.027,3
0.465,0.685,0
1.021,0.566,4
1.03,0.546,4
0.069,0.798,0
0.267,0.521,0
0.027,0.787,0
0.971,0.582,4
0.059,0.851,0
1.016,0.547,4
0.452,0.033,3
0.442,0.711,0
0.981,0.543,4
0.449,0.691,0
0.01,0.773,0
0.277,0.452,0
0.235,0.509,0
0.063,0.862,0
0.953,0.505,1
0.406,0.709,0
0.971,0.48,2
0.1,0.779,0
0.123,0.804,0
0.966,0.521,1
0.382,0.778,0
0.527,0.102,3
0.111,0.787,0
0.506,0.097,3
1.011,0.53,2
0.52,0.054,3
0.241,0.502,0
0.471,0.707,0
0.985,0.538,2
0.594,0.115,3
0.979,0.539,4
0.319,0.457,0
0.285,0.427,0
0.102,0.84,0
0.292,0.58,0
0.265,0.466,0
0.498,0,3
0.489,0.056,3
0.456,0.704,0
0.958,0.485,2
0.057,0.826,0
0.221,0.538,0
0.059,0.853,0
0.888,0.64,1
0.069,0.729,0
0.026,0.79,0
0.227,0.531,0
0.934,0.554,1
0.107,0.74,0
0.45,0.709,0
0.526,0.049,3
0.936,0.532,1
1.01,0.458,2
0.1,0.774,0
0.085,0.689,0
1.032,0.517,2
0.473,0.003,3
0.386,0.704,0
0.988,0.534,2
0.895,0.473,1
0.367,0.708,0
0.269,0.585,0
0.429,0.699,0
0.589,0.093,3
0.066,0.746,0
0.167,0.745,0
0.506,0.085,3
0.077,0.795,0
0.96,0.548,1
0.419,0.738,0
0.466,0.714,0
0.35,0.473,0
0.272,0.478,0
0.454,0.123,3
0.941,0.556,1
0.259,0.477,0
1.049,0.51,2
0.504,0.743,0
0.409,0.705,0
0.457,0.645,0
0.301,0.591,0
0.479,0.09,3
0.419,0.755,0
0.264,0.508,0
0.551,0.095,3
0.484,0.08,3
0.445,0.687,0
0.099,0.803,0
0.971,0.544,1
0.435,0.774,0
0.317,0.551,0
0.443,0.714,0
0.413,0.8,0
0.993,0.558,4
0.244,0.508,0
0.985,0.593,4
0.047,0.72,0
0.059,0.824,0
0.088,0.778,0
0.018,0.799,0
0.032,0.847,0
0.285,0.498,0
0.429,0.735,0
1.008,0.552,4
0.993,0.494,2
0.067,0.856,0
0.983,0.548,4
0.523,0.14,3
0.116,0.52,0
0.258,0.497,0
0.479,0.058,3
0.509,0.137,3
0.439,0.731,0
0.977,0.584,4
0.336,0.781,0
0.408,0.723,0
0.182,0.51,0
0.483,0.054,3
0.534,0.043,3
0.42,0.795,0
0.508,0.091,3
0.439,0.753,0
1.019,0.533,2
0.068,0.724,0
0.023,0.747,0
0.101,0.835,0
0.076,0.739,0
0.955,0.519,1
0.395,0.766,0
0.284,0.562,0
0.936,0.48,1
0.441,0.753,0
0.235,0.525,0
1,0.583,4
1.045,0.507,2
0.224,0.526,0
0.458,0.707,0
0.985,0.512,2
0.5,0.015,3
0.468,0.038,3
0.924,0.581,1
0.484,0.665,0
0.467,0.043,3
1.059,0.566,4
0.462,0.693,0
0.017,0.769,0
0.066,0.832,0
0.05,0.799,0
0.041,0.727,0
0.403,0.747,0
0.505,0.07,3
0.282,0.528,0
0.422,0.759,0
0.25,0.46,0
0.054,0.803,0
0.204,0.543,0
0.943,0.495,1
0.566,0.073,3
0.108,0.764,0
0.529,0.084,3
1.031,0.448,2
0.439,0.72,0
0.055,0.775,0
0.269,0.461,0
0.916,0.497,1
0.088,0.747,0
0.472,0.682,0
0.276,0.493,0
1.062,0.518,2
0.308,0.501,0
0.291,0.485,0
0.945,0.564,1
0.3,0.505,0
0.022,0.76,0
0.436,0.72,0
0.298,0.485,0
0.565,0.01,3
0.254,0.437,0
0.052,0.715,0
0.926,0.526,1
0.289,0.459,0
0.389,0.768,0
0.605,0.105,3
0.44,0.711,0
0.145,0.778,0
0.452,0.761,0
0.969,0.566,4
0.464,0.754,0
0.272,0.45,0
0.257,0.461,0
0.116,0.747,0
0.55,0.077,3
0.518,0.017,3
0.397,0.788,0
0.568,0.143,3
0.093,0.729,0
0.095,0.746,0
1.016,0.54,2
0.439,0.647,0
0.266,0.539,0
0.502,0.065,3
0.947,0.561,1
0.962,0.6,4
0.387,0.7,0
0.124,0.833,0
0.461,0.692,0
0.49,0.703,0
0.477,0.737,0
0.254,0.486,0
0.475,0.113,3
0.09,0.812,0
0.283,0.552,0
0.221,0.548,0
0.094,0.797,0
0.983,0.499,2
0.078,0.784,0
0.09,0.77,0
0.508,0.087,3
0.979,0.585,4
0.375,0.68,0
0.999,0.464,2
0.1,0.774,0
0.515,0.015,3
1.02,0.575,4
0.256,0.477,0
0.278,0.534,0
0.032,0.791,0
0.89,0.575,1
0.394,0.719,0
0.337,0.449,0
0.42,0.043,3
0.419,0.755,0
0.082,0.81,0
0.309,0.512,0
0.446,0.046,3
0.098,0.754,0
1.018,0.553,4
0.483,0.064,3
0.969,0.539,1
0.43,0.69,0
0.273,0.567,0
0.051,0.707,0
0.075,0.783,0
0.502,0.124,3
0.54,0.103,3
0.406,0.743,0
0.923,0.557,1
0.153,0.426,0
0.523,0.013,3
0.032,0.758,0
1.019,0.542,4
0.491,0.004,3
0.448,0.72,0
0.126,0.798,0
1.002,0.574,4
0.268,0.562,0
0.027,0.808,0
0.504,0.753,0
0.12,0.848,0
0.933,0.575,1
0.284,0.483,0
0.311,0.507,0
0.068,0.856,0
0.145,0.853,0
0.303,0.521,0
0.488,0.711,0
0.459,0.748,0
0.427,0.108,3
0.453,0.753,0
0.433,0.77,0
0.259,0.492,0
0.27,0.517,0
0.92,0.567,1
0.586,0.025,3
0.565,0.102,3
0.409,0.085,3
1.013,0.521,2
0.522,0.071,3
0.219,0.5,0
0.413,0.742,0
0.32,0.552,0
0.509,0.031,3
0.246,0.393,0
0.474,0.71,0
0.524,0.073,3
0.32,0.482,0
0.427,0.009,3
0.998,0.496,2
0.466,0.747,0
0.401,0.668,0
0.262,0.458,0
0.497,0.015,3
0.446,0.706,0
0.991,0.483,2
0.433,0.034,3
0.443,0.718,0
0.034,0.764,0
0.972,0.594,4
0.443,0.763,0
0.06,0.79,0
0.344,0.644,0
0.49,0.044,3
0.198,0.523,0
0.5,0.105,3
0.615,0.034,3
0.985,0.535,2
0.056,0.788,0
0.563,0.068,3
0.134,0.755,0
0.977,0.519,2
0.442,0.021,3
0.972,0.538,1
0.48,0.028,3
0.294,0.496,0
0.431,0.771,0
0.243,0.524,0
0.436,0.727,0
0.96,0.552,1
1.005,0.545,4
0.154,0.778,0
0.468,0.109,3
0.303,0.483,0
0.972,0.473,2
0.348,0.507,0
0.074,0.782,0
0.264,0.473,0
0.393,0.7,0
0.29,0.477,0
1.022,0.55,4
0.077,0.802,0
0.139,0.79,0
0.069,0.789,0
0.448,0.752,0
0.227,0.51,0
0.906,0.561,1
0.959,0.478,2
0.036,0.721,0
0.28,0.517,0
0.092,0.782,0
0.954,0.466,2
0.082,0.723,0
0.385,0.748,0
0.127,0.815,0
0.381,0.683,0
0.317,0.47,0
0.301,0.484,0
0.312,0.469,0
0.535,0.117,3
0.307,0.489,0
0.519,0.691,0
0.016,0.834,0
0.954,0.602,4
0.472,0.698,0
0.983,0.518,2
0.088,0.834,0
0.122,0.731,0
0.049,0.881,0
1.022,0.557,4
0.97,0.499,2
0.486,0.693,0
0.063,0.773,0
0.145,0.855,0
0.16,0.838,0
0.937,0.55,1
1.074,0.547,4
1.022,0.56,4
0.047,0.733,0
0.554,0.081,3
0.405,0.619,0
0.352,0.729,0
0.447,0.732,0
0.287,0.495,0
0.087,0.778,0
0.426,0.795,0
0.979,0.493,2
0.255,0.408,0
0.312,0.463,0
0.963,0.525,1
0.261,0.484,0
0.29,0.466,0
0.514,0.088,3
0.506,0.029,3
0.05,0.806,0
0.1,0.74,0
0.247,0.434,0
0.474,0.053,3
0.02,0.802,0
0.041,0.758,0
0.403,0.753,0
0.491,0.058,3
0.943,0.532,1
1,0.587,4
0.267,0.521,0
0.96,0.494,2
0.442,0.74,0
0.438,0.069,3
0.995,0.471,2
0.31,0.559,0
0.286,0.56,0
0.325,0.454,0
0.148,0.525,0
0.234,0.502,0
0.247,0.503,0
0.227,0.569,0
1.031,0.53,2
0.462,0.696,0
0.542,0.087,3
0.403,0.75,0
0.223,0.517,0
0.523,0.059,3
1.025,0.506,2
0.313,0.486,0
0.279,0.482,0
0.183,0.562,0
0.054,0.786,0
0.261,0.49,0
0.065,0.807,0
0.1,0.757,0
1.009,0.498,2
0.338,0.772,0
0.959,0.586,4
0.335,0.483,0
0.961,0.525,1
0.256,0.472,0
0.51,0.682,0
0.141,0.789,0
0.395,0.732,0
0.305,0.497,0
0.925,0.62,4
0.243,0.577,0
0.449,0.055,3
0.5,0.069,3
0.444,0.679,0
0.242,0.558,0
0.31,0.484,0
0.302,0.464,0
0.127,0.73,0
0.293,0.494,0
0.082,0.759,0
0.533,0.002,3
0.464,0.049,3
0.06,0.785,0
0.394,0.754,0
0.383,0.732,0
0.409,0.775,0
0.981,0.536,2
0.355,0.664,0
0.142,0.745,0
0.341,0.488,0
0.25,0.529,0
0.437,0.729,0
0.489,0.084,3
0.22,0.491,0
0.495,0.811,0
1.01,0.591,4
0.442,0.783,0
0.264,0.504,0
0.469,0.081,3
0.265,0.521,0
0.268,0.543,0
0.495,0.168,3
0.089,0.711,0
0.321,0.478,0
0.469,0.713,0
0.08,0.818,0
0.524,0.021,3
0.459,0.72,0
0.293,0.457,0
0.298,0.49,0
0.119,0.815,0
0.085,0.799,0
0.923,0.517,1
0.27,0.522,0
0.486,0.657,0
1.047,0.519,2
0.072,0.76,0
0.493,0.758,0
0.977,0.513,2
0.407,0.7,0
1.007,0.597,4
0.482,0.725,0
1,0.555,4
0.445,0.137,3
0.086,0.862,0
0.982,0.541,4
0.108,0.762,0
0.972,0.542,1
0.485,0.093,3
0.132,0.7,0
0.405,0.691,0
0.268,0.483,0
0.108,0.704,0
0.302,0.505,0
0.374,0.783,0
0.042,0.752,0
0.932,0.544,1
0.498,0.057,3
0.116,0.817,0
0.452,0.13,3
0.399,0.642,0
0.55,0.035,3
0.457,0.063,3
0.476,0.157,3
0.425,0.777,0
0.429,0.703,0
0.405,0.696,0
0.523,0.7,0
0.923,0.558,1
0.967,0.511,2
0.095,0.827,0
0.118,0.786,0
0.31,0.458,0
0.482,0.034,3
0.458,0.098,3
0.529,0.031,3
0.036,0.805,0
0.483,0.709,0
0.063,0.783,0
0.469,0.652,0
0.403,0.492,0
0.243,0.519,0
0.469,0.054,3
0.466,0.739,0
0.544,0.049,3
0.476,0.768,0
1.013,0.458,2
1.023,0.563,4
0.196,0.508,0
0.979,0.498,2
0.45,0.044,3
0.063,0.774,0
0.488,0.082,3
0.482,0.763,0
0.06,0.723,0
0.102,0.818,0
1.006,0.502,2
0.449,0.767,0
0.542,0.093,3
0.093,0.781,0
0.095,0.701,0
0.428,0.68,0
0.981,0.564,4
0.262,0.468,0
0.272,0.531,0
0.918,0.488,1
0.937,0.612,4
0.469,0.73,0
0.145,0.777,0
0.036,0.863,0
0.911,0.593,1
0.07,0.736,0
0.476,0.74,0
0.205,0.549,0
0.262,0.49,0
0.276,0.441,0
0.53,0.062,3
0.403,0.734,0
0.258,0.479,0
0.243,0.526,0
1.011,0.469,2
0.127,0.775,0
0.062,0.761,0
0.122,0.782,0
0.437,0.015,3
0.558,0.06,3
0.58,0.124,3
0.463,0.729,0
0.997,0.475,2
0.122,0.813,0
0.481,0.013,3
0.519,0.137,3
0.099,0.757,0
0.991,0.543,4
0.052,0.723,0
0.999,0.564,4
0.019,0.809,0
0.13,0.822,0
0.537,0.084,3
0.275,0.455,0
0.554,0.054,3
0.087,0.807,0
0.99,0.477,2
0.266,0.464,0
0.047,0.791,0
0.286,0.455,0
0.078,0.869,0
0.26,0.449,0
0.075,0.77,0
0.404,0.678,0
0.246,0.476,0
0.981,0.569,4
0.484,0.111,3
0.461,0.025,3
0.996,0.53,2
0.492,0.047,3
0.435,0.71,0
0.458,0.776,0
0.49,0.036,3
0.439,0.677,0
0.968,0.538,1
0.482,0.041,3
0.296,0.447,0
0.52,0.058,3
0.106,0.839,0
0.108,0.713,0
0.309,0.452,0
0.024,0.724,0
0.953,0.549,1
0.429,0.742,0
0.27,0.5,0
0.326,0.467,0
0.087,0.815,0
0.478,0.683,0
0.292,0.46,0
0.302,0.522,0
0.318,0.541,0
0.085,0.781,0
1.001,0.575,4
0.514,0.022,3
0.496,0.072,3
0.909,0.586,1
0.228,0.47,0
0.26,0.465,0
0.085,0.72,0
0.031,0.765,0
0.095,0.746,0
0.527,0.048,3
0.493,0.05,3
0.106,0.827,0
0.453,0.094,3
0.197,0.526,0
0.144,0.836,0
0.98,0.558,4
0.975,0.54,1
0.031,0.823,0
0.491,0.73,0
0.039,0.82,0
0.255,0.525,0
0.081,0.729,0
0.949,0.506,1
0.387,0.668,0
0.963,0.587,4
0.953,0.529,1
0.41,0.722,0
0.304,0.58,0
0.546,0.076,3
0.508,0.154,3
0.88,0.49,1
0.41,0.676,0
0.457,0.703,0
0.493,0.724,0
0.489,0.665,0
0.434,0.052,3
0.402,0.801,0
0.469,0.748,0
0.343,0.565,0
1.048,0.638,4
0.467,0.709,0
0.147,0.758,0
0.957,0.551,1
0.091,0.765,0
1.005,0.514,2
0.309,0.473,0
0.262,0.471,0
0.263,0.549,0
0.375,0.689,0
0.428,0.773,0
0.422,0.709,0
0.119,0.831,0
0.269,0.564,0
1.014,0.564,4
0.032,0.839,0
0.508,0.691,0
0.557,0.094,3
0.965,0.544,1
0.443,0.055,3
1.037,0.584,4
0.466,0.032,3
0.284,0.497,0
0.517,0.078,3
0.423,0.674,0
0.993,0.552,4
0.559,0.062,3
0.302,0.476,0
0.05,0.815,0
0.326,0.524,0
0.307,0.5,0
0.988,0.577,4
0.103,0.772,0
0.211,0.535,0
0.548,0.053,3
0.949,0.507,1
0.323,0.499,0
1.027,0.53,2
0.318,0.503,0
0.938,0.564,1
0.549,0.109,3
0.422,0.661,0
0.211,0.557,0
0.4,0.751,0
0.285,0.485,0
0.081,0.757,0
0.387,0.799,0
0.302,0.585,0
0.554,0.105,3
0.378,0.763,0
0.066,0.803,0
0.435,0.805,0
0.536,0.076,3
0.07,0.785,0
1.083,0.551,4
0.208,0.518,0
0.982,0.527,2
0.472,0.077,3
0.301,0.554,0
0.421,0.01,3
1.015,0.563,4
0.256,0.528,0
0.512,0.748,0
0.262,0.474,0
0.083,0.783,0
0.188,0.55,0
0.521,0.657,0
1.012,0.611,4
0.262,0.497,0
0.28,0.473,0
0.252,0.425,0
0.493,0.015,3
0.219,0.501,0
0.588,0.066,3
0.993,0.477,2
0.255,0.531,0
0.444,0.749,0
0.371,0.668,0
0.543,0.178,3
0.302,0.493,0
0.212,0.541,0
0.322,0.631,0
0.964,0.569,4
0.245,0.578,0
0.259,0.506,0
0.503,0.658,0
0.235,0.417,0
0.259,0.433,0
0.966,0.541,1
0.539,0.114,3
0.372,0.67,0
0.497,0.074,3
0.056,0.751,0
0.248,0.555,0
0.991,0.582,4
1.028,0.488,2
0.47,0.735,0
0.951,0.491,1
0.506,0.143,3
0.33,0.725,0
0.464,0.687,0
0.1,0.794,0
0.481,0.134,3
0.45,0.675,0
0.433,0.677,0
1.041,0.552,4
0.336,0.507,0
0.966,0.523,1
0.472,0.08,3
0.516,0.063,3
0.924,0.51,1
1.01,0.538,2
1.004,0.509,2
0.588,0.102,3
0.548,0.06,3
0.148,0.757,0
0.271,0.512,0
0.977,0.431,2
0.28,0.473,0
1.041,0.63,4
0.503,0.055,3
0.431,0.665,0
0.512,0.736,0
0.24,0.415,0
0.443,0.75,0
0.944,0.525,1
0.153,0.832,0
0.29,0.475,0
0.974,0.59,4
0.418,0.778,0
0.527,0.084,3
0.519,0.03,3
0.057,0.781,0
0.115,0.76,0
0.058,0.862,0
0.45,0.089,3
0.516,0.163,3
0.961,0.558,1
0.959,0.591,4
0.481,0.067,3
0.43,0.086,3
0.024,0.755,0
0.541,0.016,3
0.284,0.432,0
0.093,0.774,0
0.036,0.787,0
0.543,0.086,3
0.344,0.485,0
0.388,0.786,0
0.521,0.063,3
0.077,0.743,0
0.52,0.086,3
0.034,0.766,0
0.498,0.074,3
0.521,0.058,3
0.135,0.827,0
0.063,0.744,0
1.014,0.583,4
0.073,0.679,0
0.973,0.621,4
0.237,0.524,0
0.079,0.784,0
0.18,0.485,0
0.438,0.695,0
0.421,0.083,3
0.029,0.735,0
0.065,0.786,0
0.503,0.057,3
1.026,0.545,4
1.049,0.561,4
0.515,0.029,3
0.287,0.471,0
0.27,0.511,0
0.84,0.495,1
0.03,0.812,0
0.048,0.8,0
0.208,0.482,0
0.6,0.152,3
0.959,0.599,4
0.957,0.507,1
0.184,0.45,0
0.259,0.524,0
0.416,0.704,0
0.245,0.507,0
0.093,0.802,0
0.112,0.77,0
0.486,0.073,3
1.016,0.543,4
0.418,0.685,0
0.942,0.486,1
0.975,0.562,4
1.034,0.499,2
0.058,0.789,0
0.324,0.458,0
1.06,0.543,2
0.068,0.723,0
0.078,0.758,0
0.339,0.545,0
0.409,0.716,0
0.257,0.563,0
0.035,0.757,0
0.514,0.005,3
0.294,0.507,0
0.244,0.474,0
0.279,0.537,0
0.071,0.813,0
0.299,0.446,0
0.25,0.497,0
0.057,0.761,0
0.542,0.14,3
0.278,0.506,0
0.44,0.74,0
0.54,0.077,3
0.409,0.688,0
0.254,0.455,0
0.391,0.712,0
0.216,0.533,0
0.457,0.734,0
0.448,0.719,0
0.277,0.484,0
0.506,0.112,3
0.962,0.517,1
0.432,0.75,0
0.948,0.529,1
0.377,0.744,0
0.428,0.1,3
0.974,0.451,2
0.963,0.591,4
0.281,0.545,0
0.981,0.603,4
0.399,0.77,0
0.098,0.753,0
0.329,0.528,0
0.293,0.497,0
0.453,0.746,0
0.54,0.11,3
0.949,0.652,4
0.99,0.567,4
0.999,0.538,2
0.473,0.735,0
0.072,0.766,0
0.494,0.022,3
0.484,0.715,0
0.465,0.727,0
0.95,0.584,4
0.327,0.522,0
0.967,0.527,1
0.081,0.757,0
0.109,0.785,0
0.944,0.516,1
0.298,0.509,0
0.426,0.703,0
0.481,0.09,3
0.276,0.535,0
0.096,0.798,0
0.217,0.426,0
1.042,0.542,2
0.566,0.055,3
0.215,0.548,0
0.051,0.782,0
0.953,0.547,1
0.512,0.067,3
0.077,0.734,0
0.979,0.544,4
0.497,0.744,0
0.444,0.089,3
0.073,0.816,0
1.006,0.589,4
0.116,0.793,0
0.264,0.503,0
0.457,0.661,0
0.489,0.735,0
0.959,0.554,1
0.414,0.74,0
0.096,0.773,0
0.442,0.718,0
0.473,0.028,3
0.052,0.777,0
0.503,0.034,3
0.517,0.17,3
0.485,0.057,3
0.498,0.737,0
0.986,0.553,4
0.263,0.501,0
0.367,0.684,0
1.002,0.577,4
0.399,0.697,0
0.095,0.803,0
0.327,0.523,0
0.518,0.134,3
1.001,0.48,2
0.94,0.6,4
0.438,0.699,0
0.905,0.602,1
0.45,0.755,0
0.436,0.035,3
0.03,0.766,0
0.452,0.078,3
0.29,0.537,0
0.398,0.775,0
0.304,0.399,0
0.55,0.065,3
0.979,0.544,4
0.413,0.737,0
1.022,0.536,2
0.43,0.768,0
0.468,0.746,0
0.192,0.521,0
0.088,0.79,0
0.496,0.019,3
0.074,0.71,0
0.416,0.043,3
0.969,0.57,4
0.476,0.041,3
0.517,0.707,0
0.063,0.818,0
0.248,0.503,0
0.492,0.052,3
1.012,0.565,4
0.046,0.779,0
0.271,0.523,0
0.97,0.569,4
0.528,0.031,3
0.443,0.723,0
0.333,0.505,0
0.249,0.459,0
0.999,0.462,2
0.99,0.515,2
0.455,0.077,3
0.954,0.61,4
0.956,0.544,1
0.243,0.449,0
0.277,0.496,0
0.948,0.516,1
0.912,0.585,1
0.899,0.588,1
0.869,0.543,1
0.087,0.784,0
1.081,0.508,2
0.246,0.5,0
0.055,0.731,0
0.975,0.542,4
0.225,0.469,0
1.02,0.596,4
0.054,0.818,0
0.285,0.489,0
0.425,0.745,0
0.293,0.454,0
0.033,0.751,0
0.481,0.757,0
0.967,0.53,1
0.06,0.849,0
0.517,0.079,3
1.029,0.533,2
0.287,0.484,0
0.274,0.501,0
0.066,0.788,0
0.219,0.495,0
0.955,0.609,4
0.948,0.56,1
0.168,0.78,0
0.076,0.751,0
0.993,0.521,2
0.495,0.058,3
0.41,0.724,0
0.462,0.799,0
1.012,0.55,4
1.008,0.513,2
0.469,0.047,3
0.062,0.775,0
0.276,0.513,0
0.981,0.573,4
0.928,0.537,1
0.087,0.719,0
0.236,0.553,0
0.444,0.683,0
0.073,0.727,0
0.279,0.485,0
0.442,0.711,0
0.451,0.682,0
0.463,0.725,0
0.45,0.094,3
0.999,0.535,2
0.543,0.018,3
0.882,0.549,1
0.028,0.777,0
0.059,0.77,0
0.225,0.509,0
0.962,0.648,4
0.549,0.117,3
0.078,0.818,0
0.084,0.797,0
0.556,0.103,3
1.041,0.557,4
0.031,0.776,0
0.383,0.748,0
0.46,0.694,0
0.43,0.697,0
0.295,0.483,0
0.556,0.084,3
0.06,0.751,0
0.453,0.053,3
0.951,0.51,1
0.249,0.495,0
0.957,0.548,1
0.973,0.557,4
0.505,0.129,3
0.963,0.504,2
0.044,0.823,0
0.5,0.055,3
0.436,0.699,0
0.946,0.543,1
0.982,0.5,2
0.942,0.544,1
0.497,0.047,3
0.491,0.082,3
0.438,0.759,0
0.012,0.81,0
0.968,0.554,4
1.006,0.522,2
0.437,0.641,0
0.471,0.09,3
0.51,0.124,3
0.508,0.068,3
0.429,0.725,0
0.455,0.722,0
0.958,0.456,2
1.011,0.58,4
0.311,0.428,0
0.484,0.727,0
0.404,0.725,0
1.019,0.509,2
0.099,0.847,0
0.471,0.732,0
0.333,0.537,0
0.286,0.5,0
0.099,0.789,0
0.988,0.58,4
0.328,0.511,0
0.973,0.441,2
0.034,0.761,0
0.239,0.514,0
0.949,0.583,4
0.947,0.464,2
0.536,0.024,3
0.556,0.013,3
0.032,0.753,0
1.035,0.537,2
0.038,0.753,0
0.405,0.696,0
0.486,0.101,3
0.961,0.487,2
0.407,0.621,0
0.985,0.509,2
0.09,0.807,0
0.269,0.507,0
0.484,0.078,3
0.425,0.766,0
0.531,0.014,3
1.043,0.639,4
0.377,0.768,0
0.332,0.424,0
0.456,0.726,0
0.442,0.766,0
0.459,0.033,3
0.233,0.478,0
0.438,0.062,3
0.454,0.712,0
0.369,0.817,0
0.406,0.708,0
0.432,0.735,0
0.428,0.108,3
0.483,0.088,3
0.043,0.754,0
0.466,0.065,3
0.052,0.762,0
0.495,0.73,0
0.031,0.718,0
1.02,0.599,4
0.236,0.487,0
0.459,0.026,3
0.302,0.491,0
0.062,0.729,0
0.044,0.746,0
0.437,0.751,0
0.285,0.442,0
0.086,0.84,0
0.346,0.742,0
0.341,0.499,0
0.258,0.487,0
0.443,0.751,0
0.503,0.015,3
0.485,0.073,3
0.298,0.532,0
0.08,0.804,0
0.26,0.539,0
0.566,0.15,3
0.01,0.785,0
0.28,0.518,0
0.32,0.44,0
0.34,0.523,0
0.479,0.775,0
0.397,0.741,0
0.333,0.498,0
1.048,0.492,2
1.002,0.512,2
0.264,0.514,0
0.965,0.55,1
0.439,0.668,0
0.511,0.094,3
0.395,0.67,0
0.398,0.777,0
0.033,0.738,0
0.041,0.831,0
0.396,0.789,0
0.464,0.696,0
0.25,0.623,0
0.94,0.609,4
0.296,0.473,0
0.482,0.752,0
0.501,0.007,3
0.542,0.025,3
0.014,0.802,0
0.361,0.733,0
0.105,0.772,0
0.451,0.683,0
0.505,0.051,3
0.041,0.773,0
0.065,0.789,0
0.497,0.06,3
0.195,0.481,0
0.982,0.562,4
0.483,0.712,0
0.497,0.044,3
0.488,0.059,3
0.196,0.548,0
0.268,0.563,0
1.011,0.514,2
0.06,0.681,0
0.094,0.796,0
0.256,0.441,0
0.071,0.77,0
0.505,0.064,3
1.025,0.545,4
0.053,0.78,0
0.214,0.479,0
1.015,0.561,4
0.537,0.043,3
0.998,0.547,4
0.453,0.034,3
0.09,0.766,0
0.341,0.526,0
0.126,0.748,0
0.989,0.437,2
0.418,0.763,0
0.286,0.522,0
0.459,0.087,3
1.027,0.478,2
0.458,0.086,3
0.262,0.523,0
0.434,0.706,0
0.058,0.738,0
1.008,0.561,4
0.41,0.684,0
0.963,0.527,1
0.508,0.713,0
0.467,0.678,0
0.467,0.726,0
0.388,0.696,0
0.48,0.094,3
0.415,0.721,0
1.006,0.515,2
0.184,0.519,0
0.029,0.83,0
0.45,0.682,0
0.091,0.733,0
0.998,0.526,2
0.449,0.803,0
0.23,0.515,0
0.222,0.546,0
0.484,0.7,0
0.089,0.781,0
0.285,0.531,0
0.432,0.694,0
0.43,0.702,0
0.219,0.575,0
0.424,0.713,0
0.068,0.763,0
0.436,0.692,0
0.44,0.124,3
0.386,0.662,0
0.271,0.515,0
0.338,0.44,0
1.024,0.47,2
0.959,0.564,1
0.527,0.045,3
0.449,0.778,0
0.266,0.453,0
0.064,0.761,0
1.01,0.605,4
0.432,0.762,0
0.078,0.738,0
0.568,0.068,3
0.065,0.725,0
0.248,0.403,0
0.247,0.535,0
0.48,0.066,3
0.966,0.52,1
0.022,0.728,0
0.501,0.12,3
0.939,0.567,1
0.45,0.112,3
0.416,0.714,0
1.044,0.439,2
0.317,0.477,0
0.309,0.485,0
0.113,0.822,0
0.51,0.03,3
0.54,0.022,3
0.045,0.746,0
0.041,0.769,0
0.241,0.522,0
0.526,0.104,3
0.488,0.651,0
0.572,0.077,3
0.532,0.033,3
0.115,0.807,0
0.281,0.468,0
0.497,0.726,0
0.328,0.519,0
0.442,0.722,0
0.494,0.087,3
0.427,0.756,0
0.435,0.749,0
0.509,0.134,3
0.066,0.786,0
0.302,0.474,0
0.972,0.561,4
0.94,0.598,4
0.137,0.827,0
0.218,0.466,0
0.125,0.817,0
0.513,0.154,3
0.866,0.69,1
0.224,0.466,0
0.029,0.822,0
0.907,0.593,1
0.548,0.045,3
0.978,0.536,2
0.553,0.109,3
0.443,0.058,3
0.504,0.659,0
0.079,0.84,0
0.439,0.691,0
1.048,0.491,2
0.02,0.746,0
0.107,0.856,0
0.513,0.065,3
0.48,0.012,3
0.984,0.57,4
0.101,0.808,0
0.432,0.718,0
0.146,0.781,0
0.512,0.092,3
0.104,0.763,0
0.516,0.05,3
0.453,0.043,3
0.264,0.5,0
0.088,0.765,0
0.545,0.033,3
0.997,0.578,4
0.136,0.787,0
0.223,0.548,0
0.448,0.756,0
0.45,0.094,3
0.983,0.475,2
0.099,0.754,0
0.514,0.68,0
0.527,0.122,3
0.984,0.448,2
0.921,0.537,1
0.998,0.592,4
0.266,0.513,0
0.083,0.825,0
0.467,0.664,0
0.423,0.03,3
0.095,0.745,0
0.575,0.043,3
0.116,0.761,0
0.424,0.672,0
0.945,0.477,1
0.103,0.788,0
0.477,0.757,0
0.084,0.792,0
0.918,0.57,1
0.429,0.715,0
0.981,0.513,2
0.116,0.796,0
0.086,0.8,0
0.537,0.068,3
0.531,0.116,3
0.304,0.516,0
0.328,0.461,0
0.285,0.473,0
0.327,0.45,0
0.061,0.729,0
0.441,0.057,3
0.529,0.028,3
0.004,0.793,0
0.1,0.777,0
0.229,0.453,0
0.489,0.064,3
1.008,0.491,2
0.24,0.521,0
0.504,0.093,3
0.983,0.605,4
0.498,0.77,0
1.04,0.545,4
0.081,0.798,0
0.047,0.727,0
0.486,0.657,0
0.488,0.731,0
0.265,0.451,0
1.052,0.56,4
0.084,0.757,0
0.427,0.684,0
0.43,0.674,0
0.235,0.518,0
0.526,0.026,3
0.421,0.751,0
0.465,0.066,3
0.115,0.85,0
0.316,0.5,0
0.414,0.725,0
0.238,0.514,0
0.989,0.538,2
0.12,0.807,0
0.197,0.582,0
0.935,0.576,1
1.08,0.495,2
0.453,0.094,3
0.457,0.734,0
1.041,0.546,4
0.444,0.763,0
0.091,0.76,0
0.545,0.095,3
0.495,0.733,0
0.364,0.783,0
0.1,0.817,0
0.412,0.718,0
0.377,0.722,0
0.957,0.491,2
0.213,0.503,0
0.956,0.562,1
0.096,0.772,0
0.018,0.788,0
0.285,0.532,0
0.228,0.525,0
0.512,0.099,3
0.606,0.026,3
0.506,0.096,3
0.098,0.767,0
1.004,0.519,2
0.278,0.538,0
0.165,0.444,0
0.515,0.089,3
0.037,0.748,0
0.404,0.656,0
0.085,0.816,0
0.51,0.004,3
0.495,0.124,3
0.289,0.475,0
0.381,0.766,0
0.243,0.497,0
0.408,0.754,0
0.115,0.812,0
0.237,0.471,0
0.087,0.832,0
0.283,0.474,0
1.028,0.614,4
0.114,0.791,0
0.905,0.543,1
0.32,0.485,0
0.304,0.539,0
0.014,0.738,0
0.456,0.042,3
0.079,0.781,0
0.966,0.533,1
0.251,0.513,0
0.904,0.564,1
0.422,0.722,0
0.441,0.11,3
0.092,0.738,0
0.122,0.863,0
0.53,0.781,0
0.069,0.796,0
0.44,0.684,0
0.094,0.809,0
0.444,0.089,3
0.565,0.185,3
0.249,0.464,0
0.454,0.052,3
0.371,0.75,0
0.001,0.871,0
0.531,0.007,3
0.505,0.096,3
0.076,0.765,0
0.978,0.539,4
0.105,0.691,0
0.928,0.536,1
0.411,0.704,0
0.487,0.057,3
0.433,0.708,0
0.047,0.767,0
0.457,0.698,0
0.417,0.679,0
0.929,0.543,1
0.427,0.752,0
0.113,0.733,0
0.471,0.702,0
0.951,0.49,1
0.183,0.801,0
1.032,0.454,2
0.089,0.823,0
1.017,0.493,2
0.533,0.046,3
0.958,0.518,1
0.972,0.475,2
0.437,0.701,0
0.986,0.476,2
0.404,0.747,0
0.057,0.824,0
0.503,0.055,3
1.003,0.49,2
0.036,0.747,0
1.007,0.512,2
0.037,0.751,0
0.238,0.471,0
0.975,0.569,4
0.494,0.044,3
0.4,0.781,0
0.974,0.598,4
0.496,0.036,3
0.342,0.52,0
0.945,0.579,1
0.392,0.757,0
0.467,0.66,0
0.35,0.527,0
0.562,0.061,3
1.016,0.552,4
0.257,0.559,0
0.438,0.11,3
0.499,0.037,3
0.095,0.824,0
0.092,0.746,0
0.309,0.491,0
0.221,0.512,0
0.482,0.129,3
0.433,0.123,3
0.976,0.617,4
0.433,0.708,0
0.249,0.471,0
0.46,0.759,0
0.47,0.699,0
0.451,0.742,0
0.013,0.775,0
0.36,0.722,0
0.435,0.758,0
0.108,0.829,0
0.521,0.113,3
0.06,0.739,0
0.548,0.037,3
0.472,0.087,3
0.962,0.506,2
1.058,0.574,4
0.961,0.526,1
0.98,0.531,2
0.219,0.443,0
0.453,0.729,0
0.106,0.779,0
0.021,0.788,0
0.414,0.739,0
0.217,0.475,0
0.092,0.666,0
0.471,0.733,0
0.978,0.549,4
0.436,0.735,0
0.483,0.689,0
0.924,0.551,1
0.398,0.68,0
0.466,0.048,3
1.008,0.47,2
0.476,0.696,0
0.477,0.73,0
0.363,0.731,0
0.28,0.546,0
0.439,0.137,3
0.962,0.562,4
0.526,0.065,3
0.118,0.743,0
0.409,0.756,0
0.242,0.506,0
0.394,0.751,0
0.087,0.696,0
0.448,0.707,0
0.54,0.161,3
0.975,0.533,2
0.956,0.598,4
0.5,0.733,0
0.564,0.101,3
0.268,0.428,0
0.524,0.103,3
0.448,0.02,3
0.995,0.536,2
0.46,0.77,0
0.209,0.461,0
0.309,0.537,0
0.434,0.75,0
0.499,0.011,3
0.996,0.51,2
0.469,0.707,0
0.404,0.762,0
0.983,0.564,4
0.563,0.106,3
0.271,0.523,0
0.884,0.499,1
0.528,0.103,3
0.109,0.774,0
0.522,0.018,3
0.996,0.48,2
0.037,0.815,0
0.464,0.703,0
0.433,0.734,0
0.494,0.094,3
0.403,0.709,0
0.276,0.496,0
0.423,0.017,3
0.092,0.784,0
0.04,0.734,0
0.041,0.755,0
0.295,0.558,0
0.029,0.768,0
0.959,0.569,4
0.524,0.034,3
1.01,0.545,4
0.978,0.559,4
0.382,0.729,0
0.318,0.549,0
0.951,0.468,2
0.409,0.78,0
0.31,0.524,0
0.532,0.03,3
0.291,0.496,0
0.96,0.532,1
0.438,0.131,3
0.511,0.087,3
0.041,0.74,0
0.289,0.589,0
0.991,0.523,2
0.97,0.553,4
0.99,0.509,2
0.99,0.517,2
0.003,0.794,0
0.07,0.74,0
0.14,0.719,0
0.15,0.782,0
0.956,0.533,1
0.073,0.72,0
0.28,0.5,0
0.503,0.081,3
0.322,0.497,0
0.455,0.754,0
0.472,0.094,3
0.588,0.108,3
0.992,0.511,2
0.106,0.69,0
0.458,0.066,3
0.539,0.048,3
0.431,0.751,0
0.208,0.517,0
0.456,0.697,0
0.94,0.605,4
0.509,0.023,3
0.993,0.534,2
0.41,0.661,0
0.399,0.755,0
0.974,0.46,2
0.284,0.491,0
0.95,0.488,1
0.186,0.523,0
0.249,0.576,0
0.893,0.518,1
0.533,0.078,3
0.968,0.585,4
0.216,0.466,0
0.123,0.777,0
0.061,0.756,0
0.467,0.745,0
0.895,0.462,1
0.465,0.784,0
0.447,0.742,0
0.457,0.665,0
0.043,0.761,0
0.465,0.064,3
0.449,0.039,3
0.114,0.817,0
0.282,0.574,0
0.938,0.506,1
0.297,0.51,0
0.098,0.67,0
0.478,0.708,0
0.491,0.665,0
0.387,0.715,0
0.216,0.482,0
0.092,0.74,0
0.057,0.782,0
0.133,0.847,0
0.537,0.031,3
0.385,0.776,0
0.47,0.071,3
0.564,0.043,3
0.28,0.555,0
0.491,0.049,3
0.382,0.72,0
0.997,0.558,4
0.039,0.696,0
0.198,0.488,0
0.462,0.009,3
0.244,0.497,0
0.274,0.477,0
0.292,0.502,0
0.032,0.7,0
0.566,0.018,3
0.206,0.503,0
0.989,0.546,4
0.287,0.498,0
0.472,0.732,0
0.282,0.52,0
0.949,0.555,1
0.419,0.712,0
0.102,0.75,0
0.391,0.707,0
0.536,0.011,3
0.527,0.052,3
0.389,0.769,0
0.101,0.748,0
0.506,0.835,0
0.437,0.692,0
0.397,0.724,0
0.264,0.491,0
0.032,0.734,0
0.418,0.685,0
0.238,0.41,0
0.296,0.542,0
0.479,0.675,0
0.098,0.668,0
0.293,0.603,0
0.979,0.514,2
0.363,0.756,0
0.965,0.489,2
0.504,0.072,3
0.122,0.788,0
0.077,0.78,0
0.259,0.494,0
0.298,0.554,0
0.224,0.536,0
0.112,0.76,0
0.108,0.733,0
0.062,0.831,0
0.449,0.03,3
0.114,0.763,0
0.942,0.57,1
0.079,0.75,0
0.508,0.72,0
0.518,0.123,3
0.458,0.064,3
0.075,0.828,0
0.999,0.529,2
1.015,0.514,2
0.411,0.101,3
0.943,0.534,1
0.966,0.552,1
0.515,0.015,3
0.458,0.732,0
0.546,0.037,3
0.192,0.525,0
0.475,0.093,3
0.515,0.014,3
0.937,0.519,1
0.598,0.138,3
0.066,0.747,0
0.209,0.521,0
0.256,0.537,0
0.193,0.473,0
0.449,0.704,0
0.261,0.45,0
0.965,0.473,2
0.512,0.114,3
0.981,0.623,4
0.265,0.493,0
0.564,0.111,3
0.069,0.736,0
0.268,0.483,0
0.38,0.668,0
0.211,0.506,0
0.03,0.769,0
0.278,0.477,0
1.004,0.627,4
0.048,0.842,0
0.971,0.546,1
0.433,0.64,0
0.576,0.088,3
0.146,0.71,0
1.062,0.516,2
0.151,0.8,0
0.578,0.095,3
0.469,0.715,0
0.263,0.517,0
0.942,0.509,1
0.237,0.441,0
0.484,0.653,0
0.499,0.067,3
0.06,0.695,0
0.44,0.008,3
1.05,0.542,2
0.94,0.59,1
0.09,0.836,0
1.019,0.573,4
0.557,0.011,3
0.406,0.736,0
0.277,0.538,0
0.042,0.806,0
1.005,0.53,2
0.06,0.787,0
0.465,0.104,3
0.254,0.468,0
1.029,0.527,2
0.458,0.718,0
0.442,0.631,0
0.24,0.496,0
0.432,0.701,0
0.014,0.755,0
1.018,0.539,2
0.397,0.744,0
0.435,0.06,3
0.254,0.584,0
0.903,0.517,1
0.091,0.753,0
0.412,0.755,0
0.978,0.537,2
0.298,0.512,0
0.08,0.819,0
0.526,0.101,3
0.257,0.47,0
0.371,0.739,0
0.361,0.776,0
0.511,0.677,0
0.141,0.82,0
0.087,0.797,0
0.504,0.107,3
0.228,0.457,0
0.283,0.469,0
0.477,0.015,3
0.457,0.722,0
1.007,0.595,4
0.47,0.101,3
0.475,0.677,0
0.431,0.694,0
0.095,0.728,0
0.41,0.763,0
0.525,0.078,3
0.481,0.701,0
0.433,0.723,0
0.315,0.591,0
0.477,0.102,3
0.461,0.023,3
0.085,0.832,0
0.318,0.436,0
0.922,0.559,1
0.985,0.452,2
0.542,0.074,3
0.511,0.006,3
0.987,0.543,4
0.415,0.74,0
0.957,0.552,1
0.506,0.733,0
0.392,0.736,0
0.266,0.465,0
0.338,0.462,0
0.371,0.733,0
0.055,0.723,0
0.106,0.749,0
0.425,0.746,0
0.974,0.582,4
0.058,0.818,0
0.482,0.131,3
0.248,0.505,0
0.076,0.81,0
0.912,0.487,1
0.065,0.822,0
0.487,0.805,0
0.425,0.766,0
0.881,0.511,1
0.13,0.819,0
0.371,0.499,0
1.042,0.508,2
0.577,0.094,3
1.062,0.583,4
0.443,0.745,0
0.292,0.469,0
0.229,0.501,0
1.009,0.569,4
0.506,0.118,3
0.46,0.723,0
0.547,0.105,3
0.076,0.723,0
0.458,0.687,0
0.29,0.431,0
0.32,0.554,0
0.483,0.035,3
0.451,0.029,3
0.439,0.023,3
0.169,0.799,0
0.141,0.806,0
0.155,0.789,0
0.547,0.085,3
0.413,0.779,0
0.938,0.548,1
0.121,0.751,0
0.966,0.518,1
0.073,0.798,0
0.056,0.795,0
0.308,0.509,0
0.045,0.754,0
0.269,0.499,0
0.403,0.733,0
0.505,0.099,3
0.082,0.814,0
0.368,0.774,0
0.072,0.771,0
0.935,0.525,1
0.214,0.448,0
0.977,0.512,2
0.923,0.51,1
0.316,0.696,0
0.455,0.744,0
0.506,0.005,3
0.27,0.48,0
0.48,0.128,3
0.313,0.476,0
0.29,0.56,0
0.409,0.722,0
0.253,0.459,0
0.295,0.55,0
0.536,0.08,3
0.077,0.689,0
0.988,0.511,2
0.476,0.732,0
0.456,0.724,0
0.549,0.732,0
0.02,0.731,0
0.983,0.599,4
0.243,0.5,0
0.065,0.797,0
0.982,0.573,4
0.986,0.584,4
0.483,0.093,3
0.11,0.804,0
0.047,0.761,0
0.29,0.485,0
0.349,0.516,0
0.24,0.484,0
0.879,0.576,1
0.425,0.066,3
0.49,0.071,3
0.979,0.471,2
0.427,0.784,0
0.454,0.707,0
0.067,0.836,0
0.456,0.699,0
0.493,0.765,0
0.481,0.71,0
0.428,0.741,0
0.269,0.44,0
0.913,0.534,1
0.509,0.029,3
0.244,0.434,0
0.997,0.555,4
0.427,0.725,0
0.969,0.539,1
0.011,0.724,0
0.079,0.793,0
0.492,0.118,3
0.475,0.753,0
0.348,0.578,0
0.441,0.741,0
0.507,0.104,3
0.298,0.554,0
0.978,0.526,2
0.252,0.509,0
0.997,0.546,4
0.128,0.762,0
0.516,0.126,3
0.98,0.539,4
0.504,0.021,3
0.392,0.747,0
0.439,0.72,0
0.292,0.488,0
0.084,0.819,0
0.518,0.068,3
0.897,0.513,1
0.468,0.015,3
0.325,0.557,0
0.421,0.789,0
0.883,0.539,1
0.272,0.479,0
0.239,0.516,0
0.06,0.732,0
0.999,0.501,2
0.281,0.519,0
0.468,0.75,0
0.131,0.788,0
0.935,0.452,1
0.45,0.718,0
0.955,0.58,4
0.55,0.103,3
0.941,0.578,1
0.984,0.541,4
0.039,0.831,0
0.308,0.431,0
0.014,0.81,0
0.9,0.536,1
1.005,0.452,2
0.478,0.003,3
0.111,0.82,0
0.5,0.073,3
0.503,0.058,3
1.001,0.553,4
0.466,0.754,0
0.983,0.522,2
1.007,0.508,2
0.036,0.819,0
0.01,0.79,0
0.436,0.744,0
1.003,0.529,2
0.392,0.705,0
0.453,0.045,3
0.41,0.089,3
0.54,0.107,3
0.996,0.478,2
0.425,0.755,0
0.942,0.471,1
0.277,0.547,0
0.505,0.033,3
0.045,0.773,0
0.498,0.081,3
0.498,0.041,3
0.093,0.805,0
0.182,0.487,0
0.505,0.11,3
0.971,0.547,1
0.116,0.737,0
0.413,0.729,0
0.467,0.054,3
0.528,0.022,3
0.521,0.099,3
0.984,0.592,4
1.025,0.551,4
0.458,0.788,0
1.046,0.544,4
0.269,0.522,0
0.52,0.057,3
0.237,0.497,0
0.428,0.728,0
1.027,0.495,2
0.504,0.005,3
0.444,0.141,3
0.363,0.787,0
1.004,0.557,4
0.515,0.057,3
0.114,0.832,0
0.434,0.088,3
0.443,0.671,0
0.465,0.098,3
0.247,0.574,0
0.024,0.699,0
0.391,0.804,0
0.479,0.099,3
1.049,0.539,2
0.254,0.468,0
0.41,0.789,0
0.504,0.714,0
0.525,0.093,3
0.129,0.745,0
0.294,0.584,0
0.538,0.003,3
0.434,0.712,0
0.451,0.694,0
1.042,0.565,4
0.039,0.763,0
0.49,0.087,3
0.924,0.526,1
0.899,0.477,1
0.089,0.767,0
0.465,0.065,3
0.266,0.469,0
0.507,0.794,0
0.403,0.698,0
0.58,0.085,3
0.269,0.561,0
0.412,0.71,0
0.435,0.739,0
0.526,0.093,3
0.027,0.777,0
0.928,0.592,1
0.108,0.815,0
0.312,0.495,0
0.481,0.735,0
0.99,0.473,2
0.074,0.796,0
0.069,0.797,0
0.454,0.772,0
0.954,0.528,1
0.528,0.1,3
0.426,0.075,3
0.505,0.659,0
0.455,0.061,3
0.548,0.061,3
0.092,0.759,0
0.234,0.581,0
0.954,0.545,1
0.105,0.829,0
0.967,0.548,1
0.214,0.473,0
0.943,0.492,1
0.107,0.774,0
0.496,0.166,3
0.104,0.828,0
0.978,0.552,4
0.036,0.767,0
0.116,0.717,0
0.949,0.588,4
0.489,0.755,0
0.395,0.754,0
0.481,0.752,0
0.38,0.681,0
0.512,0.083,3
0.984,0.523,2
0.201,0.471,0
0.978,0.523,2
0.051,0.774,0
0.952,0.464,2
0.435,0.722,0
0.26,0.507,0
0.01,0.72,0
0.306,0.525,0
0.02,0.748,0
0.496,0.641,0
0.505,0.082,3
0.194,0.551,0
0.469,0.738,0
0.006,0.765,0
0.22,0.511,0
0.242,0.486,0
0.47,0.175,3
0.491,0.091,3
0.467,0.699,0
0.474,0.748,0
0.388,0.057,3
0.261,0.517,0
0.276,0.537,0
0.449,0.724,0
0.255,0.442,0
0.964,0.453,2
0.456,0.8,0
0.106,0.819,0
0.38,0.776,0
0.099,0.818,0
0.944,0.496,1
0.423,0.718,0
0.483,0.034,3
0.13,0.745,0
0.414,0.71,0
0.503,0.056,3
0.059,0.698,0
0.514,0.049,3
0.239,0.514,0
0.081,0.84,0
0.514,0.047,3
0.013,0.778,0
0.449,0.087,3
0.89,0.559,1
0.475,0.718,0
0.504,0.139,3
0.298,0.496,0
0.523,0.021,3
0.585,0.02,3
0.258,0.47,0
0.962,0.515,1
0.29,0.473,0
0.539,0.105,3
0.126,0.787,0
0.493,0.072,3
1.051,0.583,4
0.079,0.742,0
0.964,0.558,4
0.084,0.831,0
0.048,0.816,0
0.904,0.497,1
0.428,0.75,0
0.534,0.022,3
0.959,0.533,1
0.957,0.547,1
0.19,0.52,0
0.342,0.409,0
0.102,0.843,0
0.424,0.737,0
0.948,0.529,1
0.317,0.522,0
0.944,0.568,1
0.41,0.703,0
0.447,0.112,3
0.534,0.019,3
0.031,0.84,0
0.959,0.504,1
0.933,0.561,1
0.04,0.764,0
0.076,0.825,0
0.264,0.524,0
0.264,0.479,0
0.501,0.082,3
0.016,0.737,0
0.074,0.749,0
0.48,0.705,0
0.092,0.805,0
0.463,0.06,3
0.995,0.509,2
0.061,0.724,0
0.303,0.419,0
0.413,0.688,0
0.972,0.53,1
0.268,0.47,0
0.901,0.555,1
0.968,0.514,2
0.505,0.094,3
0.95,0.606,4
0.492,0.834,0
0.095,0.766,0
0.407,0.075,3
0.432,0.76,0
0.524,0.01,3
0.099,0.816,0
0.288,0.508,0
0.983,0.525,2
0.318,0.455,0
0.408,0.789,0
0.527,0.118,3
0.287,0.529,0
0.539,0.153,3
0.493,0.083,3
0.307,0.482,0
0.263,0.444,0
0.461,0.114,3
0.501,0.021,3
0.455,0.706,0
0.457,0.745,0
0.413,0.694,0
0.331,0.504,0
0.434,0.735,0
0.334,0.769,0
0.206,0.538,0
0.285,0.553,0
0.278,0.513,0
0.351,0.474,0
0.991,0.508,2
0.162,0.427,0
0.939,0.541,1
0.487,0.821,0
0.186,0.495,0
0.495,0.081,3
0.072,0.697,0
0.107,0.818,0
0.472,0.029,3
0.114,0.725,0
0.375,0.679,0
0.404,0.711,0
0.437,0.046,3
0.938,0.547,1
0.054,0.778,0
0.882,0.571,1
0.219,0.501,0
0.259,0.457,0
0.403,0.692,0
1.06,0.565,4
0.459,0.695,0
0.452,0.758,0
0.978,0.548,4
0.942,0.565,1
0.063,0.797,0
0.462,0.104,3
0.468,0.748,0
0.504,0.098,3
1.058,0.587,4
0.264,0.552,0
0.148,0.813,0
1.017,0.531,2
0.203,0.511,0
0.286,0.461,0
0.301,0.513,0
1.023,0.557,4
0.053,0.824,0
0.295,0.602,0
1.053,0.514,2
0.492,0.099,3
0.452,0.048,3
0.087,0.831,0
0.114,0.716,0
0.397,0.654,0
0.957,0.609,4
0.084,0.747,0
0.978,0.567,4
0.465,0.039,3
0.471,0.073,3
0.052,0.736,0
0.485,0.077,3
0.926,0.502,1
0.26,0.466,0
0.515,0.031,3
0.488,0.118,3
0.384,0.746,0
0.397,0.736,0
0.079,0.805,0
0.501,0.734,0
0.969,0.548,1
0.528,0.12,3
0.03,0.781,0
0.177,0.578,0
0.102,0.774,0
0.924,0.549,1
0.433,0.718,0
0.463,0.043,3
0.117,0.753,0
0.072,0.805,0
0.46,0.097,3
0.05,0.702,0
0.492,0.116,3
0.953,0.542,1
0.313,0.455,0
0.541,0.081,3
0.455,0.752,0
0.063,0.808,0
0.279,0.457,0
0.524,0.042,3
0.276,0.421,0
0.112,0.801,0
0.123,0.738,0
0.485,0.034,3
0.06,0.741,0
0.547,0.005,3
0.559,0.147,3
0.964,0.527,1
0.944,0.558,1
0.967,0.436,2
0.024,0.712,0
0.492,0.108,3
0.413,0.686,0
0.252,0.489,0
0.465,0.7,0
0.138,0.778,0
0.999,0.537,2
0.943,0.533,1
0.249,0.458,0
0.408,0.753,0
0.431,0.684,0
0.05,0.781,0
0.287,0.519,0
0.984,0.498,2
0.231,0.435,0
0.445,0.68,0
0.255,0.535,0
0.459,0.733,0
0.367,0.728,0
0.484,0.74,0
0.268,0.477,0
0.505,0.685,0
0.1,0.775,0
0.25,0.523,0
0.105,0.761,0
0.31,0.482,0
0.423,0.706,0
0.072,0.795,0
0.402,0.749,0
1.043,0.557,4
0.442,0.028,3
0.059,0.763,0
0.404,0.792,0
0.072,0.754,0
0.418,0.672,0
0.592,0.048,3
0.395,0.771,0
0.921,0.544,1
0.227,0.462,0
0.241,0.531,0
0.326,0.502,0
0.203,0.537,0
0.476,0.017,3
0.326,0.697,0
0.476,0.749,0
0.335,0.695,0
0.939,0.509,1
0.489,0.726,0
0.281,0.512,0
0.486,0.055,3
0.26,0.528,0
0.373,0.742,0
0.436,0.656,0
1.001,0.513,2
0.528,0.711,0
0.107,0.775,0
0.57,0.079,3
0.109,0.778,0
0.417,0.698,0
0.295,0.462,0
0.448,0.79,0
0.443,0.623,0
0.42,0.739,0
0.36,0.672,0
0.966,0.501,2
0.117,0.748,0
0.899,0.445,1
0.932,0.517,1
0.316,0.453,0
0.308,0.457,0
0.428,0.088,3
0.254,0.481,0
0.494,0.096,3
0.946,0.537,1
0.434,0.113,3
1,0.567,4
0.516,0.128,3
0.431,0.707,0
0.434,0.783,0
0.53,0.135,3
1.004,0.461,2
0.276,0.466,0
0.371,0.694,0
1.007,0.619,4
0.961,0.579,4
0.044,0.772,0
0.484,0.801,0
0.949,0.535,1
0.514,0.103,3
0.488,0.054,3
0.383,0.722,0
0.989,0.56,4
0.491,0.038,3
1.014,0.518,2
0.074,0.796,0
0.428,0.745,0
0.268,0.409,0
0.417,0.718,0
0.1,0.781,0
0.288,0.543,0
0.474,0.754,0
0.475,0.1,3
0.488,0.07,3
0.984,0.548,4
0.503,0.148,3
0.261,0.546,0
0.225,0.492,0
0.993,0.614,4
0.326,0.455,0
0.413,0.707,0
0.109,0.782,0
0.079,0.744,0
0.459,0.752,0
0.232,0.509,0
0.083,0.829,0
0.99,0.524,2
0.447,0.711,0
0.456,0.146,3
1.012,0.576,4
0.112,0.754,0
0.236,0.44,0
0.412,0.703,0
0.118,0.784,0
0.267,0.439,0
0.251,0.45,0
0.087,0.768,0
0.271,0.46,0
0.101,0.836,0
0.278,0.517,0
1.035,0.557,4
0.1,0.724,0
0.495,0.019,3
1.019,0.497,2
0.281,0.479,0
0.963,0.483,2
0.039,0.796,0
0.132,0.719,0
0.198,0.491,0
1.012,0.589,4
0.101,0.845,0
0.262,0.501,0
0.214,0.548,0
0.234,0.521,0
0.51,0.107,3
0.059,0.83,0
0.073,0.824,0
0.988,0.588,4
0.534,0.102,3
0.963,0.595,4
0.446,0.706,0
0.442,0.772,0
0.036,0.787,0
0.268,0.504,0
0.139,0.761,0
0.506,0.064,3
0.969,0.528,1
0.446,0.701,0
0.523,0.125,3
0.133,0.745,0
0.024,0.73,0
0.314,0.481,0
0.98,0.523,2
0.527,0.186,3
0.432,0.743,0
1.018,0.469,2
0.525,0.109,3
0.444,0.71,0
0.391,0.726,0
0.989,0.57,4
0.447,0.754,0
0.253,0.456,0
0.991,0.588,4
0.447,0.735,0
0.973,0.566,4
0.96,0.586,4
0.934,0.522,1
1.015,0.539,2
0.962,0.586,4
0.572,0.07,3
0.436,0.729,0
0.287,0.571,0
0.176,0.497,0
0.066,0.778,0
0.318,0.546,0
0.489,0.063,3
0.421,0.778,0
0.484,0.688,0
0.493,0.717,0
0.275,0.546,0
0.977,0.515,2
0.536,0.063,3
0.217,0.495,0
0.48,0.036,3
0.518,0.132,3
0.537,0.026,3
0.31,0.519,0
0.019,0.796,0
0.521,0.075,3
0.518,0.125,3
0.51,0.053,3
0.068,0.727,0
0.448,0.759,0
0.081,0.781,0
0.312,0.535,0
0.461,0.7,0
0.511,0.703,0
0.907,0.506,1
0.097,0.805,0
0.491,0.714,0
0.036,0.689,0
0.32,0.504,0
0.466,0.092,3
0.564,0.114,3
0.081,0.741,0
0.256,0.538,0
0.261,0.479,0
0.25,0.458,0
0.403,0.707,0
0.93,0.51,1
0.46,0.709,0
0.429,0.758,0
0.211,0.496,0
0.978,0.486,2
0.55,0.084,3
0.064,0.842,0
0.492,0.053,3
0.021,0.81,0
0.425,0.764,0
0.425,0.054,3
0.448,0.742,0
0.047,0.79,0
0.497,0.127,3
0.46,0.668,0
0.993,0.559,4
0.112,0.761,0
0.593,0.023,3
0.91,0.503,1
0.133,0.771,0
0.993,0.565,4
0.995,0.591,4
0.492,0.138,3
0.244,0.521,0
0.942,0.521,1
0.084,0.776,0
0.493,0.139,3
0.122,0.679,0
0.082,0.795,0
0.41,0.687,0
0.27,0.497,0
0.289,0.563,0
0.933,0.564,1
0.594,0.07,3
0.97,0.546,1
0.309,0.507,0
0.223,0.436,0
0.262,0.468,0
0.433,0.692,0
0.495,0.701,0
0.444,0.668,0
0.493,0.121,3
0.091,0.722,0
0.117,0.788,0
0.245,0.56,0
0.451,0.637,0
0.215,0.507,0
0.397,0.747,0
0.487,0.081,3
0.405,0.748,0
0.051,0.767,0
0.301,0.529,0
0.434,0.646,0
0.216,0.513,0
0.363,0.781,0
0.944,0.549,1
0.109,0.714,0
1.005,0.478,2
0.486,0.736,0
0.482,0.75,0
0.321,0.527,0
0.262,0.479,0
0.161,0.751,0
0.018,0.783,0
0.439,0.088,3
0.439,0.689,0
0.274,0.506,0
0.466,0.715,0
0.432,0.094,3
0.279,0.514,0
0.252,0.494,0
0.474,0.813,0
0.604,0.075,3
0.485,0.693,0
0.401,0.739,0
0.971,0.558,4
0.281,0.474,0
0.238,0.491,0
0.064,0.776,0
0.04,0.795,0
0.469,0.103,3
0.066,0.755,0
0.492,0.086,3
0.053,0.782,0
0.522,0.724,0
0.457,0.062,3
0.497,0.043,3
1.005,0.597,4
0.933,0.562,1
0.291,0.481,0
0.989,0.538,2
0.407,0.724,0
0.387,0.725,0
0.235,0.513,0
0.128,0.871,0
0.26,0.559,0
0.228,0.47,0
0.986,0.605,4
0.111,0.844,0
1.044,0.521,2
0.436,0.671,0
0.402,0.114,3
0.439,0.666,0
0.921,0.468,1
0.949,0.562,1
0.951,0.519,1
0.432,0.731,0
0.245,0.44,0
0.406,0.81,0
1.046,0.443,2
0.372,0.534,0
0.973,0.537,1
0.061,0.77,0
0.295,0.544,0
0.54,0.057,3
0.473,0.729,0
0.097,0.741,0
0.346,0.51,0
0.294,0.554,0
0.267,0.475,0
0.46,0.041,3
0.559,0.052,3
0.061,0.779,0
0.478,0.02,3
0.154,0.771,0
0.408,0.744,0
0.366,0.776,0
0.491,0.725,0
0.407,0.724,0
0.944,0.491,1
0.266,0.538,0
0.499,0.813,0
0.426,0.713,0
0.233,0.51,0
0.285,0.545,0
0.414,0.731,0
1.057,0.527,2
0.526,0.077,3
0.548,0.066,3
0.346,0.764,0
0.54,0.116,3
0.46,0.043,3
0.267,0.527,0
0.502,0.075,3
0.507,0.035,3
0.508,0.098,3
0.074,0.767,0
0.519,0.015,3
0.002,0.788,0
0.497,0.049,3
0.94,0.453,2
0.241,0.497,0
0.946,0.591,4
1.028,0.517,2
0.494,0.763,0
0.047,0.745,0
0.257,0.491,0
0.948,0.553,1
0.238,0.525,0
0.012,0.787,0
0.441,0.771,0
0.069,0.786,0
0.162,0.44,0
0.079,0.806,0
0.018,0.807,0
0.975,0.56,4
0.096,0.777,0
0.431,0.684,0
1.03,0.568,4
0.535,0.737,0
0.947,0.509,1
0.928,0.584,1
0.06,0.807,0
0.456,0.779,0
0.418,0.081,3
0.999,0.577,4
0.471,0.043,3
0.268,0.512,0
0.074,0.809,0
0.256,0.494,0
1.006,0.49,2
0.367,0.503,0
1.049,0.506,2
0.061,0.856,0
0.021,0.805,0
0.269,0.487,0
0.476,0.076,3
0.138,0.743,0
0.946,0.452,2
0.247,0.517,0
0.055,0.859,0
0.291,0.432,0
0.041,0.705,0
0.104,0.804,0
0.987,0.551,4
0.995,0.522,2
0.982,0.538,2
0.068,0.806,0
0.436,0.731,0
0.957,0.597,4
0.892,0.572,1
0.388,0.77,0
0.062,0.782,0
0.124,0.809,0
0.438,0.685,0
0.199,0.463,0
0.47,0.152,3
0.351,0.486,0
0.466,0.041,3
0.524,0.093,3
0.286,0.495,0
0.549,0.042,3
0.492,0.034,3
0.265,0.501,0
0.187,0.468,0
0.972,0.53,1
0.944,0.57,1
0.4,0.77,0
0.293,0.41,0
0.966,0.574,4
0.403,0.715,0
0.299,0.541,0
0.478,0.093,3
0.454,0.132,3
0.108,0.757,0
0.54,0.067,3
0.505,0.739,0
0.26,0.473,0
0.234,0.442,0
0.453,0.693,0
0.48,0.723,0
0.257,0.515,0
0.517,0.067,3
0.255,0.448,0
0.475,0.134,3
0.326,0.471,0
0.501,0.08,3
0.605,0.003,3
0.276,0.55,0
0.507,0.061,3
0.258,0.422,0
0.457,0.047,3
0.403,0.779,0
0.379,0.712,0
0.069,0.824,0
0.496,0.018,3
0.032,0.792,0
0.972,0.508,2
0.388,0.047,3
0.28,0.497,0
0.476,0.722,0
0.492,0.074,3
0.033,0.79,0
0.553,0.153,3
0.101,0.682,0
0.549,0.097,3
0.522,0.091,3
0.409,0.753,0
0.956,0.564,1
0.052,0.735,0
0.287,0.487,0
1.005,0.578,4
0.493,0.73,0
0.072,0.83,0
0.487,0.078,3
0.103,0.768,0
0.523,0.128,3
0.069,0.76,0
0.441,0.72,0
0.957,0.562,1
1.08,0.609,4
0.506,0.08,3
0.417,0.766,0
0.492,0.087,3
0.96,0.563,1
0.935,0.481,1
0.243,0.448,0
0.432,0.724,0
0.073,0.809,0
0.1,0.826,0
0.409,0.747,0
0.45,0.713,0
0.472,0.044,3
0.457,0.712,0
0.523,0.108,3
0.231,0.553,0
0.964,0.592,4
0.06,0.827,0
0.424,0.741,0
0.461,0.681,0
0.326,0.537,0
0.556,0.023,3
0.501,0.131,3
0.068,0.783,0
0.045,0.74,0
0.008,0.796,0
0.294,0.485,0
0.337,0.716,0
0.233,0.481,0
0.964,0.54,1
0.009,0.742,0
0.131,0.755,0
0.427,0.048,3
1.022,0.535,2
0.9,0.542,1
0.579,0.103,3
0.198,0.538,0
0.251,0.476,0
0.488,0.777,0
0.453,0.712,0
0.064,0.869,0
0.445,0.729,0
0.528,0.02,3
0.482,0.03,3
0.991,0.55,4
0.044,0.756,0
0.274,0.492,0
0.403,0.714,0
0.258,0.541,0
1.018,0.46,2
0.459,0.092,3
0.997,0.536,2
0.071,0.816,0
0.905,0.582,1
0.98,0.535,2
0.981,0.58,4
1.001,0.517,2
0.407,0.722,0
0.453,0.718,0
0.459,0.681,0
0.015,0.854,0
0.406,0.694,0
0.228,0.473,0
0.381,0.737,0
0.442,0.765,0
0.058,0.762,0
0.051,0.76,0
0.077,0.765,0
0.476,0.042,3
0.408,0.751,0
0.05,0.826,0
0.408,0.693,0
0.977,0.512,2
0.481,0.071,3
0.948,0.52,1
0.064,0.868,0
0.245,0.494,0
0.445,0.732,0
0.49,0.028,3
0.223,0.453,0
0.545,0.016,3
0.264,0.498,0
0.945,0.536,1
0.39,0.804,0
0.071,0.752,0
0.532,0.031,3
0.923,0.522,1
0.201,0.474,0
0.485,0.051,3
0.494,0.085,3
0.073,0.73,0
0.977,0.527,2
0.524,0.045,3
0.556,0.129,3
1.042,0.546,4
0.053,0.772,0
0.076,0.743,0
0.497,0.078,3
0.089,0.778,0
0.974,0.531,2
0.975,0.562,4
0.975,0.592,4
0.403,0.73,0
0.968,0.54,1
0.044,0.747,0
0.201,0.499,0
0.97,0.488,2
0.971,0.521,2
0.538,0.141,3
0.942,0.575,1
0.291,0.481,0
0.25,0.487,0
0.021,0.778,0
0.503,0.711,0
0.465,0.047,3
0.478,0.039,3
0.258,0.507,0
1.029,0.527,2
0.53,0.078,3
0.096,0.773,0
0.097,0.828,0
0.398,0.701,0
0.459,0.003,3
0.972,0.45,2
0.29,0.552,0
0.438,0.712,0
0.025,0.82,0
0.109,0.749,0
0.974,0.543,4
0.455,0.741,0
0.231,0.493,0
0.109,0.727,0
0.254,0.488,0
0.056,0.747,0
0.298,0.469,0
0.954,0.468,2
0.472,0.697,0
0.289,0.509,0
0.523,0.05,3
0.424,0.692,0
0.566,0.116,3
0.54,0.081,3
0.215,0.503,0
0.402,0.671,0
0.297,0.556,0
0.063,0.828,0
0.071,0.738,0
0.99,0.557,4
0.524,0.107,3
0.506,0.084,3
0.065,0.769,0
0.482,0.74,0
0.056,0.683,0
0.34,0.749,0
0.995,0.492,2
0.241,0.552,0
0.263,0.56,0
0.46,0.002,3
0.073,0.778,0
0.502,0.826,0
0.121,0.803,0
0.446,0.101,3
0.339,0.7,0
0.269,0.469,0
0.123,0.817,0
0.946,0.515,1
0.129,0.777,0
0.914,0.577,1
0.341,0.744,0
0.401,0.741,0
0.984,0.561,4
0.077,0.836,0
0.108,0.764,0
0.066,0.755,0
0.974,0.556,4
0.992,0.522,2
0.894,0.491,1
0.504,0.732,0
0.451,0.693,0
0.465,0.72,0
0.401,0.114,3
0.484,0.035,3
0.202,0.544,0
0.479,0.107,3
0.933,0.57,1
0.062,0.754,0
0.958,0.582,4
0.519,0.061,3
0.078,0.765,0
0.469,0.112,3
0.396,0.745,0
0.52,0.016,3
0.02,0.804,0
0.235,0.482,0
0.995,0.446,2
0.253,0.603,0
0.405,0.722,0
0.275,0.498,0
0.439,0.752,0
0.251,0.467,0
0.345,0.469,0
0.241,0.548,0
0.495,0.118,3
0.406,0.719,0
0.468,0.656,0
0.092,0.838,0
0.498,0.063,3
0.424,0.695,0
0.227,0.459,0
0.522,0.013,3
0.172,0.826,0
0.962,0.596,4
0.236,0.507,0
0.421,0.726,0
0.306,0.51,0
0.973,0.528,2
0.468,0.686,0
0.102,0.813,0
0.243,0.511,0
0.279,0.479,0
0.929,0.511,1
0.481,0.704,0
0.098,0.767,0
0.479,0.071,3
0.061,0.834,0
0.957,0.556,1
0.952,0.541,1
0.984,0.56,4
0.499,0.774,0
0.269,0.543,0
0.956,0.465,2
0.057,0.776,0
0.931,0.579,1
0.304,0.444,0
0.472,0.695,0
0.924,0.504,1
0.215,0.491,0
0.103,0.786,0
1.001,0.563,4
0.484,0.037,3
0.125,0.835,0
0.253,0.509,0
0.982,0.499,2
0.937,0.5,1
0.263,0.487,0
0.281,0.525,0
0.228,0.482,0
0.982,0.532,2
0.349,0.486,0
0.512,0.681,0
0.468,0.107,3
1.087,0.552,4
0.309,0.481,0
0.5,0.059,3
0.085,0.763,0
0.462,0.703,0
0.515,0.024,3
0.464,0.112,3
0.205,0.443,0
0.486,0.779,0
0.331,0.578,0
0.082,0.796,0
0.295,0.473,0
0.068,0.723,0
0.301,0.47,0
0.959,0.579,4
0.034,0.831,0
0.956,0.592,4
0.485,0.715,0
0.988,0.574,4
0.086,0.833,0
0.053,0.71,0
0.952,0.469,2
0.938,0.502,1
0.423,0.727,0
0.049,0.818,0
0.257,0.527,0
0.456,0.718,0
0.028,0.779,0
1.022,0.593,4
0.079,0.839,0
0.516,0.796,0
0.291,0.533,0
0.105,0.82,0
0.492,0.094,3
0.476,0.703,0
0.418,0.678,0
0.262,0.499,0
0.297,0.437,0
0.257,0.504,0
0.983,0.61,4
0.221,0.483,0
0.454,0.72,0
0.504,0.049,3
0.534,0.736,0
0.023,0.77,0
0.508,0.697,0
0.924,0.525,1
0.53,0.06,3
1.012,0.49,2
0.121,0.72,0
1,0.51,2
0.468,0.684,0
0.273,0.488,0
0.292,0.561,0
0.473,0.074,3
0.01,0.749,0
0.912,0.564,1
0.419,0.764,0
0.297,0.486,0
0.262,0.502,0
0.289,0.461,0
0.223,0.459,0
0.951,0.563,1
0.943,0.536,1
0.576,0.078,3
0.29,0.56,0
0.943,0.428,2
0.255,0.485,0
0.489,0.053,3
0.945,0.526,1
0.08,0.811,0
0.944,0.57,1
0.961,0.48,2
0.22,0.49,0
0.255,0.536,0
0.939,0.53,1
0.992,0.581,4
0.259,0.447,0
0.255,0.481,0
0.487,0.109,3
0.609,0.01,3
0.515,0.086,3
0.515,0.13,3
0.953,0.509,1
0.053,0.777,0
0.972,0.51,2
0.455,0.076,3
0.939,0.51,1
0.313,0.499,0
0.501,0.089,3
0.437,0.741,0
1.043,0.531,2
0.411,0.145,3
0.895,0.527,1
0.276,0.487,0
1.029,0.527,2
0.08,0.758,0
0.905,0.538,1
0.363,0.67,0
0.277,0.567,0
0.52,0.113,3
0.387,0.719,0
0.046,0.775,0
0.487,0.096,3
0.516,0.069,3
0.326,0.466,0
0.047,0.791,0
0.379,0.683,0
0.225,0.526,0
0.25,0.518,0
0.429,0.722,0
0.468,0.053,3
0.018,0.804,0
0.977,0.554,4
0.41,0.722,0
0.458,0.666,0
0.435,0.706,0
1.009,0.566,4
0.246,0.499,0
0.123,0.76,0
0.468,0.743,0
0.343,0.489,0
1.033,0.514,2
0.417,0.656,0
0.289,0.441,0
1.018,0.541,4
0.423,0.75,0
0.244,0.556,0
0.249,0.537,0
0.471,0.674,0
0.067,0.794,0
0.964,0.574,4
0.507,0.085,3
0.295,0.511,0
0.313,0.471,0
1.009,0.559,4
0.225,0.523,0
0.511,0.038,3
0.161,0.744,0
0.262,0.494,0
0.451,0.012,3
0.571,0.103,3
0.498,0.069,3
0.942,0.558,1
0.229,0.492,0
0.18,0.516,0
0.259,0.501,0
0.19,0.436,0
0.429,0.729,0
0.455,0.808,0
0.095,0.764,0
0.906,0.564,1
0.953,0.542,1
0.423,0.743,0
0.433,0.722,0
0.299,0.485,0
0.214,0.497,0
0.048,0.727,0
0.464,0.141,3
0.489,0.186,3
1.01,0.527,2
0.506,0.078,3
1.016,0.572,4
0.929,0.553,1
1.006,0.564,4
0.948,0.544,1
0.102,0.793,0
0.113,0.762,0
0.46,0.657,0
0.962,0.567,4
0.973,0.59,4
0.523,0.025,3
0.043,0.782,0
0.546,0.078,3
0.409,0.768,0
0.98,0.593,4
0.077,0.719,0
0.991,0.542,4
0.421,0.701,0
0.105,0.884,0
0.047,0.802,0
0.41,0.731,0
0.561,0.103,3
0.938,0.532,1
0.24,0.487,0
0.94,0.508,1
0.484,0.098,3
0.362,0.686,0
1.027,0.576,4
0.493,0.789,0
0.045,0.762,0
0.297,0.554,0
0.081,0.744,0
0.512,0.659,0
0.907,0.541,1
0.138,0.846,0
0.491,0.061,3
0.233,0.491,0
0.437,0.777,0
0.257,0.5,0
0.503,0.015,3
0.502,0.713,0
0.48,0.071,3
0.125,0.805,0
0.253,0.465,0
0.062,0.715,0
0.485,0.101,3
0.952,0.552,1
0.477,0.734,0
1.025,0.602,4
0.057,0.767,0
0.341,0.549,0
0.494,0.102,3
0.412,0.709,0
0.464,0.026,3
0.486,0.745,0
0.476,0.038,3
0.425,0.762,0
0.939,0.534,1
0.068,0.809,0
0.079,0.74,0
0.269,0.495,0
0.993,0.587,4
0.228,0.399,0
0.423,0.022,3
0.508,0.025,3
0.983,0.507,2
0.472,0.095,3
0.957,0.457,2
0.093,0.741,0
0.486,0.07,3
0.488,0.067,3
0.21,0.5,0
0.366,0.696,0
0.482,0.046,3
0.4,0.715,0
0.959,0.553,1
0.984,0.549,4
0.117,0.81,0
0.282,0.443,0
0.179,0.795,0
0.05,0.789,0
0.089,0.769,0
0.315,0.494,0
1.009,0.621,4
0.519,0.082,3
0.955,0.542,1
0.471,0.092,3
0.404,0.04,3
0.413,0.677,0
0.458,0.709,0
0.491,0.078,3
0.286,0.541,0
0.928,0.61,1
0.278,0.574,0
0.423,0.712,0
0.498,0.047,3
0.98,0.513,2
0.941,0.527,1
0.926,0.519,1
0.967,0.552,1
0.475,0.061,3
0.41,0.702,0
0.276,0.447,0
0.581,0.114,3
0.282,0.474,0
0.248,0.497,0
0.136,0.748,0
1.069,0.48,2
0.094,0.818,0
0.954,0.559,1
0.519,0.043,3
0.004,0.784,0
0.378,0.705,0
0.082,0.819,0
0.319,0.487,0
0.049,0.78,0
0.068,0.74,0
0.286,0.498,0
0.267,0.527,0
0.378,0.757,0
0.506,0.087,3
0.47,0.671,0
0.294,0.443,0
0.09,0.808,0
0.055,0.744,0
0.088,0.834,0
0.024,0.791,0
0.419,0.694,0
0.201,0.517,0
0.484,0.776,0
0.049,0.784,0
0.236,0.527,0
0.475,0.721,0
0.25,0.468,0
0.986,0.61,4
0.247,0.52,0
0.94,0.488,1
0.471,0.132,3
0.248,0.539,0
0.99,0.598,4
0.097,0.78,0
0.253,0.5,0
0.962,0.526,1
0.112,0.791,0
0.499,0.077,3
0.31,0.497,0
0.126,0.725,0
0.454,0.127,3
0.148,0.747,0
0.36,0.589,0
0.929,0.502,1
0.937,0.513,1
0.109,0.783,0
0.135,0.772,0
0.977,0.562,4
0.505,0.055,3
0.929,0.568,1
0.484,0.021,3
0.532,0.11,3
0.066,0.804,0
0.527,0.137,3
0.291,0.443,0
0.025,0.865,0
0.451,0.074,3
0.414,0.701,0
0.517,0.105,3
0.456,0.08,3
0.217,0.514,0
0.277,0.455,0
0.981,0.563,4
0.232,0.474,0
1.099,0.495,2
0.267,0.536,0
0.284,0.465,0
1.055,0.51,2
0.099,0.826,0
0.06,0.806,0
0.431,0.724,0
0.962,0.626,4
0.518,0.085,3
0.041,0.785,0
0.969,0.473,2
0.29,0.51,0
0.222,0.574,0
0.125,0.777,0
0.404,0.698,0
0.301,0.481,0
0.967,0.638,4
0.062,0.766,0
0.512,0.058,3
0.321,0.461,0
0.281,0.55,0
0.105,0.819,0
1.001,0.459,2
0.508,0.036,3
0.509,0.077,3
0.016,0.737,0
0.942,0.559,1
0.045,0.802,0
0.176,0.504,0
0.046,0.83,0
0.468,0.106,3
0.503,0.069,3
0.593,0.061,3
0.45,0.766,0
0.432,0.73,0
0.462,0.131,3
0.465,0.662,0
0.268,0.512,0
0.09,0.822,0
0.959,0.583,4
0.539,0.076,3
0.283,0.427,0
0.472,0.73,0
0.082,0.819,0
0.297,0.515,0
0.497,0.752,0
0.065,0.78,0
0.946,0.573,1
0.873,0.494,1
0.977,0.486,2
0.056,0.756,0
0.948,0.532,1
0.446,0.752,0
0.887,0.471,1
0.975,0.499,2
0.51,0.741,0
0.129,0.775,0
0.943,0.537,1
0.385,0.795,0
0.273,0.518,0
0.421,0.781,0
0.967,0.433,2
0.447,0.697,0
0.499,0.07,3
0.449,0.646,0
0.47,0.65,0
0.969,0.52,2
0.072,0.745,0
0.216,0.519,0
0.277,0.502,0
0.461,0.081,3
0.215,0.545,0
0.289,0.519,0
0.04,0.752,0
1.009,0.569,4
0.261,0.525,0
0.292,0.448,0
0.985,0.511,2
0.152,0.667,0
0.302,0.483,0
0.09,0.762,0
0.474,0.633,0
0.054,0.916,0
0.456,0.749,0
0.134,0.764,0
0.381,0.766,0
0.527,0.657,0
0.493,0.037,3
0.448,0.775,0
0.472,0.74,0
0.51,0.092,3
0.252,0.461,0
0.377,0.734,0
0.948,0.514,1
0.459,0.044,3
0.535,0.084,3
0.298,0.494,0
0.111,0.83,0
0.086,0.814,0
0.32,0.553,0
0.09,0.835,0
0.967,0.518,1
0.009,0.747,0
0.454,0.718,0
0.282,0.448,0
0.056,0.861,0
0.089,0.844,0
0.178,0.773,0
0.123,0.737,0
0.556,0.086,3
0.079,0.752,0
0.481,0.013,3
0.546,0.134,3
0.542,0.043,3
0.518,0.709,0
0.992,0.516,2
0.993,0.533,2
0.476,0.157,3
0.983,0.555,4
0.013,0.749,0
0.4,0.705,0
0.554,0.056,3
0.061,0.786,0
0.073,0.774,0
0.23,0.454,0
0.517,0.106,3
0.417,0.691,0
0.489,0.061,3
0.085,0.76,0
0.509,0.116,3
0.971,0.54,1
1.013,0.564,4
0.249,0.558,0
0.446,0.717,0
0.469,0.764,0
0.225,0.556,0
0.062,0.861,0
0.086,0.833,0
0.091,0.788,0
0.452,0.106,3
0.018,0.822,0
0.252,0.453,0
0.02,0.77,0
0.954,0.566,1
0.111,0.758,0
0.984,0.492,2
0.273,0.515,0
0.531,0.038,3
0.104,0.758,0
0.457,0.082,3
0.058,0.838,0
0.968,0.507,2
0.015,0.759,0
0.541,0.166,3
1.041,0.548,4
0.102,0.743,0
0.949,0.588,4
0.134,0.815,0
0.525,0.072,3
1.001,0.591,4
0.547,0.05,3
0.107,0.847,0
0.281,0.527,0
0.502,0.072,3
0.443,0.116,3
0.069,0.812,0
0.25,0.53,0
0.95,0.543,1
0.43,0.778,0
0.505,0.133,3
0.058,0.721,0
0.108,0.759,0
0.39,0.65,0
0.1,0.803,0
0.108,0.786,0
0.078,0.824,0
0.031,0.789,0
0.959,0.476,2
0.977,0.599,4
0.107,0.77,0
0.532,0.051,3
0.082,0.805,0
0.478,0.057,3
1.025,0.583,4
0.356,0.727,0
0.284,0.508,0
0.495,0.718,0
0.442,0.055,3
0.077,0.784,0
0.486,0.177,3
0.92,0.585,1
0.957,0.555,1
0.232,0.474,0
0.524,0.067,3
0.952,0.533,1
0.093,0.81,0
0.434,0.047,3
0.43,0.752,0
0.415,0.035,3
0.548,0.115,3
0.495,0.003,3
0.445,0.766,0
0.442,0.141,3
0.441,0.096,3
0.265,0.498,0
0.484,0.019,3
0.228,0.473,0
0.159,0.725,0
0.439,0.777,0
1.01,0.546,4
0.092,0.753,0
0.948,0.526,1
0.416,0.656,0
0.896,0.499,1
0.538,0.11,3
0.116,0.818,0
0.074,0.716,0
0.967,0.586,4
0.444,0.103,3
0.083,0.798,0
0.001,0.778,0
0.97,0.504,2
1.003,0.539,2
0.212,0.561,0
0.197,0.562,0
0.071,0.816,0
0.996,0.532,2
0.083,0.699,0
0.531,0.124,3
0.932,0.55,1
0.927,0.53,1
0.535,0.107,3
0.151,0.75,0
0.944,0.587,1
0.543,0.011,3
0.076,0.856,0
1.021,0.533,2
0.99,0.479,2
0.975,0.575,4
0.457,0.115,3
0.443,0.759,0
0.992,0.514,2
0.144,0.81,0
0.542,0.073,3
0.008,0.713,0
0.278,0.479,0
0.303,0.578,0
0.422,0.78,0
0.182,0.541,0
0.437,0.721,0
0.275,0.494,0
0.286,0.504,0
0.09,0.775,0
0.394,0.749,0
0.92,0.592,1
0.457,0.074,3
0.965,0.457,2
0.972,0.513,2
0.101,0.774,0
0.928,0.554,1
0.472,0.694,0
0.532,0.059,3
0.345,0.444,0
0.48,0.069,3
0.316,0.492,0
0.411,0.734,0
0.53,0.072,3
0.477,0.118,3
0.397,0.686,0
0.513,0.112,3
0.017,0.79,0
0.447,0.699,0
0.489,0.119,3
0.452,0.058,3
0.482,0.704,0
0.967,0.538,1
0.119,0.668,0
0.408,0.664,0
0.041,0.735,0
0.43,0.782,0
0.994,0.543,4
0.938,0.584,1
0.456,0.718,0
0.275,0.496,0
0.424,0.695,0
0.458,0.097,3
0.227,0.439,0
0.497,0.102,3
0.066,0.809,0
0.541,0.738,0
0.227,0.536,0
0.26,0.464,0
0.277,0.52,0
0.98,0.542,4
0.507,0.763,0
0.469,0.109,3
0.086,0.781,0
0.073,0.708,0
0.922,0.584,1
0.021,0.716,0
0.991,0.518,2
0.494,0.099,3
0.546,0.001,3
0.425,0.659,0
0.012,0.772,0
0.947,0.522,1
0.496,0.103,3
0.082,0.804,0
0.51,0.082,3
0.953,0.555,1
0.285,0.529,0
0.457,0.712,0
0.097,0.697,0
0.507,0.066,3
0.468,0.036,3
0.06,0.819,0
0.124,0.754,0
0.042,0.753,0
0.037,0.76,0
0.507,0.772,0
0.446,0.678,0
0.459,0.68,0
0.518,0.024,3
1.013,0.482,2
1.007,0.509,2
0.435,0.724,0
0.309,0.478,0
0.288,0.398,0
0.451,0.036,3
0.407,0.729,0
0.032,0.786,0
0.228,0.538,0
0.943,0.579,1
0.497,0.717,0
0.239,0.564,0
0.084,0.713,0
0.267,0.529,0
0.094,0.764,0
0.469,0.048,3
0.969,0.564,4
1.023,0.488,2
0.311,0.533,0
0.473,0.774,0
0.264,0.539,0
0.237,0.497,0
0.081,0.797,0
0.201,0.822,0
0.065,0.742,0
0.509,0.099,3
0.527,0.045,3
0.44,0.701,0
0.478,0.688,0
0.969,0.511,2
0.295,0.495,0
0.082,0.777,0
0.013,0.734,0
0.159,0.803,0
0.578,0.074,3
1.031,0.577,4
0.426,0.053,3
0.294,0.471,0
0.091,0.76,0
0.281,0.514,0
0.223,0.472,0
0.131,0.773,0
0.397,0.636,0
0.493,0.673,0
0.493,0.712,0
0.247,0.546,0
0.278,0.514,0
0.451,0.726,0
1.027,0.517,2
0.937,0.528,1
0.101,0.801,0
0.462,0.012,3
0.086,0.762,0
0.996,0.573,4
0.516,0.14,3
1.024,0.517,2
0.064,0.827,0
0.494,0.048,3
0.512,0.046,3
0.54,0.075,3
0.429,0.045,3
0.953,0.536,1
0.991,0.553,4
0.265,0.467,0
0.568,0.128,3
0.484,0.116,3
0.216,0.483,0
0.064,0.766,0
0.335,0.52,0
0.051,0.777,0
0.024,0.742,0
0.922,0.513,1
0.06,0.879,0
1.019,0.522,2
0.38,0.705,0
0.461,0.757,0
0.107,0.711,0
0.009,0.722,0
0.302,0.495,0
0.448,0.751,0
0.299,0.53,0
1.033,0.551,4
0.119,0.794,0
0.082,0.745,0
0.419,0.769,0
0.064,0.777,0
0.501,0.092,3
0.279,0.497,0
0.466,0.013,3
0.54,0.077,3
0.414,0.727,0
0.451,0.705,0
0.278,0.519,0
0.414,0.744,0
0.414,0.119,3
1.001,0.586,4
0.289,0.516,0
0.279,0.561,0
1.053,0.49,2
0.283,0.482,0
0.506,0.742,0
0.919,0.554,1
0.446,0.095,3
0.545,0.119,3
0.046,0.73,0
0.065,0.727,0
0.245,0.483,0
0.972,0.567,4
0.235,0.461,0
0.471,0.065,3
0.925,0.531,1
0.084,0.698,0
0.422,0.684,0
0.126,0.756,0
0.465,0.691,0
0.318,0.515,0
0.506,0.78,0
0.454,0.087,3
0.207,0.5,0
0.447,0.767,0
0.494,0.782,0
1.073,0.583,4
0.954,0.528,1
0.201,0.55,0
0.449,0.758,0
0.064,0.791,0
0.22,0.537,0
0.269,0.509,0
0.128,0.707,0
0.079,0.82,0
0.904,0.482,1
0.315,0.444,0
0.985,0.582,4
0.506,0.049,3
0.529,0.1,3
0.533,0.094,3
0.368,0.699,0
0.282,0.497,0
1.02,0.559,4
0.255,0.486,0
0.563,0.031,3
0.581,0.179,3
0.448,0.793,0
0.067,0.803,0
0.068,0.744,0
0.928,0.486,1
0.287,0.497,0
0.228,0.577,0
0.978,0.56,4
0.262,0.515,0
1.012,0.521,2
0.96,0.499,2
0.11,0.732,0
0.516,0.753,0
0.247,0.482,0
0.998,0.576,4
0.473,0.082,3
1.066,0.517,2
0.119,0.827,0
0.391,0.695,0
0.96,0.488,2
0.477,0.033,3
0.418,0.794,0
0.984,0.587,4
0.312,0.469,0
0.289,0.484,0
0.554,0.011,3
0.55,0.059,3
0.99,0.487,2
0.094,0.763,0
0.514,0.053,3
0.189,0.817,0
0.068,0.819,0
0.399,0.704,0
0.143,0.802,0
0.517,0.099,3
0.52,0.073,3
0.994,0.53,2
0.555,0.078,3
0.232,0.52,0
0.261,0.501,0
0.192,0.488,0
0.098,0.745,0
0.482,0.064,3
0.283,0.531,0
0.293,0.53,0
0.981,0.505,2
0.287,0.59,0
0.998,0.575,4
0.929,0.564,1
0.943,0.51,1
0.44,0.737,0
0.263,0.452,0
1.005,0.559,4
0.466,0.055,3
0.362,0.722,0
0.482,0.726,0
0.439,0.134,3
0.397,0.736,0
0.009,0.809,0
0.413,0.702,0
0.502,0.009,3
0.044,0.752,0
1.061,0.535,2
1,0.52,2
0.972,0.576,4
0.052,0.885,0
1.027,0.61,4
0.424,0.734,0
0.984,0.523,2
0.533,0,3
0.446,0.746,0
0.469,0.707,0
0.11,0.775,0
0.569,0.116,3
0.506,0.039,3
0.975,0.617,4
0.3,0.495,0
0.978,0.626,4
0.456,0.035,3
0.431,0.737,0
0.519,0.746,0
0.068,0.821,0
0.556,0.024,3
0.489,0.186,3
1.017,0.599,4
0.056,0.731,0
0.955,0.581,4
0.95,0.512,1
0.405,0.689,0
0.511,0.72,0
0.474,0.703,0
0.488,0.721,0
0.517,0.089,3
0.278,0.564,0
0.442,0.706,0
0.247,0.532,0
0.283,0.487,0
0.257,0.514,0
0.453,0.7,0
0.977,0.582,4
1.039,0.494,2
0.108,0.823,0
0.53,0.093,3
0.107,0.702,0
0.345,0.521,0
0.473,0.035,3
0.089,0.866,0
0.94,0.576,1
0.217,0.405,0
0.493,0.026,3
0.362,0.563,0
0.414,0.769,0
0.512,0.06,3
0.045,0.813,0
0.53,0.036,3
0.445,0.665,0
0.059,0.751,0
0.478,0.095,3
0.169,0.742,0
0.988,0.516,2
0.958,0.55,1
0.954,0.465,2
0.526,0.042,3
0.297,0.518,0
0.461,0.078,3
0.514,0.718,0
0.987,0.572,4
0.051,0.804,0
1.017,0.536,2
0.058,0.737,0
0.514,0.13,3
0.026,0.838,0
0.452,0.725,0
0.992,0.526,2
0.516,0.093,3
1.017,0.455,2
0.503,0.073,3
0.542,0.104,3
0.329,0.554,0
0.422,0.027,3
0.479,0.09,3
0.03,0.814,0
0.469,0.679,0
0.48,0.062,3
0.552,0.098,3
0.499,0.135,3
0.902,0.538,1
0.423,0.729,0
0.459,0.032,3
0.302,0.478,0
0.409,0.711,0
0.289,0.513,0
0.053,0.853,0
0.953,0.569,1
0.369,0.721,0
0.309,0.486,0
0.468,0.688,0
0.51,0.034,3
1.005,0.569,4
0.263,0.488,0
0.45,0.788,0
0.44,0.709,0
0.084,0.828,0
0.48,0.092,3
1.009,0.451,2
0.96,0.614,4
0.241,0.555,0
0.448,0.055,3
0.05,0.788,0
0.434,0.731,0
0.945,0.562,1
0.498,0.723,0
0.951,0.534,1
0.849,0.549,1
0.464,0.782,0
0.549,0.093,3
0.985,0.566,4
0.308,0.49,0
0.489,0.722,0
0.358,0.442,0
0.388,0.742,0
0.955,0.537,1
0.454,0.709,0
0.5,0.054,3
0.271,0.553,0
0.489,0.013,3
0.955,0.537,1
0.455,0.742,0
0.409,0.689,0
0.47,0.058,3
0.934,0.578,1
0.312,0.477,0
0.421,0.688,0
0.462,0.724,0
0.483,0.776,0
0.106,0.823,0
0.368,0.536,0
0.136,0.784,0
0.283,0.521,0
0.955,0.624,4
0.984,0.576,4
0.986,0.55,4
0.436,0.676,0
0.553,0.141,3
0.511,0.063,3
0.226,0.482,0
0.547,0.138,3
0.26,0.488,0
0.537,0.134,3
0.457,0.689,0
0.388,0.756,0
0.921,0.569,1
0.387,0.661,0
0.158,0.754,0
0.272,0.53,0
0.54,0.048,3
0.279,0.505,0
0.098,0.783,0
0.477,0.773,0
0.519,0.001,3
0.5,0.101,3
0.57,0.71,0
0.057,0.804,0
0.137,0.72,0
0.075,0.762,0
0.458,0.785,0
0.29,0.618,0
0.009,0.8,0
0.217,0.513,0
0.124,0.697,0
0.285,0.477,0
0.978,0.575,4
0.434,0.789,0
0.056,0.738,0
0.98,0.554,4
0.373,0.775,0
0.225,0.544,0
0.441,0.701,0
0.103,0.724,0
0.391,0.741,0
0.501,0.087,3
0.181,0.554,0
0.921,0.543,1
0.98,0.581,4
0.256,0.486,0
0.467,0.688,0
0.13,0.738,0
0.276,0.482,0
0.242,0.517,0
0.381,0.655,0
0.463,0.733,0
0.909,0.521,1
0.461,0.743,0
0.417,0.111,3
0.237,0.485,0
0.915,0.44,1
0.576,0.109,3
0.287,0.425,0
0.146,0.781,0
0.303,0.583,0
0.943,0.585,1
0.993,0.594,4
0.455,0.689,0
0.538,0.056,3
0.984,0.603,4
0.002,0.782,0
0.92,0.521,1
0.107,0.759,0
0.243,0.603,0
0.973,0.522,2
0.232,0.5,0
0.461,0.756,0
0.408,0.752,0
0.954,0.491,1
0.308,0.454,0
0.995,0.603,4
0.011,0.81,0
0.497,0.022,3
0.101,0.807,0
0.989,0.622,4
0.462,0.768,0
0.514,0.098,3
1.007,0.529,2
0.912,0.528,1
0.488,0.668,0
0.495,0.069,3
0.158,0.692,0
0.265,0.477,0
0.457,0.688,0
0.366,0.756,0
0.398,0.72,0
0.971,0.663,4
1.01,0.576,4
0.298,0.442,0
0.048,0.806,0
0.452,0.728,0
0.922,0.502,1
0.261,0.446,0
0.25,0.445,0
0.314,0.509,0
0.518,0.059,3
0.988,0.457,2
0.476,0.108,3
0.442,0.723,0
0.45,0.725,0
1.003,0.528,2
0.402,0.052,3
0.083,0.742,0
0.099,0.741,0
0.4,0.768,0
0.251,0.472,0
0.144,0.829,0
0.45,0.039,3
0.097,0.845,0
0.96,0.569,4
0.104,0.77,0
0.292,0.532,0
0.545,0.116,3
0.992,0.545,4
0.414,0.758,0
0.337,0.485,0
0.555,0.076,3
0.509,0.73,0
0.031,0.825,0
0.327,0.709,0
0.326,0.443,0
0.29,0.525,0
0.465,0.749,0
0.995,0.529,2
0.213,0.533,0
0.941,0.496,1
0.5,0.106,3
0.983,0.478,2
1.011,0.487,2
0.066,0.74,0
0.99,0.525,2
0.097,0.776,0
0.424,0.703,0
1.01,0.595,4
0.388,0.736,0
0.496,0.01,3
0.309,0.519,0
0.984,0.641,4
0.471,0.74,0
0.06,0.731,0
0.559,0.086,3
0.924,0.476,1
0.947,0.565,1
0.523,0.041,3
0.27,0.499,0
0.999,0.582,4
0.976,0.574,4
0.998,0.609,4
0.007,0.764,0
0.251,0.512,0
0.199,0.561,0
0.924,0.584,1
0.028,0.799,0
0.478,0.132,3
0.263,0.467,0
0.446,0.058,3
0.224,0.472,0
0.441,0.71,0
0.975,0.481,2
0.246,0.511,0
0.971,0.513,2
0.113,0.818,0
0.096,0.752,0
0.084,0.83,0
0.407,0.662,0
0.5,0.057,3
0.56,0.061,3
0.489,0.094,3
0.133,0.807,0
0.478,0.763,0
0.447,0.793,0
0.36,0.747,0
0.096,0.785,0
0.031,0.789,0
0.208,0.542,0
0.407,0.772,0
0.494,0.742,0
0.544,0.103,3
0.528,0.05,3
0.094,0.77,0
1.007,0.481,2
1.01,0.562,4
0.087,0.762,0
0.316,0.491,0
0.498,0.127,3
0.168,0.766,0
1.036,0.553,4
0.257,0.431,0
0.378,0.764,0
0.432,0.09,3
0.275,0.571,0
0.488,0.706,0
0.992,0.528,2
0.981,0.511,2
0.396,0.752,0
0.519,0.079,3
0.29,0.576,0
0.243,0.496,0
0.563,0.085,3
0.054,0.804,0
0.064,0.803,0
0.199,0.515,0
0.94,0.496,1
0.959,0.506,1
0.457,0.708,0
0.138,0.826,0
0.023,0.807,0
0.933,0.543,1
0.971,0.542,1
0.02,0.764,0
0.331,0.458,0
1.075,0.532,2
0.927,0.478,1
0.46,0.725,0
0.462,0.681,0
0.459,0.681,0
0.137,0.716,0
0.535,0.062,3
0.466,0.705,0
0.205,0.495,0
0.265,0.473,0
0.966,0.523,1
0.369,0.742,0
0.46,0.084,3
0.316,0.489,0
0.426,0.092,3
0.444,0.092,3
0.059,0.807,0
0.137,0.745,0
0.47,0.783,0
0.432,0.696,0
0.036,0.801,0
0.456,0.081,3
0.556,0.138,3
0.505,0.047,3
0.298,0.749,0
0.116,0.859,0
0.229,0.515,0
0.991,0.574,4
0.253,0.419,0
0.93,0.498,1
0.355,0.468,0
0.214,0.497,0
0.959,0.644,4
0.54,0.096,3
1.04,0.568,4
0.931,0.587,1
0.288,0.546,0
0.996,0.538,2
0.075,0.769,0
0.468,0.001,3
0.081,0.769,0
0.975,0.497,2
0.316,0.443,0
0.143,0.802,0
0.958,0.59,4
0.074,0.807,0
0.405,0.658,0
0.552,0.123,3
1.003,0.529,2
0.539,0.084,3
1.035,0.538,2
1.003,0.552,4
0.066,0.755,0
0.438,0.794,0
0.458,0.755,0
0.009,0.8,0
1.002,0.596,4
0.31,0.524,0
0.252,0.424,0
0.085,0.759,0
1.018,0.489,2
0.179,0.451,0
0.417,0.795,0
0.498,0.737,0
0.433,0.069,3
0.442,0.711,0
0.03,0.818,0
0.05,0.803,0
0.543,0.06,3
0.487,0.103,3
0.439,0.757,0
0.556,0.06,3
0.426,0.742,0
0.107,0.782,0
1.021,0.566,4
0.512,0.067,3
0.103,0.738,0
0.277,0.477,0
0.353,0.729,0
0.111,0.847,0
0.514,0.08,3
0.52,0.098,3
0.401,0.678,0
0.056,0.791,0
0.925,0.57,1
0.981,0.525,2
0.998,0.516,2
0.049,0.759,0
0.295,0.551,0
0.444,0.707,0
0.532,0.072,3
0.335,0.58,0
0.477,0.712,0
0.425,0.689,0
0.05,0.773,0
0.566,0.051,3
0.057,0.793,0
1.001,0.594,4
0.104,0.769,0
0.488,0.724,0
0.409,0.648,0
0.969,0.61,4
0.426,0.759,0
0.488,0.085,3
0.464,0.759,0
0.276,0.525,0
0.971,0.503,2
0.967,0.559,4
0.028,0.853,0
0.412,0.74,0
0.432,0.156,3
0.49,0.025,3
0.955,0.589,4
0.518,0.072,3
0.272,0.434,0
1.052,0.568,4
0.053,0.757,0
0.097,0.819,0
1.004,0.566,4
0.112,0.82,0
1.02,0.43,2
0.604,0.101,3
1.011,0.548,4
0.986,0.576,4
0.254,0.412,0
0.992,0.505,2
0.995,0.521,2
0.238,0.5,0
0.22,0.557,0
0.955,0.53,1
0.971,0.496,2
0.383,0.665,0
0.459,0.778,0
0.308,0.488,0
0.113,0.827,0
0.491,0.008,3
0.291,0.458,0
0.044,0.758,0
0.119,0.792,0
0.5,0.098,3
0.574,0.046,3
0.288,0.423,0
0.258,0.548,0
0.062,0.815,0
0.442,0.811,0
0.522,0.042,3
0.298,0.438,0
0.003,0.859,0
0.212,0.508,0
0.05,0.732,0
0.481,0.142,3
0.055,0.803,0
0.406,0.637,0
0.219,0.484,0
0.583,0.011,3
0.444,0.1,3
0.532,0.131,3
0.425,0.708,0
0.491,0.075,3
0.107,0.808,0
0.436,0.789,0
0.125,0.836,0
0.039,0.741,0
0.009,0.865,0
0.131,0.756,0
0.425,0.736,0
0.44,0.711,0
0.088,0.791,0
0.233,0.541,0
0.096,0.769,0
0.378,0.769,0
0.429,0.725,0
0.365,0.73,0
0.507,0.083,3
1.009,0.555,4
1.036,0.661,4
0.428,0.63,0
0.44,0.087,3
0.486,0.107,3
0.328,0.529,0
0.262,0.465,0
1.021,0.562,4
0.428,0.811,0
0.087,0.792,0
0.97,0.56,4
0.455,0.745,0
0.296,0.462,0
0.482,0.033,3
1.018,0.56,4
0.432,0.745,0
0.975,0.601,4
0.114,0.751,0
0.48,0.729,0
0.067,0.858,0
0.28,0.475,0
0.486,0.055,3
0.528,0.038,3
0.477,0.073,3
0.327,0.492,0
0.332,0.575,0
0.418,0.762,0
0.98,0.535,2
0.161,0.816,0
0.976,0.483,2
0.387,0.763,0
0.508,0.18,3
0.975,0.569,4
0.038,0.829,0
0.958,0.513,1
0.383,0.749,0
0.458,0.666,0
0.975,0.512,2
0.368,0.743,0
0.29,0.496,0
0.469,0.675,0
0.09,0.793,0
0.422,0.111,3
0.508,0.034,3
0.313,0.479,0
0.943,0.512,1
0.202,0.567,0
0.499,0.081,3
0.485,0.033,3
0.206,0.526,0
0.498,0.055,3
0.434,0.683,0
0.999,0.453,2
0.386,0.74,0
0.128,0.728,0
0.404,0.683,0
0.235,0.519,0
0.044,0.77,0
0.461,0.788,0
0.921,0.595,1
0.043,0.784,0
0.415,0.682,0
0.143,0.801,0
0.508,0.145,3
1.021,0.456,2
0.119,0.746,0
0.977,0.473,2
0.339,0.486,0
0.956,0.513,1
1.002,0.541,4
0.325,0.531,0
0.267,0.446,0
0.993,0.533,2
0.562,0.108,3
0.437,0.075,3
0.238,0.603,0
0.456,0.685,0
0.076,0.722,0
0.545,0.058,3
0.967,0.555,4
0.027,0.768,0
0.915,0.583,1
0.961,0.596,4
0.48,0.052,3
0.323,0.483,0
0.094,0.787,0
0.12,0.792,0
1.045,0.547,4
0.527,0.09,3
0.524,0.082,3
0.464,0.061,3
0.524,0.018,3
0.19,0.53,0
0.962,0.578,4
0.902,0.575,1
0.047,0.784,0
0.494,0.749,0
0.449,0.761,0
0.543,0.086,3
0.07,0.703,0
0.068,0.804,0
0.386,0.652,0
0.934,0.537,1
0.097,0.81,0
0.048,0.742,0
1,0.518,2
0.071,0.808,0
0.497,0.068,3
0.072,0.78,0
0.087,0.682,0
0.059,0.821,0
0.985,0.485,2
0.448,0.109,3
0.386,0.727,0
1.004,0.484,2
1.022,0.54,2
0.08,0.888,0
0.553,0.062,3
0.461,0.702,0
0.538,0.037,3
0.261,0.544,0
0.501,0.716,0
0.345,0.492,0
0.056,0.705,0
0.413,0.693,0
0.11,0.755,0
0.115,0.74,0
0.936,0.594,1
0.254,0.487,0
0.436,0.702,0
0.982,0.519,2
0.43,0.066,3
0.921,0.529,1
0.959,0.591,4
0.967,0.568,4
0.507,0.095,3
0.046,0.74,0
0.038,0.772,0
0.453,0.658,0
0.567,0.015,3
0.12,0.795,0
0.037,0.694,0
0.445,0.637,0
0.934,0.566,1
0.48,0.731,0
0.487,0.024,3
1.002,0.546,4
0.518,0.064,3
0.473,0.012,3
0.049,0.83,0
0.99,0.477,2
0.413,0.747,0
0.358,0.76,0
0.055,0.713,0
0.536,0.066,3
0.426,0.671,0
0.566,0.13,3
0.431,0.68,0
0.374,0.777,0
0.443,0.688,0
0.481,0.036,3
0.078,0.769,0
0.113,0.804,0
0.567,0.064,3
0.088,0.688,0
0.008,0.776,0
0.522,0.092,3
0.106,0.734,0
0.39,0.641,0
0.47,0.79,0
1.006,0.537,2
0.41,0.762,0
0.48,0.079,3
0.081,0.796,0
0.458,0.122,3
0.997,0.558,4
0.475,0.772,0
0.417,0.727,0
1.01,0.504,2
0.234,0.562,0
0.048,0.774,0
0.362,0.719,0
0.524,0.089,3
0.021,0.778,0
0.416,0.674,0
0.505,0.721,0
0.109,0.775,0
0.519,0.075,3
0.118,0.802,0
0.502,0.639,0
0.433,0.704,0
0.499,0.074,3
0.33,0.782,0
0.102,0.767,0
0.458,0.11,3
0.258,0.579,0
0.491,0.751,0
0.101,0.762,0
0.953,0.552,1
0.531,0.036,3
0.539,0.097,3
0.576,0.053,3
0.506,0.083,3
0.345,0.518,0
0.517,0.025,3
0.245,0.497,0
0.216,0.466,0
0.893,0.6,1
0.284,0.476,0
0.939,0.453,2
0.364,0.522,0
0.919,0.482,1
0.989,0.481,2
0.974,0.469,2
0.982,0.541,4
0.919,0.525,1
0.481,0.149,3
0.084,0.821,0
0.404,0.757,0
0.063,0.803,0
0.047,0.789,0
0.261,0.525,0
0.456,0.715,0
1.014,0.52,2
0.054,0.768,0
0.034,0.874,0
0.06,0.831,0
0.989,0.547,4
0.265,0.482,0
0.488,0.06,3
0.501,0.088,3
0.519,0.095,3
0.379,0.726,0
1.026,0.55,4
0.283,0.55,0
0.485,0.073,3
0.521,0.094,3
0.027,0.796,0
0.312,0.465,0
0.515,0.148,3
0.958,0.521,1
0.07,0.709,0
0.286,0.489,0
0.215,0.452,0
0.476,0.028,3
0.408,0.654,0
0.928,0.576,1
0.989,0.546,4
0.483,0.047,3
0.072,0.719,0
0.111,0.768,0
0.478,0.065,3
0.566,0.163,3
0.405,0.698,0
0.079,0.799,0
0.389,0.698,0
0.517,0,3
1,0.579,4
0.54,0.132,3
0.31,0.436,0
0.446,0.16,3
0.993,0.537,2
0.448,0.022,3
0.521,0.023,3
0.542,0.111,3
0.487,0.073,3
0.35,0.74,0
0.44,0.007,3
0.352,0.735,0
0.966,0.512,2
1.007,0.554,4
0.318,0.497,0
0.054,0.717,0
0.316,0.554,0
0.218,0.509,0
0.967,0.588,4
0.935,0.452,1
1.02,0.568,4
1.023,0.558,4
0.065,0.754,0
0.499,0.052,3
0.607,0.123,3
0.972,0.59,4
0.04,0.787,0
0.522,0.1,3
0.423,0.661,0
0.977,0.566,4
0.37,0.679,0
0.519,0.033,3
0.127,0.785,0
0.41,0.669,0
0.107,0.737,0
0.054,0.788,0
0.502,0.112,3
0.46,0.759,0
0.885,0.562,1
1.025,0.658,4
0.517,0.742,0
0.104,0.759,0
0.226,0.461,0
0.264,0.454,0
0.123,0.854,0
0.016,0.766,0
0.451,0.723,0
0.056,0.812,0
0.293,0.551,0
0.032,0.812,0
1.049,0.452,2
0.093,0.793,0
0.522,0.079,3
0.474,0.724,0
0.099,0.804,0
0.116,0.762,0
0.298,0.489,0
0.039,0.806,0
0.969,0.642,4
0.994,0.445,2
1.021,0.503,2
0.308,0.514,0
0.297,0.56,0
0.253,0.536,0
0.04,0.729,0
0.475,0.724,0
0.285,0.489,0
1.015,0.53,2
0.051,0.752,0
0.93,0.558,1
0.934,0.519,1
0.449,0.718,0
0.138,0.727,0
0.31,0.504,0
0.285,0.471,0
0.118,0.752,0
0.542,0.063,3
0.939,0.584,1
1.05,0.529,2
0.543,0.082,3
0.145,0.799,0
0.474,0.717,0
0.435,0.037,3
0.416,0.667,0
0.477,0.709,0
0.54,0.15,3
0.256,0.5,0
0.233,0.524,0
0.285,0.42,0
0.056,0.704,0
0.014,0.732,0
0.429,0.681,0
0.231,0.536,0
0.343,0.5,0
0.41,0.803,0
0.252,0.477,0
0.528,0.107,3
0.405,0.698,0
0.111,0.766,0
0.47,0.025,3
0.35,0.507,0
1.014,0.537,2
0.216,0.477,0
0.438,0.758,0
0.387,0.644,0
0.442,0.06,3
0.195,0.526,0
0.409,0.77,0
0.451,0.787,0
0.468,0.72,0
0.449,0.728,0
0.523,0.106,3
0.082,0.761,0
0.415,0.73,0
0.417,0.718,0
0.218,0.544,0
1.024,0.499,2
0.404,0.651,0
0.474,0.716,0
0.48,0.058,3
0.288,0.541,0
0.941,0.56,1
1.01,0.569,4
0.452,0.035,3
0.446,0.112,3
0.475,0.748,0
0.432,0.715,0
0.48,0.817,0
0.986,0.531,2
0.273,0.481,0
0.197,0.464,0
0.381,0.701,0
0.929,0.526,1
0.422,0.733,0
0.465,0.05,3
0.517,0.169,3
0.91,0.479,1
0.51,0.079,3
0.941,0.511,1
0.056,0.792,0
0.483,0.719,0
0.908,0.53,1
0.902,0.603,1
0.048,0.77,0
0.12,0.827,0
0.068,0.808,0
0.988,0.493,2
0.503,0.069,3
0.457,0.747,0
0.963,0.569,4
0.259,0.427,0
0.508,0.686,0
0.911,0.544,1
0.073,0.803,0
0.462,0.648,0
0.46,0.771,0
0.495,0.682,0
0.017,0.792,0
0.13,0.772,0
0.444,0.646,0
0.527,0.007,3
0.427,0.752,0
0.355,0.741,0
0.252,0.441,0
0.067,0.762,0
0.444,0.669,0
0.407,0.737,0
0.101,0.836,0
1.002,0.581,4
0.245,0.533,0
0.448,0.761,0
0.115,0.778,0
0.074,0.762,0
0.07,0.824,0
0.215,0.462,0
0.033,0.771,0
0.968,0.492,2
0.449,0.044,3
0.478,0.005,3
0.965,0.606,4
0.27,0.512,0
0.118,0.837,0
0.946,0.529,1
0.286,0.478,0
0.356,0.551,0
0.956,0.528,1
0.454,0.776,0
0.078,0.792,0
0.28,0.539,0
0.419,0.706,0
0.206,0.464,0
0.939,0.57,1
1.017,0.605,4
0.387,0.656,0
0.029,0.829,0
0.103,0.877,0
0.435,0.095,3
0.461,0.657,0
0.095,0.767,0
0.21,0.522,0
0.42,0.746,0
0.28,0.425,0
0.993,0.458,2
0.461,0.093,3
0.961,0.583,4
0.402,0.649,0
0.946,0.462,2
0.055,0.762,0
0.3,0.566,0
0.44,0.693,0
0.525,0.144,3
0.955,0.545,1
0.571,0.027,3
1.044,0.558,4
0.949,0.533,1
0.502,0.096,3
0.013,0.717,0
0.306,0.475,0
0.957,0.559,1
1.051,0.562,4
0.347,0.481,0
0.543,0.027,3
0.501,0.069,3
0.457,0.073,3
0.093,0.806,0
0.377,0.718,0
0.988,0.497,2
0.116,0.752,0
0.463,0.714,0
0.451,0.706,0
0.234,0.474,0
0.45,0.741,0
0.302,0.522,0
0.238,0.437,0
0.974,0.461,2
0.475,0.042,3
0.271,0.516,0
0.99,0.531,2
0.96,0.561,1
0.524,0.079,3
0.434,0.735,0
0.427,0.733,0
0.091,0.765,0
0.496,0.095,3
0.119,0.832,0
0.947,0.447,2
0.536,0.084,3
0.233,0.553,0
0.427,0.756,0
0.439,0.736,0
0.963,0.524,1
0.396,0.721,0
0.193,0.518,0
0.986,0.57,4
0.954,0.65,4
1.006,0.581,4
0.331,0.446,0
0.434,0.697,0
0.145,0.762,0
0.464,0.006,3
0.101,0.816,0
0.515,0.063,3
0.124,0.792,0
0.428,0.681,0
0.257,0.445,0
0.208,0.514,0
1.025,0.585,4
0.029,0.809,0
0.567,0.005,3
0.454,0.14,3
0.472,0.061,3
0.457,0.044,3
0.49,0.138,3
0.025,0.815,0
0.126,0.847,0
0.54,0.035,3
0.38,0.74,0
0.97,0.536,1
0.299,0.542,0
0.295,0.486,0
0.394,0.746,0
0.007,0.783,0
0.938,0.599,4
0.481,0.064,3
0.312,0.537,0
0.438,0.701,0
0.882,0.427,1
0.07,0.833,0
0.54,0.74,0
0.89,0.529,1
0.263,0.602,0
0.067,0.806,0
0.943,0.525,1
0.556,0.168,3
0.075,0.777,0
0.29,0.453,0
0.062,0.756,0
0.407,0.751,0
0.556,0.136,3
0.466,0.143,3
1.015,0.58,4
0.493,0.706,0
0.296,0.495,0
0.288,0.558,0
1.016,0.569,4
0.42,0.049,3
0.061,0.821,0
0.49,0.712,0
0.415,0.795,0
0.937,0.481,1
0.505,0.107,3
0.97,0.523,2
0.506,0.115,3
0.228,0.554,0
0.286,0.512,0
0.985,0.501,2
0.89,0.464,1
0.086,0.773,0
0.495,0.059,3
0.304,0.423,0
0.451,0.092,3
0.437,0.717,0
0.5,0.048,3
0.32,0.448,0
0.31,0.494,0
0.475,0.668,0
0.474,0.079,3
0.232,0.468,0
0.517,0.081,3
0.955,0.572,4
0.485,0.047,3
0.319,0.529,0
0.067,0.833,0
0.541,0.011,3
0.24,0.529,0
0.415,0.127,3
0.954,0.555,1
0.448,0.728,0
0.037,0.786,0
0.429,0.681,0
0.139,0.741,0
0.95,0.522,1
0.967,0.561,4
0.418,0.723,0
0.927,0.584,1
0.108,0.849,0
0.057,0.851,0
0.953,0.524,1
0.434,0.751,0
0.406,0.712,0
1.003,0.529,2
0.933,0.508,1
0.161,0.786,0
0.083,0.704,0
0.475,0.785,0
0.087,0.872,0
1.04,0.516,2
0.452,0.764,0
0.436,0.748,0
0.041,0.79,0
0.084,0.779,0
0.458,0.712,0
0.269,0.44,0
0.501,0.069,3
0.984,0.519,2
0.424,0.729,0
0.412,0.794,0
0.094,0.792,0
0.499,0.006,3
0.069,0.714,0
0.316,0.52,0
0.982,0.54,4
0.181,0.481,0
0.453,0.733,0
0.323,0.559,0
0.947,0.46,2
0.528,0.107,3
0.274,0.426,0
0.025,0.795,0
0.277,0.477,0
1.053,0.551,4
0.52,0.033,3
0.17,0.528,0
0.85,0.539,1
0.42,0.658,0
0.475,0.056,3
0.469,0.755,0
0.5,0.075,3
0.45,0.767,0
0.007,0.765,0
0.042,0.723,0
0.57,0.066,3
0.105,0.735,0
0.891,0.538,1
0.088,0.837,0
0.955,0.583,4
0.966,0.511,2
0.459,0.068,3
0.082,0.807,0
0.447,0.703,0
0.484,0.789,0
0.196,0.569,0
0.485,0.721,0
0.917,0.545,1
0.519,0.044,3
0.966,0.561,4
0.458,0.705,0
1.005,0.543,4
0.074,0.861,0
0.515,0.048,3
0.456,0.71,0
0.441,0.078,3
0.971,0.578,4
0.258,0.535,0
1.016,0.582,4
0.117,0.838,0
0.252,0.478,0
0.38,0.515,0
1.018,0.532,2
0.492,0.088,3
0.988,0.557,4
0.072,0.806,0
0.422,0.704,0
0.954,0.535,1
0.969,0.509,2
0.063,0.701,0
0.089,0.838,0
0.588,0.039,3
0.034,0.744,0
0.249,0.521,0
0.338,0.486,0
0.451,0.77,0
0.156,0.825,0
0.023,0.828,0
1.08,0.521,2
0.246,0.443,0
0.34,0.562,0
1.012,0.446,2
0.034,0.755,0
0.455,0.696,0
0.075,0.791,0
0.98,0.584,4
0.505,0.806,0
0.307,0.499,0
0.431,0.707,0
0.267,0.507,0
0.483,0.035,3
0.467,0.091,3
0.062,0.842,0
0.463,0.078,3
0.454,0.847,0
0.497,0.098,3
0.493,0.04,3
0.462,0.761,0
0.488,0.028,3
0.466,0.692,0
0.01,0.751,0
0.41,0.725,0
0.4,0.793,0
0.4,0.738,0
0.262,0.482,0
1.057,0.509,2
0.236,0.552,0
0.457,0.67,0
0.522,0.125,3
0.508,0.1,3
0.403,0.741,0
0.922,0.511,1
0.302,0.456,0
0.998,0.494,2
0.348,0.511,0
0.943,0.623,4
0.283,0.482,0
0.549,0.073,3
1.026,0.621,4
0.431,0.045,3
0.472,0.699,0
0.506,0.078,3
0.477,0.1,3
0.452,0.73,0
0.987,0.474,2
0.448,0.735,0
1.011,0.487,2
0.038,0.82,0
0.453,0.019,3
0.542,0.069,3
0.434,0.71,0
0.062,0.83,0
0.983,0.568,4
0.469,0.068,3
0.513,0.015,3
0.521,0.109,3
0.513,0.003,3
0.271,0.542,0
0.285,0.424,0
0.495,0.034,3
0.467,0.678,0
0.155,0.688,0
0.243,0.59,0
0.027,0.787,0
0.387,0.698,0
0.489,0.04,3
0.228,0.482,0
0.517,0.087,3
0.99,0.584,4
0.502,0.008,3
0.252,0.548,0
0.393,0.732,0
0.452,0.669,0
0.48,0.142,3
0.234,0.505,0
0.081,0.88,0
0.419,0.689,0
0.395,0.765,0
0.981,0.476,2
1.003,0.613,4
0.252,0.516,0
0.432,0.008,3
0.044,0.801,0
0.428,0.122,3
0.506,0.644,0
0.514,0.08,3
0.117,0.724,0
0.498,0.717,0
0.407,0.783,0
0.423,0.774,0
1.014,0.474,2
0.405,0.723,0
0.545,0.057,3
0.238,0.524,0
0.952,0.526,1
0.448,0.049,3
0.47,0.076,3
0.266,0.483,0
0.907,0.535,1
0.503,0.041,3
0.996,0.501,2
0.505,0.084,3
0.565,0.079,3
0.279,0.575,0
0.933,0.573,1
0.255,0.494,0
0.959,0.487,2
0.314,0.47,0
0.342,0.463,0
0.061,0.732,0
0.083,0.743,0
0.089,0.764,0
1.005,0.534,2
0.999,0.55,4
0.247,0.493,0
0.573,0.079,3
0.492,0.083,3
0.331,0.488,0
0.535,0.058,3
0.517,0.073,3
0.495,0.093,3
0.437,0.712,0
0.329,0.504,0
0.306,0.581,0
0.48,0.666,0
0.951,0.559,1
0.274,0.526,0
0.039,0.784,0
0.444,0.696,0
0.405,0.635,0
1.017,0.542,4
0.962,0.535,1
0.418,0.722,0
0.064,0.715,0
0.51,0.008,3
0.953,0.583,4
0.252,0.573,0
0.296,0.538,0
0.458,0.727,0
0.07,0.708,0
0.073,0.788,0
0.464,0.765,0
0.078,0.715,0
0.067,0.845,0
1.053,0.539,2
0.522,0.103,3
0.068,0.838,0
0.062,0.819,0
0.097,0.816,0
0.056,0.803,0
0.245,0.485,0
0.28,0.523,0
0.056,0.783,0
0.553,0.087,3
0.293,0.546,0
0.25,0.493,0
0.95,0.506,1
0.595,0.055,3
0.499,0.004,3
0.509,0.055,3
0.55,0.074,3
0.991,0.547,4
0.131,0.74,0
0.98,0.575,4
0.523,0.109,3
0.39,0.687,0
0.109,0.76,0
1.032,0.541,2
0.104,0.836,0
1.049,0.6,4
0.419,0.722,0
0.045,0.794,0
0.541,0.099,3
0.068,0.722,0
0.495,0.743,0
0.488,0.768,0
0.313,0.496,0
0.28,0.492,0
0.075,0.754,0
0.501,0.085,3
0.932,0.566,1
0.999,0.524,2
0.308,0.535,0
0.322,0.592,0
0.435,0.737,0
0.499,0.101,3
0.47,0.069,3
0.882,0.492,1
0.526,0.005,3
0.037,0.819,0
1.002,0.56,4
0.474,0.117,3
0.951,0.53,1
0.045,0.818,0
0.468,0.743,0
0.422,0.717,0
0.516,0.054,3
0.316,0.481,0
0.552,0.098,3
0.046,0.757,0
1.012,0.434,2
0.443,0.761,0
0.102,0.756,0
0.06,0.781,0
0.306,0.479,0
0.26,0.485,0
0.48,0.079,3
0.253,0.542,0
0.512,0.074,3
0.478,0.672,0
0.377,0.524,0
0.468,0.03,3
0.26,0.464,0
0.056,0.752,0
0.379,0.769,0
1.028,0.566,4
0.356,0.701,0
0.549,0.095,3
0.282,0.445,0
0.503,0.109,3
1.013,0.489,2
1,0.503,2
0.459,0.042,3
0.216,0.488,0
0.11,0.76,0
0.982,0.53,2
0.293,0.54,0
0.199,0.504,0
0.101,0.758,0
0.948,0.486,1
0.445,0.717,0
0.444,0.695,0
0.468,0.116,3
1.013,0.56,4
0.413,0.7,0
0.229,0.593,0
0.129,0.749,0
0.484,0.013,3
0.993,0.492,2
0.884,0.544,1
0.522,0.096,3
0.281,0.523,0
0.256,0.401,0
0.36,0.559,0
0.121,0.807,0
0.461,0.72,0
0.487,0.673,0
0.914,0.488,1
0.241,0.458,0
0.273,0.518,0
0.409,0.706,0
0.246,0.53,0
0.954,0.515,1
0.487,0.09,3
0.1,0.765,0
0.462,0.063,3
0.374,0.679,0
0.531,0.073,3
0.488,0.745,0
1.03,0.52,2
0.993,0.543,4
0.448,0.636,0
0.284,0.44,0
0.465,0.771,0
0.476,0.089,3
0.961,0.532,1
1.004,0.518,2
1.029,0.556,4
0.557,0.088,3
0.269,0.515,0
0.287,0.569,0
1,0.559,4
0.264,0.536,0
0.289,0.559,0
0.943,0.552,1
0.103,0.745,0
0.058,0.81,0
0.429,0.74,0
0.954,0.497,1
0.241,0.436,0
0.936,0.559,1
0.463,0.07,3
0.59,0.114,3
0.427,0.685,0
1.047,0.499,2
0.921,0.558,1
0.217,0.45,0
0.104,0.797,0
0.454,0.796,0
0.462,0.722,0
0.922,0.531,1
0.228,0.515,0
0.081,0.79,0
0.098,0.759,0
0.516,0.127,3
0.5,0.691,0
0.277,0.52,0
1.011,0.515,2
0.443,0.617,0
0.481,0.002,3
0.228,0.521,0
0.406,0.72,0
0.014,0.835,0
0.121,0.782,0
0.094,0.837,0
0.374,0.739,0
0.536,0.072,3
0.254,0.517,0
0.282,0.504,0
0.053,0.686,0
0.417,0.756,0
0.278,0.529,0
0.526,0.072,3
0.281,0.439,0
0.311,0.556,0
0.438,0.704,0
0.271,0.473,0
1.016,0.567,4
1.005,0.569,4
0.517,0.106,3
0.144,0.785,0
0.069,0.738,0
0.509,0.13,3
0.453,0.735,0
0.274,0.528,0
0.03,0.748,0
0.474,0.083,3
0.933,0.472,1
0.425,0.679,0
0.943,0.589,4
0.974,0.496,2
0.089,0.824,0
0.508,0.152,3
0.441,0.737,0
0.04,0.853,0
0.073,0.755,0
0.083,0.797,0
0.959,0.491,2
0.431,0.7,0
0.113,0.829,0
0.44,0.759,0
0.538,0.073,3
0.241,0.553,0
0.36,0.771,0
0.977,0.589,4
0.466,0.671,0
0.439,0.79,0
0.273,0.485,0
0.265,0.531,0
0.247,0.481,0
0.255,0.575,0
0.498,0.019,3
0.056,0.753,0
0.443,0.044,3
0.242,0.512,0
0.938,0.57,1
0.462,0.644,0
0.54,0.069,3
0.121,0.79,0
0.282,0.547,0
0.259,0.471,0
0.269,0.47,0
0.087,0.757,0
0.999,0.53,2
0.512,0.018,3
0.466,0.757,0
0.107,0.754,0
0.517,0.08,3
0.1,0.866,0
0.385,0.753,0
0.433,0.706,0
0.456,0.737,0
0.406,0.802,0
0.484,0.061,3
0.409,0.751,0
0.017,0.833,0
0.394,0.701,0
0.106,0.797,0
0.092,0.858,0
0.46,0.094,3
0.223,0.521,0
0.08,0.804,0
0.063,0.807,0
1.007,0.55,4
0.127,0.729,0
0.111,0.797,0
0.968,0.569,4
0.099,0.728,0
0.27,0.435,0
0.979,0.556,4
0.97,0.55,4
0.966,0.52,1
0.484,0.036,3
0.45,0.803,0
0.284,0.527,0
0.392,0.778,0
0.32,0.543,0
0.24,0.517,0
0.963,0.579,4
0.372,0.76,0
0.523,0.075,3
0.21,0.539,0
0.515,0.114,3
0.528,0.08,3
0.248,0.466,0
0.41,0.741,0
0.468,0.661,0
0.299,0.498,0
0.241,0.539,0
0.334,0.477,0
0.4,0.768,0
0.533,0.104,3
0.267,0.419,0
1.102,0.514,2
0.269,0.458,0
0.42,0.01,3
0.896,0.497,1
0.412,0.732,0
0.465,0.714,0
0.256,0.532,0
0.432,0.722,0
0.424,0.655,0
0.071,0.84,0
0.547,0.111,3
0.221,0.583,0
0.045,0.795,0
0.291,0.542,0
0.36,0.725,0
0.004,0.752,0
0.158,0.754,0
0.383,0.694,0
0.122,0.815,0
0.438,0.798,0
0.097,0.759,0
0.394,0.693,0
1.021,0.492,2
0.266,0.502,0
0.29,0.428,0
0.235,0.54,0
0.928,0.574,1
0.483,0.712,0
0.972,0.52,2
0.275,0.435,0
0.397,0.739,0
0.451,0.666,0
0.107,0.784,0
0.24,0.424,0
1.026,0.524,2
0.299,0.484,0
0.362,0.744,0
0.537,0.058,3
0.27,0.414,0
0.137,0.688,0
0.475,0.714,0
0.106,0.771,0
0.018,0.768,0
0.051,0.777,0
0.234,0.478,0
0.494,0.72,0
0.49,0.039,3
0.988,0.629,4
0.427,0.671,0
0.961,0.544,1
0.101,0.778,0
0.252,0.541,0
0.89,0.464,1
0.54,0.706,0
0.087,0.832,0
0.971,0.603,4
0.305,0.51,0
0.237,0.495,0
1.025,0.572,4
0.258,0.538,0
0.423,0.7,0
0.944,0.536,1
0.085,0.835,0
0.426,0.763,0
0.056,0.786,0
0.978,0.452,2
0.064,0.815,0
0.501,0.071,3
0.224,0.519,0
0.934,0.557,1
0.3,0.415,0
0.08,0.83,0
0.227,0.456,0
1.023,0.543,4
0.322,0.439,0
0.457,0.758,0
0.262,0.448,0
0.258,0.418,0
0.098,0.802,0
0.072,0.742,0
0.282,0.49,0
0.44,0.727,0
0.516,0.069,3
0.556,0.055,3
0.314,0.496,0
0.475,0.046,3
0.025,0.76,0
0.065,0.754,0
0.534,0.073,3
0.321,0.563,0
0.376,0.716,0
0.434,0.671,0
0.263,0.509,0
0.465,0.724,0
0.91,0.544,1
0.48,0.164,3
0.572,0.159,3
1.025,0.552,4
0.903,0.485,1
0.342,0.742,0
1.1,0.566,4
0.066,0.82,0
0.957,0.629,4
0.434,0.696,0
0.511,0.036,3
0.135,0.779,0
0.056,0.736,0
0.066,0.73,0
0.035,0.771,0
0.264,0.477,0
0.323,0.451,0
0.495,0.7,0
1,0.571,4
0.013,0.804,0
0.526,0.116,3
0.504,0.105,3
0.294,0.473,0
0.327,0.497,0
0.437,0.688,0
0.914,0.522,1
0.511,0.023,3
1.01,0.508,2
0.075,0.791,0
0.07,0.771,0
0.917,0.506,1
0.441,0.134,3
1.027,0.549,4
1.015,0.566,4
0.26,0.488,0
0.999,0.502,2
0.969,0.465,2
1.016,0.604,4
0.284,0.48,0
0.434,0.767,0
0.995,0.511,2
0.553,0.115,3
0.962,0.512,1
0.465,0.02,3
0.47,0.708,0
0.396,0.755,0
0.956,0.545,1
0.031,0.736,0
0.967,0.533,1
0.293,0.495,0
0.111,0.778,0
0.257,0.481,0
0.106,0.733,0
0.999,0.538,2
0.913,0.585,1
0.253,0.49,0
0.472,0.101,3
0.265,0.49,0
0.381,0.713,0
0.024,0.787,0
0.927,0.565,1
0.365,0.684,0
0.118,0.822,0
0.486,0.732,0
0.607,0.096,3
0.486,0.711,0
0.994,0.496,2
1.03,0.651,4
0.22,0.458,0
0.504,0.095,3
0.964,0.551,1
0.254,0.536,0
0.445,0.057,3
0.971,0.573,4
0.05,0.85,0
0.511,0.033,3
0.521,0.077,3
0.362,0.732,0
0.119,0.723,0
0.492,0.706,0
1.017,0.473,2
0.303,0.467,0
0.315,0.477,0
0.086,0.783,0
0.107,0.739,0
0.51,0.109,3
0.311,0.441,0
0.453,0.745,0
0.186,0.524,0
0.514,0.1,3
0.307,0.557,0
0.492,0.124,3
0.521,0.012,3
0.515,0.082,3
0.255,0.47,0
0.244,0.486,0
1.062,0.494,2
1.048,0.484,2
0.453,0.088,3
0.37,0.664,0
0.024,0.781,0
1.067,0.515,2
0.061,0.75,0
0.287,0.498,0
0.262,0.552,0
0.905,0.514,1
0.213,0.465,0
0.973,0.562,4
0.905,0.583,1
1.028,0.477,2
0.474,0.731,0
0.993,0.489,2
0.48,0.794,0
1.049,0.535,2
0.079,0.829,0
0.467,0.687,0
0.52,0.765,0
0.956,0.555,1
0.394,0.717,0
0.255,0.57,0
0.406,0.648,0
0.513,0.128,3
0.503,0.75,0
0.282,0.487,0
0.9,0.529,1
0.199,0.52,0
0.321,0.469,0
0.975,0.544,4
0.44,0.057,3
1.003,0.536,2
0.956,0.495,1
0.403,0.703,0
0.933,0.51,1
0.393,0.663,0
0.262,0.478,0
0.472,0.06,3
0.118,0.755,0
0.295,0.553,0
0.213,0.479,0
0.311,0.526,0
0.304,0.542,0
0.48,0.819,0
1.064,0.537,2
0.444,0.725,0
0.02,0.769,0
0.368,0.676,0
0.464,0.753,0
0.322,0.469,0
0.05,0.816,0
0.072,0.807,0
0.987,0.482,2
0.43,0.102,3
0.479,0.116,3
0.262,0.488,0
0.043,0.823,0
0.437,0.78,0
0.08,0.812,0
0.077,0.763,0
0.097,0.781,0
0.99,0.466,2
0.971,0.52,2
0.42,0.701,0
0.308,0.466,0
0.269,0.506,0
0.131,0.665,0
0.061,0.779,0
0.099,0.73,0
0.467,0.068,3
0.274,0.515,0
0.082,0.708,0
0.468,0.07,3
0.444,0.761,0
0.19,0.534,0
0.076,0.701,0
0.36,0.571,0
0.109,0.857,0
0.961,0.593,4
0.212,0.553,0
0.483,0.03,3
0.538,0.096,3
0.053,0.807,0
0.201,0.417,0
0.285,0.544,0
0.487,0.66,0
0.469,0.739,0
0.55,0.062,3
0.936,0.601,4
0.07,0.751,0
0.034,0.738,0
1.03,0.556,4
0.957,0.612,4
0.526,0.071,3
0.538,0.031,3
0.376,0.494,0
0.545,0.095,3
0.955,0.52,1
0.277,0.575,0
0.278,0.451,0
0.333,0.42,0
0.398,0.717,0
0.994,0.529,2
1.014,0.572,4
0.413,0.06,3
0.245,0.48,0
0.218,0.525,0
0.023,0.766,0
0.987,0.517,2
0.095,0.84,0
0.967,0.547,1
1.054,0.513,2
0.446,0.094,3
0.547,0.071,3
0.316,0.509,0
0.291,0.515,0
0.489,0.138,3
0.951,0.532,1
0.504,0.641,0
0.492,0.143,3
1.038,0.564,4
0.057,0.769,0
0.234,0.494,0
0.443,0.796,0
0.526,0.048,3
0.299,0.558,0
0.508,0.065,3
0.399,0.77,0
0.464,0.722,0
0.261,0.5,0
0.517,0.042,3
0.103,0.828,0
0.488,0.071,3
0.088,0.729,0
0.495,0.733,0
0.058,0.736,0
0.524,0.069,3
0.333,0.687,0
0.458,0.738,0
0.213,0.548,0
0.963,0.498,2
0.533,0.074,3
0.537,0.076,3
0.526,0.054,3
0.273,0.551,0
0.08,0.74,0
0.328,0.481,0
0.293,0.54,0
0.922,0.532,1
0.228,0.49,0
0.486,0.124,3
0.016,0.797,0
0.353,0.508,0
0.945,0.606,4
0.427,0.055,3
0.908,0.586,1
0.299,0.498,0
0.089,0.683,0
0.962,0.55,1
0.435,0.698,0
0.924,0.508,1
0.253,0.527,0
0.482,0.048,3
0.251,0.485,0
1.019,0.519,2
0.413,0.743,0
0.395,0.739,0
0.907,0.511,1
0.261,0.453,0
0.011,0.792,0
0.913,0.493,1
0.307,0.536,0
0.99,0.509,2
0.256,0.492,0
0.007,0.74,0
0.486,0.119,3
0.357,0.711,0
0.556,0.075,3
0.219,0.48,0
0.475,0.746,0
1.032,0.485,2
0.255,0.474,0
0.287,0.508,0
0.998,0.515,2
0.25,0.546,0
1.005,0.542,4
0.998,0.548,4
0.33,0.517,0
0.214,0.55,0
0.202,0.491,0
0.444,0.654,0
0.104,0.751,0
0.087,0.776,0
0.217,0.461,0
0.097,0.809,0
0.108,0.788,0
0.098,0.753,0
0.943,0.604,4
0.236,0.545,0
0.945,0.54,1
0.551,0.044,3
0.059,0.771,0
0.24,0.462,0
0.477,0.175,3
0.959,0.585,4
0.215,0.491,0
0.32,0.483,0
0.481,0.109,3
0.14,0.849,0
0.111,0.802,0
0.555,0.054,3
0.235,0.509,0
0.511,0.699,0
0.133,0.751,0
0.088,0.761,0
0.993,0.521,2
0.138,0.858,0
0.409,0.774,0
0.501,0.113,3
0.247,0.549,0
0.42,0.796,0
0.93,0.443,1
0.306,0.484,0
0.045,0.829,0
0.982,0.611,4
0.304,0.465,0
0.386,0.774,0
0.03,0.84,0
0.511,0.708,0
0.466,0.015,3
0.32,0.463,0
0.412,0.656,0
1.008,0.582,4
0.965,0.483,2
0.396,0.749,0
0.437,0.737,0
0.263,0.543,0
1.074,0.576,4
0.055,0.687,0
0.46,0.781,0
0.235,0.526,0
0.268,0.47,0
0.015,0.734,0
0.28,0.431,0
0.129,0.794,0
0.061,0.755,0
0.961,0.523,1
0.418,0.698,0
0.419,0.776,0
0.268,0.509,0
1.035,0.576,4
0.222,0.501,0
0.477,0.741,0
0.438,0.77,0
0.479,0.091,3
0.294,0.478,0
0.11,0.701,0
0.181,0.477,0
0.436,0.728,0
0.205,0.491,0
0.958,0.512,1
1.017,0.462,2
0.252,0.478,0
0.993,0.524,2
0.426,0.778,0
0.219,0.527,0
0.942,0.532,1
0.964,0.443,2
0.122,0.735,0
0.548,0.061,3
0.262,0.493,0
1.035,0.537,2
0.367,0.755,0
0.502,0.72,0
0.342,0.478,0
0.503,0.069,3
0.996,0.513,2
1.02,0.497,2
0.058,0.74,0
0.963,0.578,4
0.038,0.774,0
0.06,0.865,0
0.947,0.55,1
0.422,0.089,3
0.448,0.033,3
0.554,0.022,3
0.2,0.451,0
0.283,0.46,0
0.265,0.528,0
0.456,0.684,0
0.091,0.779,0
0.585,0.04,3
0.039,0.788,0
0.458,0.738,0
0.08,0.787,0
0.457,0.786,0
0.463,0.803,0
0.236,0.46,0
0.277,0.504,0
0.14,0.776,0
0.001,0.821,0
0.478,0.022,3
0.115,0.783,0
0.053,0.817,0
0.963,0.606,4
0.459,0.063,3
0.446,0.036,3
0.426,0.731,0
0.119,0.791,0
0.423,0.708,0
0.099,0.774,0
0.122,0.769,0
0.01,0.792,0
0.262,0.457,0
0.527,0.071,3
0.089,0.759,0
0.395,0.696,0
0.268,0.544,0
0.992,0.473,2
0.421,0.743,0
0.968,0.563,4
0.074,0.757,0
0.451,0.742,0
0.284,0.521,0
0.257,0.511,0
0.988,0.52,2
0.504,0.022,3
1.066,0.569,4
0.363,0.53,0
0.962,0.545,1
0.362,0.782,0
0.478,0.715,0
0.993,0.538,2
0.243,0.543,0
0.387,0.78,0
0.525,0.121,3
0.214,0.486,0
0.394,0.681,0
0.432,0.085,3
1.022,0.558,4
0.223,0.424,0
0.517,0.06,3
0.963,0.548,1
0.493,0.68,0
0.866,0.505,1
0.093,0.718,0
0.889,0.489,1
0.107,0.82,0
1.011,0.469,2
0.534,0.108,3
0.463,0.116,3
0.981,0.589,4
0.953,0.566,1
0.41,0.697,0
0.998,0.486,2
0.495,0.078,3
0.554,0.09,3
1.026,0.642,4
0.308,0.534,0
0.063,0.788,0
0.419,0.13,3
0.477,0.177,3
0.935,0.493,1
0.477,0.678,0
0.462,0.795,0
0.451,0.027,3
0.447,0.726,0
0.434,0.783,0
0.058,0.723,0
0.27,0.5,0
0.389,0.659,0
0.54,0.083,3
0.272,0.463,0
0.441,0.691,0
0.093,0.823,0
0.512,0.027,3
1.048,0.493,2
0.116,0.855,0
0.294,0.492,0
0.064,0.832,0
0.441,0.748,0
1.087,0.473,2
0.513,0.112,3
0.384,0.769,0
0.331,0.529,0
0.118,0.842,0
0.405,0.686,0
0.417,0.721,0
0.114,0.853,0
0.11,0.776,0
0.532,0.097,3
0.479,0.115,3
0.982,0.535,2
0.48,0.722,0
0.21,0.556,0
0.967,0.561,4
0.998,0.552,4
0.274,0.524,0
0.262,0.476,0
0.516,0.061,3
0.263,0.458,0
0.967,0.534,1
0.483,0.749,0
0.035,0.858,0
0.075,0.754,0
0.473,0.658,0
0.248,0.545,0
0.079,0.791,0
0.967,0.566,4
0.471,0.106,3
0.482,0.688,0
0.322,0.495,0
0.28,0.442,0
1.015,0.537,2
0.053,0.852,0
0.442,0.745,0
0.928,0.499,1
0.293,0.51,0
0.415,0.717,0
0.574,0.039,3
0.966,0.493,2
0.447,0.732,0
0.984,0.544,4
0.026,0.758,0
0.002,0.832,0
0.987,0.534,2
0.457,0.722,0
0.467,0.048,3
0.255,0.508,0
1.002,0.505,2
0.942,0.566,1
0.294,0.488,0
0.417,0.73,0
0.449,0.75,0
1.067,0.586,4
0.304,0.485,0
0.431,0.663,0
0.444,0.72,0
0.439,0.767,0
0.971,0.549,4
0.279,0.501,0
0.042,0.795,0
0.442,0.651,0
0.287,0.538,0
0.988,0.49,2
0.995,0.513,2
0.443,0.096,3
0.267,0.506,0
1.006,0.523,2
0.291,0.506,0
0.422,0.728,0
0.978,0.575,4
0.539,0.019,3
1.098,0.495,2
0.311,0.506,0
0.512,0.084,3
0.485,0.652,0
0.5,0.763,0
0.116,0.755,0
0.339,0.525,0
0.274,0.481,0
0.016,0.793,0
0.05,0.771,0
1.022,0.518,2
0.916,0.611,1
0.275,0.523,0
1.022,0.574,4
0.467,0.057,3
0.249,0.549,0
0.529,0.144,3
0.914,0.544,1
0.257,0.526,0
0.074,0.811,0
0.546,0.142,3
0.449,0.752,0
0.449,0.762,0
0.513,0.695,0
0.53,0.009,3
0.229,0.57,0
0.256,0.507,0
1.016,0.584,4
0.317,0.468,0
0.435,0.09,3
0.371,0.796,0
0.424,0.765,0
0.091,0.716,0
0.515,0.082,3
0.985,0.568,4
0.49,0.079,3
0.269,0.553,0
0.072,0.75,0
0.283,0.484,0
0.23,0.53,0
0.311,0.512,0
0.517,0.16,3
0.307,0.464,0
0.232,0.487,0
0.422,0.094,3
0.076,0.736,0
0.525,0.031,3
0.569,0.111,3
0.978,0.504,2
0.987,0.511,2
0.475,0.744,0
0.441,0.72,0
0.442,0.68,0
0.965,0.593,4
0.484,0.075,3
0.419,0.74,0
0.92,0.569,1
0.12,0.791,0
0.052,0.742,0
0.259,0.474,0
0.398,0.708,0
0.884,0.515,1
0.99,0.528,2
0.599,0.084,3
0.479,0.129,3
0.217,0.514,0
0.484,0.74,0
0.49,0.702,0
0.338,0.558,0
0.481,0.102,3
0.467,0.695,0
0.43,0.725,0
0.489,0.771,0
0.057,0.815,0
0.909,0.594,1
0.465,0.735,0
0.399,0.747,0
0.402,0.687,0
0.38,0.788,0
0.986,0.569,4
0.1,0.834,0
0.255,0.502,0
0.294,0.533,0
0.486,0.078,3
0.324,0.485,0
0.005,0.738,0
0.382,0.738,0
0.53,0.019,3
1.023,0.516,2
0.265,0.594,0
0.093,0.807,0
0.958,0.531,1
1.004,0.521,2
0.052,0.797,0
0.407,0.687,0
0.49,0.122,3
0.286,0.631,0
0.269,0.468,0
0.115,0.818,0
0.475,0.737,0
0.413,0.75,0
0.426,0.708,0
0.049,0.74,0
0.248,0.548,0
0.05,0.782,0
0.477,0.737,0
0.951,0.565,1
0.275,0.47,0
0.942,0.553,1
0.391,0.8,0
0.458,0.106,3
0.259,0.538,0
0.317,0.45,0
0.464,0.697,0
0.093,0.741,0
0.07,0.759,0
0.45,0.152,3
0.408,0.727,0
0.967,0.541,1
0.51,0.05,3
0.516,0.086,3
0.111,0.717,0
0.967,0.564,4
0.033,0.692,0
0.488,0.721,0
0.05,0.742,0
1.002,0.556,4
0.063,0.747,0
0.947,0.546,1
0.958,0.506,1
0.979,0.519,2
0.963,0.59,4
0.515,0.013,3
0.042,0.739,0
0.099,0.798,0
0.017,0.787,0
0.452,0.706,0
0.35,0.449,0
0.983,0.561,4
0.039,0.818,0
0.513,0.092,3
0.423,0.742,0
0.46,0.695,0
0.549,0.69,0
0.45,0.796,0
0.404,0.702,0
0.49,0.09,3
0.093,0.817,0
0.5,0.132,3
0.05,0.832,0
0.047,0.753,0
0.514,0.096,3
0.403,0.736,0
0.255,0.503,0
0.456,0.736,0
0.341,0.6,0
0.459,0.1,3
0.106,0.773,0
0.458,0.136,3
0.361,0.482,0
0.475,0.083,3
0.465,0.748,0
0.426,0.761,0
0.964,0.543,1
0.946,0.605,4
0.078,0.763,0
0.215,0.498,0
0.037,0.776,0
0.279,0.459,0
0.467,0.093,3
0.492,0.689,0
0.953,0.599,4
0.202,0.497,0
0.192,0.461,0
0.395,0.743,0
0.525,0.128,3
0.09,0.799,0
0.303,0.535,0
0.17,0.583,0
0.453,0.68,0
1,0.594,4
0.245,0.473,0
0.521,0.166,3
0.278,0.497,0
0.087,0.778,0
0.456,0.732,0
0.982,0.588,4
1.068,0.506,2
0.008,0.804,0
0.22,0.44,0
0.496,0.055,3
0.458,0.724,0
0.304,0.486,0
0.484,0.132,3
0.21,0.454,0
1.004,0.488,2
0.894,0.521,1
0.374,0.671,0
0.491,0.102,3
0.484,0.102,3
0.392,0.685,0
0.409,0.785,0
0.535,0.015,3
0.187,0.738,0
1.002,0.558,4
0.273,0.444,0
0.118,0.728,0
0.066,0.789,0
0.927,0.544,1
0.974,0.523,2
1.036,0.496,2
0.036,0.769,0
0.434,0.668,0
0.036,0.723,0
0.964,0.541,1
0.279,0.476,0
0.274,0.557,0
0.468,0.714,0
0.279,0.501,0
0.461,0.751,0
0.492,0.122,3
0.234,0.431,0
0.506,0.737,0
0.531,0,3
0.483,0.101,3
0.982,0.566,4
0.494,0.097,3
0.524,0.041,3
0.273,0.453,0
0.593,0.097,3
0.034,0.843,0
0.246,0.489,0
0.949,0.564,1
0.953,0.501,1
0.459,0.803,0
0.13,0.773,0
0.284,0.516,0
0.438,0.137,3
0.919,0.551,1
0.101,0.757,0
0.031,0.793,0
0.364,0.735,0
0.463,0.664,0
0.118,0.837,0
0.301,0.492,0
0.07,0.803,0
0.477,0.694,0
0.263,0.531,0
0.977,0.54,4
1.005,0.525,2
0.371,0.703,0
0.249,0.521,0
0.079,0.784,0
0.253,0.456,0
0.085,0.804,0
0.061,0.737,0
0.441,0.712,0
0.105,0.771,0
0.381,0.735,0
0.38,0.806,0
0.525,0.123,3
0.529,0.113,3
0.979,0.462,2
0.118,0.747,0
0.042,0.779,0
0.977,0.593,4
0.95,0.527,1
0.497,0.761,0
0.541,0.063,3
0.975,0.498,2
1.002,0.53,2
0.958,0.526,1
0.964,0.54,1
1.026,0.605,4
0.381,0.771,0
0.407,0.741,0
0.107,0.842,0
0.072,0.781,0
0.267,0.541,0
0.961,0.474,2
0.283,0.419,0
0.488,0.076,3
0.311,0.475,0
1.015,0.488,2
0.948,0.608,4
0.934,0.482,1
0.433,0.099,3
0.547,0.094,3
0.28,0.512,0
0.943,0.539,1
0.003,0.806,0
0.013,0.748,0
1.013,0.529,2
0.936,0.597,1
0.416,0.723,0
0.55,0.036,3
0.063,0.777,0
0.075,0.876,0
0.143,0.816,0
0.446,0.054,3
0.974,0.569,4
0.47,0.784,0
0.459,0.691,0
1.047,0.48,2
0.23,0.481,0
0.946,0.563,1
0.151,0.765,0
0.583,0.032,3
0.084,0.778,0
0.976,0.498,2
0.536,0.019,3
0.056,0.819,0
0.368,0.773,0
0.257,0.48,0
0.415,0.743,0
0.538,0.763,0
0.302,0.53,0
0.312,0.457,0
0.203,0.396,0
0.965,0.626,4
0.989,0.52,2
0.296,0.532,0
0.893,0.523,1
0.271,0.448,0
0.959,0.587,4
0.47,0.741,0
0.293,0.539,0
0.559,0.059,3
0.939,0.586,1
0.494,0.047,3
0.512,0.045,3
0.264,0.531,0
1.019,0.577,4
0.255,0.474,0
0.08,0.761,0
0.97,0.451,2
1.004,0.517,2
0.391,0.729,0
0.491,0.018,3
0.026,0.811,0
1.036,0.514,2
0.456,0.734,0
0.259,0.547,0
0.488,0.648,0
0.231,0.539,0
0.109,0.702,0
0.462,0.08,3
0.409,0.765,0
0.588,0.031,3
1.009,0.515,2
0.941,0.508,1
0.495,0.112,3
0.054,0.73,0
0.122,0.72,0
0.481,0.002,3
0.468,0.068,3
0.022,0.899,0
0.501,0.753,0
1.041,0.484,2
0.093,0.817,0
0.078,0.816,0
0.503,0.132,3
0.95,0.615,4
0.106,0.869,0
0.957,0.541,1
0.331,0.521,0
0.456,0.778,0
0.253,0.544,0
0.458,0.768,0
0.251,0.482,0
0.974,0.523,2
0.959,0.578,4
1.002,0.628,4
0.99,0.467,2
0.058,0.833,0
0.19,0.5,0
0.412,0.78,0
0.37,0.675,0
1.076,0.562,4
0.086,0.729,0
0.037,0.691,0
0.996,0.499,2
0.47,0.091,3
0.155,0.766,0
0.039,0.759,0
0.45,0.015,3
0.439,0.074,3
0.967,0.506,2
0.532,0.125,3
0.957,0.605,4
0.463,0.05,3
0.942,0.589,1
1.033,0.488,2
0.093,0.806,0
0.241,0.436,0
0.543,0.006,3
0.517,0.111,3
0.982,0.483,2
1.03,0.555,4
0.29,0.482,0
0.48,0.041,3
0.057,0.778,0
0.1,0.778,0
0.473,0.091,3
0.457,0.691,0
0.327,0.498,0
1.033,0.561,4
0.972,0.486,2
0.513,0.073,3
0.479,0.724,0
0.389,0.703,0
0.954,0.562,1
0.239,0.525,0
0.233,0.457,0
0.132,0.812,0
0.49,0.046,3
0.122,0.716,0
0.111,0.816,0
0.065,0.769,0
0.992,0.554,4
0.06,0.778,0
0.246,0.484,0
0.441,0.736,0
0.261,0.514,0
0.27,0.45,0
0.436,0.64,0
0.026,0.793,0
0.06,0.731,0
0.46,0.103,3
0.438,0.748,0
0.275,0.534,0
1.003,0.53,2
0.49,0.162,3
0.47,0.713,0
0.249,0.474,0
0.934,0.591,1
0.982,0.599,4
0.083,0.804,0
0.474,0.082,3
0.537,0.729,0
0.453,0.037,3
0.272,0.487,0
0.277,0.52,0
0.061,0.752,0
0.28,0.516,0
0.492,0.092,3
1.005,0.461,2
0.328,0.534,0
0.492,0.099,3
0.927,0.526,1
0.275,0.452,0
0.454,0.727,0
0.064,0.825,0
0.966,0.57,4
0.945,0.529,1
0.996,0.546,4
0.521,0.026,3
0.106,0.797,0
0.298,0.541,0
0.388,0.702,0
0.034,0.89,0
0.002,0.76,0
1.029,0.545,4
0.298,0.453,0
0.363,0.726,0
0.243,0.506,0
0.571,0.122,3
0.99,0.568,4
1.004,0.513,2
0.08,0.805,0
0.269,0.496,0
0.528,0.016,3
0.502,0.767,0
0.1,0.786,0
0.906,0.558,1
0.496,0.037,3
0.431,0.702,0
0.074,0.802,0
0.429,0.73,0
0.444,0.726,0
0.074,0.82,0
0.484,0.735,0
0.554,0.08,3
0.304,0.512,0
0.441,0.726,0
0.958,0.485,2
0.49,0.761,0
0.33,0.488,0
0.983,0.562,4
0.479,0.795,0
0.334,0.491,0
0.433,0.693,0
0.214,0.522,0
0.235,0.47,0
1.019,0.559,4
0.426,0.061,3
1.037,0.486,2
0.272,0.516,0
0.379,0.463,0
1.005,0.469,2
0.234,0.458,0
0.532,0.071,3
0.414,0.693,0
0.441,0.671,0
0.441,0.742,0
0.214,0.472,0
0.458,0.78,0
0.424,0.801,0
0.348,0.697,0
0.965,0.555,1
0.475,0.062,3
0.508,0.111,3
0.964,0.525,1
0.09,0.81,0
0.078,0.756,0
0.516,0.066,3
0.439,0.678,0
0.985,0.588,4
0.076,0.754,0
1.017,0.525,2
0.285,0.51,0
1.022,0.431,2
0.455,0.109,3
0.498,0.754,0
0.02,0.791,0
0.95,0.558,1
0.333,0.503,0
1.005,0.586,4
0.258,0.497,0
0.478,0.747,0
0.895,0.57,1
0.39,0.745,0
0.492,0.111,3
1.003,0.52,2
0.512,0.753,0
0.231,0.559,0
0.27,0.488,0
0.52,0.17,3
0.551,0.088,3
0.138,0.817,0
0.962,0.561,4
0.078,0.789,0
0.409,0.798,0
0.018,0.834,0
0.457,0.05,3
1.014,0.48,2
0.279,0.46,0
0.443,0.69,0
0.133,0.752,0
0.546,0.664,0
0.003,0.841,0
0.48,0.044,3
0.955,0.504,1
0.081,0.768,0
0.428,0.102,3
0.476,0.722,0
0.163,0.563,0
0.24,0.455,0
0.966,0.498,2
0.454,0.824,0
0.486,0.029,3
0.994,0.532,2
0.094,0.735,0
0.285,0.516,0
0.441,0.705,0
0.214,0.446,0
0.046,0.782,0
0.121,0.787,0
0.49,0.103,3
0.352,0.705,0
0.443,0.709,0
0.117,0.862,0
0.207,0.452,0
0.428,0.737,0
0.106,0.748,0
0.968,0.565,4
0.084,0.794,0
0.452,0.69,0
0.499,0.745,0
0.561,0.069,3
0.095,0.805,0
0.435,0.743,0
0.031,0.793,0
0.416,0.749,0
0.938,0.578,1
0.49,0.047,3
0.099,0.769,0
0.419,0.746,0
0.459,0.039,3
0.052,0.753,0
0.25,0.528,0
0.494,0.092,3
0.274,0.501,0
0.986,0.545,4
0.264,0.494,0
0.618,0.157,3
1.044,0.476,2
0.272,0.479,0
0.982,0.544,4
0.136,0.82,0
0.965,0.557,4
1.043,0.536,2
0.531,0.031,3
0.431,0.762,0
0.026,0.815,0
0.555,0.129,3
0.482,0.701,0
0.281,0.512,0
0.941,0.534,1
0.445,0.718,0
0.018,0.806,0
0.444,0.677,0
0.281,0.534,0
0.417,0.721,0
0.108,0.818,0
0.216,0.493,0
0.338,0.496,0
0.463,0.069,3
0.454,0.616,0
0.929,0.482,1
0.056,0.795,0
0.466,0.7,0
0.235,0.442,0
0.91,0.56,1
0.975,0.59,4
0.468,0.641,0
0.129,0.729,0
0.97,0.496,2
0.252,0.45,0
0.49,0.721,0
0.963,0.507,2
0.437,0.747,0
0.462,0.748,0
0.086,0.777,0
0.043,0.827,0
0.478,0.738,0
0.454,0.677,0
0.407,0.039,3
0.137,0.781,0
0.989,0.614,4
0.974,0.55,4
0.046,0.769,0
0.007,0.726,0
0.974,0.556,4
0.322,0.557,0
0.952,0.555,1
1.092,0.567,4
0.348,0.502,0
0.24,0.544,0
0.291,0.46,0
0.276,0.476,0
0.104,0.771,0
0.385,0.739,0
0.974,0.54,1
0.028,0.789,0
0.494,0.049,3
0.345,0.516,0
0.509,0.135,3
0.391,0.709,0
0.553,0.078,3
0.536,0.1,3
0.057,0.828,0
0.458,0.049,3
0.462,0.716,0
0.438,0.76,0
0.908,0.558,1
1,0.583,4
0.271,0.597,0
0.393,0.658,0
0.156,0.794,0
1.024,0.621,4
0.238,0.502,0
0.07,0.759,0
0.181,0.47,0
0.397,0.706,0
0.436,0.725,0
0.517,0.029,3
0.388,0.697,0
0.517,0.032,3
0.438,0.722,0
0.274,0.478,0
0.489,0.062,3
1.013,0.558,4
0.029,0.777,0
0.113,0.721,0
0.261,0.534,0
0.436,0.658,0
0.272,0.506,0
0.359,0.729,0
0.968,0.474,2
0.502,0.039,3
0.105,0.767,0
0.244,0.494,0
0.497,0.02,3
0.432,0.692,0
0.116,0.788,0
0.437,0.715,0
0.483,0.77,0
0.416,0.69,0
0.306,0.5,0
0.073,0.739,0
0.469,0.679,0
0.249,0.503,0
0.202,0.558,0
1.021,0.528,2
0.152,0.784,0
1.024,0.548,4
0.059,0.853,0
1.004,0.554,4
0.423,0.745,0
0.421,0.695,0
0.267,0.481,0
0.45,0.824,0
0.959,0.497,2
0.397,0.734,0
0.499,0.011,3
0.471,0.726,0
0.106,0.771,0
0.493,0.097,3
0.457,0.706,0
0.272,0.496,0
0.457,0.748,0
1.025,0.579,4
0.003,0.825,0
0.937,0.51,1
0.309,0.433,0
0.4,0.701,0
0.277,0.518,0
0.145,0.83,0
0.376,0.783,0
0.411,0.702,0
0.114,0.881,0
0.463,0.112,3
0.113,0.841,0
0.456,0.713,0
0.244,0.476,0
0.963,0.482,2
0.08,0.767,0
0.277,0.546,0
0.436,0.68,0
0.048,0.794,0
0.1,0.842,0
0.081,0.772,0
0.048,0.803,0
0.446,0.055,3
0.271,0.552,0
0.983,0.52,2
0.444,0.712,0
0.221,0.512,0
0.257,0.482,0
0.104,0.812,0
0.294,0.479,0
0.069,0.798,0
0.181,0.54,0
0.442,0.758,0
0.495,0.731,0
0.464,0.715,0
0.419,0.732,0
0.064,0.784,0
0.404,0.097,3
0.475,0.024,3
0.086,0.745,0
0.041,0.781,0
0.393,0.734,0
0.511,0.075,3
0.082,0.802,0
0.935,0.556,1
0.989,0.585,4
0.444,0.696,0
0.115,0.784,0
0.251,0.478,0
0.921,0.57,1
0.417,0.75,0
0.969,0.502,2
0.919,0.545,1
0.422,0.069,3
0.944,0.556,1
0.585,0.119,3
0.09,0.777,0
0.456,0.731,0
0.225,0.516,0
0.961,0.537,1
0.284,0.518,0
0.56,0.087,3
0.087,0.797,0
0.24,0.526,0
0.472,0.66,0
0.5,0.09,3
0.971,0.488,2
0.415,0.703,0
0.285,0.459,0
0.425,0.746,0
0.01,0.762,0
0.425,0.746,0
0.536,0.078,3
0.32,0.459,0
0.219,0.5,0
0.076,0.838,0
0.934,0.571,1
0.428,0.67,0
0.459,0.071,3
0.068,0.829,0
0.262,0.437,0
0.158,0.79,0
0.906,0.518,1
0.474,0.071,3
0.098,0.767,0
0.527,0.092,3
0.43,0.069,3
0.126,0.806,0
0.122,0.706,0
0.055,0.725,0
0.536,0.073,3
0.495,0.038,3
0.287,0.513,0
0.526,0.078,3
0.477,0.085,3
0.288,0.455,0
0.457,0.71,0
0.459,0.071,3
0.455,0.706,0
0.11,0.729,0
0.475,0.693,0
0.933,0.55,1
0.406,0.702,0
0.033,0.823,0
0.441,0.675,0
0.259,0.505,0
0.11,0.834,0
0.042,0.75,0
1.021,0.562,4
0.415,0.779,0
0.221,0.47,0
0.895,0.583,1
0.413,0.029,3
0.493,0.091,3
0.932,0.531,1
0.07,0.767,0
0.382,0.01,3
0.076,0.776,0
0.519,0.061,3
0.27,0.438,0
0.402,0.768,0
0.457,0.739,0
0.068,0.736,0
0.477,0.671,0
0.412,0.732,0
0.536,0.092,3
1.077,0.529,2
0.297,0.508,0
1.036,0.638,4
0.123,0.842,0
0.53,0.084,3
0.514,0.649,0
0.075,0.823,0
0.47,0.772,0
0.945,0.574,1
1.034,0.53,2
0.222,0.46,0
0.519,0.11,3
0.098,0.835,0
0.006,0.769,0
0.103,0.784,0
0.243,0.48,0
0.125,0.842,0
0.946,0.48,1
0.123,0.754,0
0.082,0.776,0
0.44,0.002,3
0.476,0.766,0
0.285,0.481,0
0.903,0.529,1
0.974,0.547,4
0.136,0.782,0
0.03,0.799,0
0.489,0.005,3
0.959,0.496,2
1.016,0.546,4
0.274,0.483,0
0.351,0.539,0
0.455,0.06,3
0.433,0.753,0
0.529,0.111,3
0.42,0.717,0
0.175,0.426,0
0.51,0.061,3
1.041,0.601,4
0.091,0.815,0
0.315,0.692,0
0.348,0.748,0
0.28,0.471,0
0.969,0.493,2
0.111,0.786,0
0.953,0.526,1
0.294,0.544,0
0.075,0.834,0
0.057,0.708,0
0.413,0.688,0
0.231,0.52,0
0.459,0.705,0
0.465,0.757,0
0.253,0.534,0
0.381,0.707,0
0.407,0.759,0
0.23,0.437,0
0.399,0.695,0
0.203,0.447,0
0.48,0.745,0
0.272,0.495,0
0.967,0.624,4
0.107,0.812,0
0.297,0.473,0
0.935,0.538,1
0.5,0.104,3
0.312,0.498,0
0.034,0.785,0
0.017,0.738,0
0.327,0.488,0
0.069,0.736,0
0.25,0.488,0
0.988,0.539,4
0.084,0.862,0
0.432,0.815,0
0.969,0.51,2
0.461,0.72,0
0.091,0.787,0
0.044,0.731,0
0.478,0.738,0
0.508,0.086,3
0.079,0.785,0
0.285,0.458,0
0.942,0.554,1
0.451,0.107,3
0.44,0.032,3
0.405,0.738,0
0.096,0.705,0
0.09,0.775,0
0.06,0.799,0
0.488,0.05,3
0.533,0.114,3
0.996,0.492,2
0.963,0.468,2
0.429,0.695,0
0.046,0.704,0
0.27,0.449,0
0.469,0.012,3
0.585,0.035,3
0.039,0.756,0
0.924,0.467,1
0.932,0.553,1
0.388,0.713,0
0.268,0.529,0
0.522,0.767,0
0.905,0.488,1
0.272,0.48,0
0.532,0.057,3
1.007,0.523,2
0.486,0.643,0
0.226,0.469,0
0.223,0.507,0
0.964,0.47,2
0.066,0.821,0
0.468,0.035,3
0.425,0.669,0
1.044,0.504,2
0.517,0.076,3
0.516,0.014,3
0.493,0.008,3
0.382,0.631,0
0.9,0.466,1
0.343,0.469,0
0.289,0.492,0
1.01,0.559,4
0.227,0.57,0
0.525,0.06,3
0.045,0.777,0
0.455,0.736,0
0.481,0.75,0
0.508,0.049,3
0.276,0.509,0
0.489,0.708,0
0.198,0.424,0
0.169,0.753,0
0.208,0.514,0
0.42,0.739,0
0.532,0.055,3
0.195,0.546,0
0.013,0.815,0
0.142,0.705,0
0.305,0.502,0
0.132,0.82,0
0.009,0.787,0
0.548,0.025,3
0.917,0.571,1
0.599,0.035,3
0.498,0.095,3
0.04,0.873,0
0.943,0.496,1
0.557,0.039,3
0.474,0.057,3
0.389,0.784,0
0.391,0.753,0
0.01,0.763,0
1.02,0.542,4
0.062,0.778,0
1.03,0.557,4
0.439,0.739,0
0.058,0.802,0
0.503,0.047,3
0.999,0.38,2
0.066,0.8,0
0.935,0.556,1
0.45,0.801,0
0.241,0.511,0
0.52,0.101,3
0.116,0.759,0
0.932,0.546,1
0.44,0.7,0
0.043,0.772,0
0.271,0.54,0
0.503,0.788,0
0.41,0.744,0
0.384,0.785,0
0.121,0.739,0
0.39,0.783,0
0.536,0.063,3
0.921,0.493,1
0.998,0.579,4
0.416,0.751,0
0.936,0.525,1
1.018,0.486,2
0.909,0.553,1
0.489,0.726,0
0.226,0.504,0
0.5,0.719,0
0.475,0.726,0
0.534,0.039,3
0.895,0.508,1
0.956,0.53,1
0.128,0.806,0
0.301,0.462,0
0.341,0.539,0
0.406,0.72,0
0.467,0.12,3
0.082,0.72,0
1.05,0.507,2
0.395,0.719,0
0.96,0.575,4
0.308,0.509,0
0.44,0.092,3
0.481,0.067,3
0.245,0.506,0
0.533,0.016,3
0.502,0.022,3
0.893,0.524,1
0.268,0.47,0
0.457,0.668,0
0.452,0.026,3
0.325,0.533,0
1.023,0.548,4
0.28,0.516,0
0.402,0.753,0
0.954,0.482,2
0.073,0.764,0
0.492,0.104,3
0.48,0.7,0
0.437,0.075,3
0.45,0.667,0
0.965,0.51,2
0.424,0.812,0
0.076,0.8,0
0.274,0.483,0
0.999,0.429,2
1.03,0.561,4
0.971,0.508,2
0.295,0.54,0
0.451,0.758,0
0.342,0.521,0
0.951,0.51,1
0.078,0.778,0
0.263,0.506,0
0.466,0.061,3
0.488,0.116,3
0.392,0.54,0
0.252,0.522,0
0.086,0.785,0
0.982,0.55,4
0.487,0.12,3
0.976,0.54,4
0.493,0.078,3
0.562,0.048,3
0.264,0.494,0
0.488,0.775,0
0.081,0.746,0
1.058,0.628,4
0.501,0.139,3
0.497,0.013,3
0.053,0.805,0
0.514,0.098,3
0.401,0.79,0
0.3,0.475,0
0.401,0.693,0
1.04,0.576,4
0.574,0.128,3
0.24,0.569,0
0.386,0.731,0
0.377,0.768,0
0.535,0.106,3
0.238,0.499,0
0.04,0.762,0
0.965,0.594,4
0.361,0.747,0
0.47,0.749,0
0.451,0.798,0
0.286,0.507,0
0.458,0.08,3
0.054,0.761,0
0.471,0.04,3
0.229,0.583,0
0.416,0.715,0
1.058,0.524,2
0.327,0.497,0
0.247,0.501,0
0.311,0.544,0
0.273,0.578,0
0.456,0.742,0
0.558,0.096,3
0.305,0.632,0
0.097,0.801,0
0.305,0.497,0
0.299,0.461,0
0.081,0.737,0
0.257,0.515,0
0.389,0.67,0
1.004,0.505,2
0.484,0.69,0
0.104,0.891,0
0.426,0.056,3
0.516,0.042,3
0.009,0.756,0
0.458,0.698,0
0.043,0.769,0
0.27,0.471,0
0.052,0.752,0
0.472,0.788,0
0.316,0.448,0
0.316,0.48,0
0.394,0.716,0
0.363,0.677,0
0.453,0.023,3
0.461,0.063,3
0.942,0.499,1
0.534,0.088,3
0.462,0.703,0
0.288,0.534,0
0.336,0.553,0
0.534,0.098,3
0.485,0.081,3
0.078,0.766,0
0.212,0.516,0
0.963,0.566,4
0.49,0.142,3
0.428,0.126,3
0.959,0.467,2
0.286,0.514,0
0.059,0.8,0
0.117,0.801,0
0.44,0.768,0
0.479,0.066,3
0.098,0.763,0
0.246,0.557,0
0.13,0.792,0
0.904,0.514,1
0.271,0.511,0
0.432,0.752,0
1.004,0.524,2
0.113,0.803,0
0.938,0.523,1
0.48,0.076,3
0.489,0.079,3
0.994,0.59,4
0.991,0.556,4
0.44,0.797,0
0.461,0.131,3
1.001,0.534,2
0.266,0.552,0
0.273,0.44,0
0.38,0.731,0
0.32,0.462,0
0.525,0.081,3
0.288,0.541,0
0.259,0.447,0
0.266,0.581,0
0.074,0.837,0
0.975,0.636,4
0.451,0.726,0
0.254,0.49,0
0.018,0.787,0
0.957,0.523,1
0.002,0.789,0
0.511,0.003,3
0.037,0.743,0
0.227,0.431,0
0.317,0.537,0
0.991,0.556,4
0.461,0.718,0
0.947,0.58,1
0.522,0.108,3
0.252,0.422,0
0.203,0.522,0
0.904,0.613,1
0.294,0.537,0
0.41,0.075,3
0.318,0.609,0
0.928,0.535,1
0.081,0.828,0
1.005,0.529,2
0.958,0.488,2
0.544,0.144,3
0.058,0.766,0
0.301,0.552,0
0.446,0.062,3
0.078,0.845,0
0.958,0.54,1
0.486,0.104,3
0.339,0.442,0
0.454,0.054,3
0.023,0.815,0
0.048,0.718,0
0.08,0.736,0
0.515,0.045,3
0.055,0.772,0
0.238,0.432,0
0.299,0.497,0
0.077,0.779,0
0.082,0.773,0
0.225,0.465,0
0.471,0.079,3
1.038,0.567,4
0.356,0.502,0
0.427,0.645,0
0.056,0.801,0
0.506,0.078,3
0.331,0.452,0
0.1,0.86,0
0.953,0.6,4
0.035,0.723,0
0.207,0.464,0
0.2,0.523,0
0.215,0.536,0
0.233,0.484,0
0.276,0.524,0
0.15,0.745,0
0.063,0.74,0
0.952,0.546,1
0.233,0.58,0
0.377,0.714,0
0.07,0.787,0
0.087,0.82,0
0.523,0.132,3
0.181,0.498,0
0.508,0.005,3
0.126,0.821,0
0.964,0.582,4
0.196,0.458,0
0.426,0.675,0
0.984,0.543,4
0.345,0.704,0
0.503,0.137,3
0.092,0.783,0
0.28,0.46,0
0.483,0.731,0
0.438,0.752,0
0.209,0.474,0
0.053,0.835,0
0.553,0.124,3
0.059,0.8,0
0.993,0.442,2
0.496,0.012,3
0.113,0.741,0
0.936,0.48,1
0.29,0.501,0
0.477,0.024,3
0.122,0.812,0
0.514,0.022,3
0.043,0.752,0
1.009,0.593,4
0.384,0.747,0
0.951,0.523,1
0.287,0.5,0
0.221,0.448,0
0.494,0.052,3
0.362,0.522,0
0.526,0.048,3
0.336,0.419,0
0.024,0.783,0
0.027,0.801,0
0.249,0.384,0
0.525,0.081,3
0.515,0.135,3
0.388,0.768,0
0.49,0.111,3
0.958,0.533,1
0.567,0.053,3
0.408,0.701,0
0.474,0.045,3
0.1,0.745,0
0.251,0.459,0
0.974,0.549,4
0.494,0.702,0
0.484,0.143,3
0.975,0.506,2
0.512,0.011,3
0.225,0.512,0
0.326,0.466,0
0.507,0.657,0
0.422,0.746,0
0.457,0.077,3
0.07,0.822,0
0.998,0.559,4
0.304,0.523,0
0.999,0.601,4
0.208,0.529,0
0.289,0.547,0
0.036,0.762,0
0.299,0.489,0
0.449,0.742,0
0.969,0.548,1
0.43,0.065,3
0.436,0.742,0
0.322,0.507,0
1.003,0.512,2
1.052,0.555,4
0.93,0.553,1
0.291,0.539,0
0.41,0.152,3
0.282,0.458,0
0.232,0.538,0
0.387,0.667,0
0.968,0.574,4
0.485,0.716,0
0.225,0.476,0
0.47,0.719,0
0.065,0.814,0
0.236,0.532,0
0.504,0.005,3
0.524,0.084,3
0.352,0.491,0
0.285,0.465,0
0.095,0.793,0
0.266,0.508,0
0.533,0.094,3
0.456,0.027,3
0.043,0.732,0
0.002,0.806,0
0.104,0.78,0
0.401,0.702,0
1.001,0.571,4
0.052,0.759,0
0.393,0.762,0
0.965,0.529,1
0.062,0.692,0
0.558,0.094,3
0.3,0.447,0
0.485,0.09,3
1.047,0.535,2
0.038,0.767,0
0.281,0.469,0
0.079,0.835,0
0.56,0.049,3
0.023,0.781,0
0.494,0.804,0
0.474,0.055,3
0.951,0.501,1
0.51,0.079,3
0.513,0.669,0
0.554,0.098,3
0.212,0.449,0
0.45,0.742,0
0.983,0.543,4
0.431,0.67,0
0.945,0.583,1
0.26,0.52,0
0.069,0.773,0
1.05,0.509,2
0.25,0.478,0
0.954,0.497,1
0.092,0.737,0
0.481,0.704,0
0.277,0.532,0
0.967,0.516,2
0.294,0.469,0
0.232,0.508,0
0.318,0.505,0
0.378,0.742,0
0.101,0.774,0
0.466,0.75,0
0.457,0.717,0
0.481,0.072,3
0.1,0.727,0
1.035,0.549,4
1.023,0.508,2
0.965,0.5,2
0.554,0.128,3
0.975,0.553,4
0.292,0.5,0
0.526,0.073,3
0.433,0.715,0
0.047,0.778,0
0.454,0.708,0
0.431,0.736,0
0.229,0.516,0
0.477,0.112,3
0.583,0.067,3
0.235,0.505,0
0.088,0.877,0
0.563,0.071,3
0.446,0.079,3
0.563,0.046,3
0.42,0.788,0
0.038,0.793,0
0.973,0.562,4
0.099,0.702,0
0.508,0,3
0.08,0.727,0
0.015,0.782,0
0.072,0.737,0
0.98,0.575,4
1.066,0.561,4
0.146,0.757,0
0.96,0.599,4
0.459,0.072,3
0.508,0.097,3
0.288,0.521,0
0.482,0.116,3
0.968,0.533,1
0.299,0.51,0
0.509,0.024,3
0.443,0.686,0
0.526,0.145,3
0.284,0.535,0
0.561,0.147,3
0.444,0.735,0
0.98,0.564,4
0.457,0.69,0
0.249,0.484,0
0.153,0.767,0
0.529,0.042,3
0.466,0.108,3
1.034,0.624,4
0.471,0.73,0
0.121,0.781,0
0.943,0.525,1
0.226,0.46,0
0.51,0.103,3
0.054,0.737,0
0.087,0.743,0
0.479,0.095,3
0.298,0.488,0
1.055,0.53,2
0.986,0.488,2
0.25,0.52,0
0.496,0.755,0
0.015,0.818,0
0.367,0.798,0
0.243,0.557,0
0.559,0.018,3
1.021,0.602,4
0.211,0.493,0
0.285,0.466,0
0.453,0.057,3
0.47,0.084,3
0.528,0.113,3
0.076,0.802,0
0.233,0.488,0
0.975,0.58,4
0.061,0.767,0
0.297,0.481,0
0.47,0.102,3
0.453,0.747,0
0.538,0.058,3
0.31,0.471,0
0.524,0.061,3
1.052,0.541,2
0.298,0.498,0
0.493,0.716,0
0.952,0.542,1
0.024,0.765,0
0.269,0.508,0
0.956,0.504,1
0.502,0.739,0
0.999,0.546,4
0.019,0.777,0
0.047,0.804,0
0.936,0.548,1
0.892,0.579,1
0.493,0.122,3
0.503,0.026,3
0.471,0.098,3
0.457,0.049,3
0.495,0.098,3
0.944,0.565,1
0.925,0.563,1
0.43,0.685,0
0.927,0.501,1
0.926,0.564,1
0.259,0.475,0
0.283,0.522,0
0.465,0.718,0
0.402,0.731,0
0.072,0.756,0
0.991,0.507,2
0.96,0.601,4
0.44,0.094,3
0.114,0.785,0
0.429,0.74,0
0.328,0.588,0
0.118,0.798,0
0.091,0.773,0
0.333,0.453,0
0.499,0.078,3
0.283,0.506,0
0.222,0.511,0
0.616,0.044,3
1.032,0.551,4
0.315,0.464,0
0.267,0.585,0
0.026,0.781,0
0.342,0.522,0
1.063,0.522,2
0.387,0.789,0
0.945,0.543,1
0.326,0.499,0
0.411,0.724,0
0.581,0.675,0
1.014,0.524,2
0.973,0.509,2
0.957,0.509,1
0.42,0.786,0
0.54,0.023,3
0.507,0.071,3
0.251,0.511,0
0.447,0.678,0
0.572,0.081,3
0.256,0.503,0
0.107,0.793,0
1.001,0.483,2
0.399,0.759,0
0.28,0.471,0
0.456,0.693,0
0.28,0.466,0
0.472,0.106,3
0.998,0.597,4
0.156,0.74,0
0.419,0.796,0
0.082,0.791,0
0.081,0.755,0
0.525,0.712,0
0.445,0.778,0
0.997,0.552,4
0.254,0.543,0
0.284,0.507,0
0.442,0.715,0
0.097,0.719,0
0.237,0.46,0
0.456,0.65,0
0.981,0.479,2
0.526,0.13,3
1.039,0.569,4
0.957,0.533,1
1.009,0.539,2
0.344,0.438,0
0.059,0.698,0
0.929,0.517,1
0.474,0.096,3
0.445,0.777,0
0.284,0.488,0
0.992,0.618,4
0.248,0.466,0
0.478,0.738,0
0.096,0.843,0
0.091,0.746,0
0.053,0.787,0
0.027,0.763,0
0.101,0.78,0
0.45,0.669,0
0.082,0.806,0
0.277,0.531,0
0.473,0.742,0
0.293,0.492,0
0.51,0.045,3
0.048,0.685,0
0.993,0.51,2
0.445,0.702,0
1.02,0.5,2
0.104,0.75,0
0.516,0.074,3
0.532,0.08,3
0.991,0.533,2
0.024,0.728,0
1.002,0.499,2
0.111,0.841,0
0.491,0.673,0
0.515,0.052,3
0.096,0.669,0
0.938,0.544,1
0.04,0.733,0
0.126,0.83,0
0.986,0.569,4
0.104,0.902,0
0.542,0.112,3
0.444,0.1,3
0.511,0.012,3
0.421,0.682,0
0.524,0.043,3
0.99,0.552,4
0.437,0.67,0
0.325,0.52,0
0.207,0.497,0
0.068,0.776,0
0.434,0.763,0
0.856,0.549,1
0.479,0.062,3
0.499,0.104,3
0.254,0.431,0
0.291,0.478,0
0.437,0.782,0
0.143,0.785,0
0.391,0.758,0
0.544,0.012,3
0.51,0.041,3
0.491,0.093,3
0.285,0.462,0
0.541,0.001,3
0.043,0.815,0
1.005,0.58,4
0.026,0.83,0
0.222,0.451,0
0.469,0.712,0
0.956,0.548,1
0.146,0.809,0
0.245,0.477,0
0.47,0.757,0
0.394,0.713,0
0.943,0.547,1
0.119,0.746,0
0.259,0.486,0
0.465,0.097,3
0.539,0.078,3
0.485,0.715,0
0.042,0.852,0
0.464,0.096,3
0.458,0.01,3
1.016,0.543,4
0.551,0.128,3
0.507,0.078,3
0.359,0.473,0
0.312,0.466,0
0.283,0.513,0
0.264,0.47,0
0.42,0.711,0
0.232,0.424,0
0.51,0.078,3
0.458,0.706,0
1.006,0.534,2
0.953,0.619,4
0.309,0.503,0
0.506,0.132,3
0.267,0.493,0
0.978,0.469,2
0.457,0.764,0
0.29,0.501,0
0.494,0.076,3
0.21,0.538,0
0.993,0.586,4
1.023,0.552,4
0.459,0.063,3
0.147,0.741,0
0.492,0.661,0
0.262,0.501,0
0.27,0.487,0
0.271,0.473,0
0.509,0.002,3
0.461,0.72,0
0.984,0.538,2
0.451,0.687,0
0.987,0.472,2
0.079,0.744,0
0.028,0.824,0
0.361,0.694,0
0.116,0.803,0
0.527,0.066,3
0.469,0.111,3
0.282,0.594,0
0.083,0.806,0
0.046,0.811,0
0.324,0.511,0
0.271,0.527,0
0.433,0.682,0
0.488,0.084,3
0.431,0.711,0
0.224,0.544,0
0.999,0.552,4
0.079,0.798,0
0.489,0.092,3
0.469,0.789,0
0.113,0.734,0
0.036,0.771,0
0.297,0.549,0
0.117,0.78,0
0.494,0.107,3
0.497,0.032,3
0.468,0.8,0
0.079,0.765,0
0.282,0.498,0
1.013,0.517,2
0.473,0.742,0
1.03,0.562,4
0.041,0.808,0
0.897,0.515,1
0.427,0.661,0
0.202,0.574,0
0.512,0.02,3
0.427,0.732,0
0.391,0.834,0
0.295,0.537,0
0.331,0.478,0
0.476,0.767,0
0.4,0.755,0
0.427,0.723,0
0.374,0.73,0
0.246,0.546,0
0.444,0.671,0
0.089,0.789,0
0.108,0.762,0
0.469,0.758,0
0.307,0.506,0
1.044,0.542,2
0.383,0.679,0
1.033,0.528,2
0.54,0.104,3
0.936,0.527,1
0.881,0.482,1
0.499,0.775,0
0.102,0.785,0
0.931,0.576,1
0.235,0.452,0
0.472,0.08,3
0.375,0.764,0
0.24,0.496,0
0.356,0.788,0
0.416,0.762,0
0.427,0.794,0
0.549,0.093,3
0.966,0.561,4
0.459,0.693,0
0.969,0.543,1
0.037,0.764,0
1.001,0.53,2
0.307,0.53,0
0.49,0.075,3
0.453,0.044,3
0.421,0.676,0
0.939,0.576,1
0.049,0.753,0
0.947,0.475,2
0.247,0.498,0
0.44,0.729,0
0.443,0.714,0
0.202,0.534,0
0.479,0.674,0
0.501,0.062,3
0.414,0.728,0
0.296,0.495,0
0.282,0.583,0
0.508,0.016,3
0.111,0.682,0
0.405,0.728,0
0.954,0.547,1
0.147,0.78,0
0.233,0.511,0
0.517,0.098,3
0.473,0.755,0
0.948,0.508,1
1.033,0.537,2
0.496,0.008,3
0.434,0.64,0
0.98,0.456,2
0.514,0.106,3
0.337,0.456,0
0.443,0.043,3
0.075,0.778,0
0.426,0.761,0
0.506,0.006,3
0.482,0.095,3
0.454,0.075,3
1.037,0.559,4
0.465,0.733,0
0.509,0.044,3
0.094,0.815,0
0.977,0.526,2
0.281,0.488,0
0.441,0.694,0
0.203,0.52,0
0.436,0.054,3
0.105,0.795,0
0.535,0.05,3
0.482,0.751,0
0.114,0.782,0
0.472,0.047,3
0.012,0.767,0
0.454,0.049,3
0.982,0.579,4
0.92,0.442,1
0.082,0.796,0
0.492,0.023,3
0.31,0.512,0
0.47,0.062,3
0.149,0.454,0
0.569,0.148,3
0.472,0.729,0
0.935,0.55,1
0.447,0.773,0
1.019,0.529,2
0.211,0.536,0
0.486,0.69,0
0.316,0.524,0
1.004,0.606,4
0.295,0.471,0
0.953,0.484,2
0.977,0.54,4
0.476,0.008,3
0.949,0.515,1
0.944,0.554,1
0.42,0.693,0
0.172,0.764,0
0.004,0.737,0
0.007,0.843,0
0.256,0.441,0
0.364,0.745,0
0.531,0.097,3
0.524,0.77,0
0.391,0.612,0
0.112,0.699,0
0.553,0.101,3
0.462,0.098,3
0.221,0.494,0
0.362,0.5,0
1,0.495,2
0.415,0.091,3
0.265,0.464,0
0.465,0.702,0
0.5,0.08,3
0.475,0.705,0
0.237,0.524,0
0.011,0.737,0
0.291,0.603,0
0.961,0.537,1
0.051,0.693,0
1.018,0.523,2
0.024,0.739,0
0.563,0.14,3
0.966,0.545,1
0.426,0.011,3
0.474,0.155,3
0.493,0.067,3
0.462,0.772,0
0.947,0.559,1
0.94,0.573,1
1.023,0.521,2
0.278,0.452,0
0.058,0.722,0
0.262,0.527,0
0.064,0.797,0
0.436,0.067,3
0.516,0.058,3
0.43,0.751,0
0.975,0.572,4
0.066,0.795,0
0.951,0.488,1
0.474,0.103,3
0.401,0.739,0
0.406,0.734,0
0.28,0.458,0
0.457,0.734,0
0.403,0.754,0
0.414,0.738,0
0.29,0.521,0
0.466,0.789,0
0.283,0.456,0
0.488,0.132,3
1.016,0.521,2
0.411,0.715,0
0.507,0.137,3
0.389,0.719,0
0.379,0.711,0
0.217,0.495,0
0.481,0.713,0
0.082,0.81,0
0.165,0.737,0
0.497,0.084,3
0.089,0.746,0
0.441,0.065,3
0.285,0.469,0
0.421,0.766,0
0.066,0.729,0
0.443,0.708,0
0.039,0.773,0
0.997,0.495,2
0.243,0.504,0
0.36,0.475,0
0.034,0.774,0
0.455,0.017,3
0.214,0.5,0
0.996,0.5,2
0.334,0.527,0
0.309,0.548,0
0.423,0.688,0
0.302,0.489,0
0.504,0.065,3
0.497,0.072,3
0.276,0.476,0
0.025,0.693,0
0.358,0.744,0
0.267,0.465,0
0.078,0.738,0
0.541,0.047,3
0.026,0.709,0
0.032,0.723,0
0.244,0.444,0
0.414,0.019,3
0.969,0.543,1
0.464,0.721,0
0.466,0.773,0
0.422,0.653,0
0.082,0.76,0
0.076,0.739,0
0.36,0.76,0
0.252,0.531,0
0.877,0.633,1
0.468,0.065,3
0.419,0.776,0
0.928,0.614,4
0.058,0.768,0
0.048,0.802,0
0.003,0.768,0
0.377,0.758,0
0.987,0.56,4
0.447,0.716,0
0.422,0.747,0
0.046,0.806,0
0.446,0.048,3
0.527,0.092,3
0.384,0.69,0
0.112,0.795,0
0.288,0.44,0
0.279,0.507,0
0.135,0.717,0
0.274,0.49,0
0.306,0.527,0
0.023,0.728,0
0.979,0.53,2
0.541,0.075,3
0.441,0.697,0
0.244,0.528,0
0.51,0.017,3
0.573,0.075,3
0.003,0.8,0
0.955,0.528,1
0.081,0.766,0
0.01,0.737,0
0.481,0.04,3
0.065,0.762,0
0.232,0.493,0
0.488,0.095,3
0.245,0.506,0
0.227,0.51,0
0.965,0.488,2
0.539,0.07,3
0.056,0.882,0
0.479,0.048,3
0.498,0.79,0
0.447,0.097,3
0.317,0.486,0
0.051,0.803,0
0.25,0.488,0
0.511,0.034,3
0.475,0.001,3
1.05,0.517,2
0.281,0.547,0
0.515,0.112,3
0.386,0.682,0
0.964,0.592,4
0.484,0.087,3
0.075,0.708,0
0.203,0.499,0
0.313,0.582,0
0.454,0.723,0
0.435,0.783,0
0.49,0.076,3
0.492,0.683,0
0.262,0.519,0
0.308,0.555,0
0.255,0.492,0
0.31,0.568,0
0.227,0.519,0
0.48,0.019,3
0.024,0.765,0
0.059,0.797,0
0.442,0.727,0
0.31,0.535,0
0.308,0.474,0
0.537,0.043,3
0.158,0.77,0
0.96,0.531,1
0.278,0.419,0
0.269,0.512,0
0.293,0.504,0
0.92,0.555,1
0.505,0.068,3
0.457,0.711,0
0.281,0.507,0
0.952,0.584,4
0.434,0.737,0
0.951,0.548,1
0.472,0.043,3
0.445,0.761,0
0.482,0.106,3
0.983,0.563,4
0.432,0.714,0
0.335,0.508,0
0.443,0.024,3
0.397,0.745,0
0.148,0.803,0
0.262,0.53,0
0.254,0.453,0
0.305,0.475,0
0.477,0.682,0
0.256,0.488,0
0.969,0.573,4
0.412,0.753,0
0.494,0.016,3
0.44,0.72,0
0.417,0.736,0
0.565,0.081,3
0.466,0.757,0
0.982,0.617,4
0.997,0.53,2
0.237,0.51,0
0.941,0.542,1
0.544,0.088,3
0.299,0.529,0
0.267,0.478,0
0.471,0.735,0
0.508,0.047,3
0.299,0.465,0
0.996,0.502,2
0.111,0.801,0
0.292,0.445,0
0.141,0.787,0
0.234,0.516,0
0.467,0.713,0
0.305,0.401,0
0.448,0.724,0
0.288,0.519,0
0.52,0.158,3
0.234,0.518,0
0.128,0.775,0
0.428,0.708,0
0.991,0.536,2
0.468,0.018,3
0.068,0.768,0
0.225,0.52,0
0.307,0.475,0
0.516,0.084,3
0.45,0.679,0
0.044,0.72,0
0.513,0.082,3
0.472,0.087,3
0.532,0.059,3
0.085,0.779,0
0.286,0.457,0
0.253,0.559,0
0.015,0.721,0
0.276,0.579,0
0.424,0.759,0
0.324,0.53,0
0.246,0.474,0
0.93,0.586,1
0.287,0.415,0
0.306,0.469,0
0.99,0.594,4
0.089,0.753,0
0.49,0.039,3
0.97,0.492,2
0.055,0.788,0
0.41,0.757,0
0.283,0.498,0
0.545,0.076,3
0.387,0.701,0
0.466,0.105,3
0.496,0.109,3
0.5,0.061,3
0.432,0.615,0
0.408,0.654,0
0.927,0.51,1
0.131,0.772,0
0.498,0.066,3
0.984,0.553,4
0.509,0.134,3
0.245,0.503,0
0.275,0.505,0
1.013,0.554,4
0.433,0.703,0
1.015,0.479,2
0.212,0.423,0
0.989,0.569,4
0.432,0.723,0
0.206,0.525,0
0.519,0.102,3
0.467,0.709,0
0.024,0.78,0
0.016,0.755,0
0.268,0.538,0
0.482,0.089,3
0.499,0.698,0
0.119,0.74,0
0.492,0.087,3
0.228,0.518,0
0.359,0.742,0
0.446,0.737,0
0.453,0.09,3
0.262,0.567,0
0.446,0.732,0
0.992,0.531,2
0.478,0.053,3
0.115,0.73,0
0.462,0.122,3
0.427,0.74,0
0.219,0.478,0
0.068,0.763,0
0.446,0.067,3
0.42,0.704,0
0.072,0.77,0
0.971,0.508,2
0.266,0.432,0
0.414,0.68,0
0.467,0.775,0
0.505,0.096,3
1.043,0.504,2
0.963,0.545,1
0.507,0.068,3
0.554,0.087,3
1.009,0.511,2
0.309,0.488,0
0.486,0.733,0
0.511,0.085,3
0.423,0.742,0
0.285,0.492,0
0.481,0.72,0
0.467,0.072,3
0.005,0.74,0
0.241,0.471,0
0.496,0.719,0
0.251,0.487,0
0.44,0.002,3
0.086,0.735,0
0.049,0.826,0
0.5,0.073,3
0.262,0.405,0
0.468,0.001,3
1.032,0.577,4
0.265,0.428,0
0.509,0.711,0
0.549,0.062,3
0.025,0.693,0
0.998,0.519,2
0.305,0.507,0
0.042,0.781,0
0.467,0.053,3
0.963,0.511,1
0.076,0.751,0
0.409,0.733,0
0.987,0.546,4
0.202,0.514,0
0.531,0.041,3
0.972,0.513,2
0.558,0.072,3
0.292,0.454,0
0.988,0.578,4
0.423,0.698,0
0.932,0.514,1
0.543,0.101,3
0.249,0.521,0
0.217,0.512,0
0.444,0.735,0
0.939,0.495,1
0.283,0.49,0
0.359,0.71,0
0.518,0.059,3
1.026,0.498,2
0.533,0.141,3
0.297,0.529,0
0.483,0.068,3
0.523,0.05,3
0.403,0.69,0
1.059,0.565,4
0.301,0.423,0
0.228,0.454,0
0.13,0.761,0
0.294,0.475,0
0.25,0.435,0
0.436,0.653,0
0.935,0.519,1
0.947,0.56,1
0.415,0.81,0
0.307,0.411,0
0.416,0.726,0
0.022,0.815,0
0.455,0.097,3
0.999,0.473,2
0.438,0.723,0
0.369,0.715,0
0.923,0.51,1
0.072,0.778,0
0.325,0.494,0
0.035,0.767,0
0.099,0.849,0
0.442,0.802,0
0.491,0.146,3
0.472,0.06,3
0.463,0.677,0
0.955,0.517,1
1.003,0.507,2
0.265,0.471,0
0.094,0.86,0
0.414,0.742,0
0.46,0.676,0
0.255,0.532,0
0.258,0.522,0
0.971,0.478,2
1.024,0.553,4
0.515,0.059,3
0.419,0.714,0
0.94,0.536,1
0.248,0.5,0
0.286,0.528,0
0.988,0.542,4
0.134,0.767,0
0.303,0.452,0
0.318,0.496,0
0.907,0.558,1
0.204,0.502,0
0.147,0.814,0
1.011,0.542,4
0.441,0.718,0
0.342,0.542,0
0.294,0.498,0
0.988,0.506,2
0.504,0.053,3
0.527,0.051,3
0.518,0.148,3
0.447,0.72,0
0.179,0.49,0
0.464,0.717,0
0.281,0.536,0
0.062,0.789,0
0.98,0.505,2
0.448,0.09,3
0.488,0.096,3
0.102,0.792,0
0.493,0.694,0
0.987,0.568,4
0.493,0.088,3
0.05,0.778,0
0.358,0.727,0
0.454,0.772,0
0.278,0.475,0
0.967,0.573,4
0.903,0.553,1
1.031,0.59,4
0.246,0.513,0
0.508,0.093,3
0.438,0.762,0
0.018,0.769,0
0.986,0.55,4
0.092,0.781,0
0.027,0.853,0
0.456,0.05,3
0.235,0.52,0
1.024,0.543,4
0.426,0.677,0
0.488,0.714,0
0.102,0.766,0
0.034,0.765,0
0.199,0.482,0
0.962,0.578,4
0.244,0.567,0
0.951,0.551,1
0.496,0.149,3
0.446,0.707,0
0.959,0.605,4
0.906,0.562,1
0.175,0.407,0
0.973,0.512,2
0.422,0.693,0
0.455,0.1,3
0.307,0.526,0
0.062,0.763,0
0.271,0.539,0
0.887,0.523,1
1.058,0.529,2
0.099,0.764,0
0.472,0.08,3
0.404,0.685,0
0.523,0.054,3
0.986,0.53,2
0.079,0.839,0
0.494,0.036,3
0.511,0.054,3
1.04,0.493,2
0.464,0.766,0
0.55,0.076,3
0.033,0.782,0
0.473,0.676,0
1.061,0.536,2
1,0.547,4
0.546,0.046,3
0.069,0.822,0
0.394,0.65,0
0.258,0.54,0
1.028,0.556,4
1.048,0.534,2
0.563,0.089,3
0.986,0.579,4
0.46,0.088,3
0.451,0.713,0
0.078,0.81,0
0.298,0.501,0
0.932,0.497,1
0.018,0.773,0
0.995,0.554,4
1.004,0.552,4
0.44,0.102,3
0.337,0.671,0
0.223,0.57,0
0.3,0.492,0
1.01,0.571,4
0.992,0.522,2
0.07,0.706,0
1.007,0.527,2
0.026,0.766,0
0.253,0.531,0
0.453,0.733,0
0.948,0.571,1
0.277,0.513,0
0.254,0.475,0
1.021,0.529,2
0.963,0.597,4
0.006,0.776,0
0.937,0.548,1
0.202,0.509,0
0.507,0.081,3
0.215,0.461,0
0.458,0.673,0
0.958,0.573,4
0.467,0.682,0
0.107,0.712,0
0.963,0.511,1
0.981,0.573,4
0.015,0.815,0
0.286,0.588,0
0.031,0.829,0
0.286,0.533,0
0.532,0.139,3
0.255,0.497,0
0.476,0.091,3
0.254,0.486,0
0.449,0.09,3
0.523,0.148,3
0.56,0.099,3
0.517,0.058,3
0.376,0.712,0
1.009,0.497,2
0.099,0.737,0
0.458,0.752,0
0.277,0.434,0
0.05,0.815,0
0.535,0.037,3
1.016,0.56,4
0.431,0.766,0
0.103,0.744,0
0.242,0.521,0
0.226,0.53,0
0.454,0.752,0
0.994,0.561,4
0.938,0.545,1
0.233,0.55,0
0.523,0.059,3
0.495,0.005,3
0.03,0.845,0
0.522,0.076,3
1.004,0.553,4
0.933,0.485,1
0.31,0.517,0
0.393,0.743,0
0.118,0.771,0
0.448,0.802,0
0.896,0.502,1
0.974,0.532,1
0.998,0.56,4
0.118,0.807,0
0.283,0.567,0
0.961,0.631,4
0.434,0.729,0
0.44,0.71,0
0.096,0.771,0
0.157,0.75,0
0.476,0.797,0
0.122,0.828,0
0.316,0.492,0
0.415,0.675,0
0.116,0.838,0
0.285,0.493,0
0.505,0.088,3
0.248,0.509,0
0.483,0.049,3
0.239,0.51,0
0.504,0.09,3
0.008,0.781,0
0.483,0.087,3
0.032,0.782,0
0.275,0.487,0
0.243,0.549,0
0.445,0.657,0
0.973,0.548,4
0.218,0.487,0
0.517,0.018,3
0.289,0.552,0
0.476,0.712,0
1.036,0.525,2
0.264,0.53,0
0.975,0.561,4
0.47,0.119,3
0.135,0.797,0
0.247,0.462,0
0.251,0.514,0
0.236,0.491,0
0.286,0.516,0
0.306,0.519,0
1,0.554,4
0.419,0.72,0
0.478,0.091,3
0.261,0.45,0
0.279,0.477,0
0.481,0.106,3
0.213,0.52,0
0.19,0.536,0
0.419,0.738,0
0.293,0.465,0
0.264,0.549,0
0.479,0.739,0
0.424,0.756,0
0.302,0.505,0
0.012,0.798,0
0.336,0.526,0
0.09,0.784,0
0.454,0.725,0
0.971,0.608,4
0.048,0.768,0
0.529,0.1,3
0.488,0.795,0
0.436,0.723,0
0.464,0.073,3
0.908,0.494,1
0.252,0.477,0
0.492,0.683,0
0.379,0.736,0
0.067,0.71,0
0.113,0.745,0
0.2,0.512,0
0.055,0.747,0
0.01,0.7,0
0.325,0.499,0
0.904,0.513,1
0.394,0.658,0
0.198,0.542,0
0.49,0.071,3
0.467,0.68,0
0.226,0.55,0
0.095,0.831,0
0.473,0.746,0
0.281,0.476,0
0.283,0.4,0
0.072,0.781,0
0.937,0.531,1
0.429,0.734,0
0.49,0.06,3
0.352,0.553,0
0.952,0.572,1
0.47,0.106,3
0.242,0.451,0
0.065,0.8,0
0.276,0.485,0
0.972,0.615,4
0.914,0.51,1
0.064,0.773,0
0.966,0.489,2
1.047,0.502,2
0.369,0.736,0
0.967,0.457,2
0.075,0.795,0
0.524,0.128,3
0.49,0.056,3
0.955,0.602,4
0.421,0.737,0
0.557,0.058,3
0.961,0.479,2
0.046,0.711,0
0.034,0.749,0
0.472,0.124,3
0.556,0.124,3
0.515,0.027,3
0.049,0.836,0
0.393,0.723,0
1.036,0.541,2
0.411,0.694,0
0.18,0.523,0
0.956,0.577,4
0.213,0.515,0
1.033,0.544,4
0.381,0.763,0
1.038,0.485,2
0.521,0.708,0
0.459,0.08,3
0.973,0.517,2
0.43,0.703,0
0.478,0.724,0
0.458,0.098,3
0.435,0.704,0
0.917,0.523,1
0.551,0.102,3
0.533,0.038,3
1.01,0.463,2
0.279,0.519,0
1.039,0.547,4
0.438,0.742,0
0.067,0.789,0
0.949,0.593,4
0.365,0.79,0
0.485,0.695,0
1,0.531,2
0.383,0.654,0
0.494,0.143,3
0.54,0.045,3
0.064,0.758,0
0.092,0.758,0
0.359,0.711,0
0.958,0.489,2
0.37,0.506,0
0.432,0.692,0
0.487,0.084,3
0.219,0.468,0
0.317,0.511,0
0.299,0.443,0
0.436,0.716,0
0.537,0.761,0
0.516,0.012,3
0.457,0.062,3
0.439,0.679,0
1.085,0.572,4
0.425,0.734,0
0.992,0.561,4
0.949,0.574,1
0.999,0.595,4
0.466,0.753,0
0.116,0.816,0
0.482,0.676,0
0.392,0.719,0
0.933,0.504,1
0.467,0.071,3
0.133,0.765,0
0.055,0.724,0
0.183,0.785,0
1.007,0.552,4
0.984,0.542,4
0,0.722,0
0.323,0.478,0
0.429,0.717,0
0.956,0.496,1
0.432,0.113,3
0.395,0.759,0
0.529,0.043,3
0.981,0.619,4
0.462,0.028,3
0.96,0.552,1
0.945,0.621,4
0.125,0.788,0
0.921,0.529,1
0.244,0.539,0
0.072,0.8,0
0.088,0.752,0
0.989,0.577,4
0.246,0.514,0
0.539,0.068,3
0.287,0.482,0
0.257,0.452,0
0.972,0.561,4
0.3,0.496,0
0.547,0.026,3
0.939,0.674,4
0.492,0.714,0
0.21,0.525,0
0.567,0.088,3
0.084,0.841,0
0.46,0.701,0
0.458,0.746,0
0.516,0.035,3
0.274,0.496,0
0.984,0.438,2
0.457,0.699,0
0.394,0.701,0
0.465,0.727,0
0.461,0.739,0
0.418,0.094,3
0.5,0.718,0
0.077,0.836,0
0.04,0.758,0
0.189,0.528,0
0.933,0.558,1
0.491,0.082,3
0.416,0.738,0
0.971,0.507,2
0.088,0.837,0
0.622,0.022,3
0.921,0.504,1
0.468,0.096,3
0.046,0.744,0
0.481,0.151,3
0.545,0.062,3
0.071,0.814,0
0.545,0.069,3
0.967,0.532,1
0.482,0.077,3
0.572,0.099,3
0.18,0.434,0
0.935,0.502,1
0.235,0.431,0
0.252,0.479,0
1.003,0.543,4
0.534,0.133,3
0.23,0.448,0
0.266,0.438,0
0.285,0.494,0
0.08,0.788,0
0.035,0.79,0
0.491,0.075,3
0.471,0.754,0
0.954,0.539,1
0.981,0.539,4
0.516,0.098,3
0.246,0.593,0
0.023,0.775,0
0.082,0.715,0
0.307,0.579,0
0.52,0.095,3
0.412,0.685,0
0.924,0.512,1
0.499,0.024,3
0.504,0.023,3
0.207,0.545,0
0.054,0.84,0
0.14,0.799,0
0.501,0.751,0
0.296,0.511,0
0.993,0.487,2
0.105,0.82,0
0.415,0.671,0
0.989,0.518,2
0.527,0.726,0
0.253,0.475,0
0.472,0.683,0
0.443,0.016,3
0.472,0.009,3
0.466,0.743,0
0.54,0.039,3
0.061,0.781,0
0.383,0.717,0
0.933,0.451,1
0.483,0.676,0
0.295,0.453,0
0.056,0.746,0
0.149,0.766,0
0.13,0.769,0
0.266,0.434,0
0.05,0.782,0
1.031,0.572,4
0.243,0.491,0
0.954,0.531,1
0.5,0.056,3
0.523,0.003,3
0.402,0.732,0
0.974,0.527,2
0.957,0.59,4
1.028,0.584,4
0.479,0.078,3
0.084,0.796,0
0.505,0.038,3
0.937,0.521,1
0.546,0.104,3
0.302,0.442,0
0.498,0.123,3
0.971,0.576,4
0.916,0.53,1
0.088,0.841,0
0.53,0.734,0
0.419,0.716,0
0.411,0.05,3
0.43,0.779,0
0.541,0.08,3
0.969,0.573,4
0.472,0.126,3
0.499,0.056,3
0.457,0.113,3
0.51,0.103,3
0.204,0.484,0
0.985,0.486,2
0.505,0.054,3
0.999,0.553,4
0.023,0.832,0
0.449,0.727,0
0.065,0.814,0
0.387,0.734,0
0.286,0.485,0
1.006,0.544,4
0.261,0.545,0
0.251,0.421,0
0.174,0.584,0
1.029,0.496,2
0.367,0.719,0
0.464,0.809,0
0.437,0.723,0
0.311,0.518,0
0.967,0.55,1
0.454,0.72,0
0.269,0.492,0
0.566,0.087,3
0.076,0.825,0
0.219,0.471,0
0.49,0.104,3
0.42,0.724,0
0.451,0.766,0
0.58,0.074,3
0.421,0.743,0
0.472,0.053,3
0.554,0.089,3
0.281,0.464,0
0.042,0.835,0
0.423,0.67,0
0.43,0.71,0
0.961,0.564,4
0.092,0.716,0
0.091,0.841,0
0.544,0.071,3
0.288,0.504,0
0.108,0.819,0
0.977,0.603,4
0.071,0.725,0
0.415,0.684,0
0.54,0.041,3
0.263,0.463,0
0.414,0.072,3
0.015,0.797,0
0.962,0.523,1
0.258,0.497,0
0.123,0.764,0
0.477,0.072,3
1.026,0.553,4
0.993,0.437,2
0.918,0.515,1
0.076,0.725,0
0.353,0.483,0
1.058,0.473,2
0.044,0.72,0
0.3,0.481,0
0.086,0.815,0
0.432,0.736,0
1.04,0.558,4
0.025,0.759,0
0.507,0.71,0
0.228,0.496,0
0.623,0.062,3
0.114,0.755,0
0.449,0.724,0
0.475,0.071,3
0.411,0.68,0
0.206,0.572,0
0.288,0.515,0
0.973,0.516,2
0.455,0.061,3
0.477,0.105,3
0.315,0.53,0
0.996,0.576,4
1.001,0.58,4
0.402,0.692,0
0.96,0.516,1
0.979,0.579,4
0.092,0.776,0
0.467,0.808,0
0.493,0.113,3
0.952,0.452,2
0.086,0.797,0
0.224,0.454,0
0.221,0.494,0
0.134,0.751,0
0.426,0.699,0
0.383,0.711,0
0.064,0.782,0
0.917,0.429,1
0.993,0.573,4
0.978,0.519,2
0.995,0.573,4
0.973,0.508,2
0.034,0.758,0
0.435,0.756,0
0.518,0.708,0
0.473,0.673,0
0.47,0.071,3
0.005,0.728,0
0.288,0.537,0
0.104,0.78,0
0.132,0.821,0
1.006,0.552,4
0.963,0.581,4
0.47,0.056,3
0.095,0.814,0
0.476,0.784,0
0.417,0.736,0
0.026,0.812,0
0.447,0.761,0
0.456,0.77,0
0.007,0.684,0
1.007,0.488,2
0.111,0.77,0
0.986,0.535,2
0.05,0.766,0
0.262,0.563,0
0.248,0.54,0
0.249,0.495,0
0.434,0.737,0
0.468,0.067,3
0.058,0.774,0
0.049,0.726,0
0.496,0.096,3
0.269,0.435,0
0.027,0.728,0
0.98,0.584,4
0.974,0.509,2
0.378,0.712,0
0.98,0.495,2
0.903,0.487,1
0.467,0.772,0
0.446,0.758,0
0.442,0.734,0
0.259,0.474,0
1.065,0.492,2
0.369,0.75,0
0.41,0.088,3
0.945,0.562,1
0.112,0.776,0
0.255,0.441,0
0.454,0.741,0
0.965,0.566,4
0.242,0.529,0
0.077,0.821,0
0.469,0.017,3
0.485,0.043,3
0.465,0.772,0
0.419,0.754,0
0.249,0.523,0
0.97,0.581,4
0.019,0.78,0
0.106,0.8,0
1.005,0.567,4
0.458,0.712,0
0.448,0.733,0
0.071,0.818,0
0.434,0.688,0
0.463,0.007,3
0.203,0.486,0
0.56,0.065,3
0.948,0.543,1
0.219,0.51,0
0.386,0.664,0
0.52,0.104,3
0.081,0.8,0
0.42,0.715,0
0.088,0.673,0
0.265,0.5,0
0.404,0.695,0
0.95,0.509,1
0.035,0.788,0
0.97,0.581,4
0.479,0.057,3
0.22,0.532,0
0.415,0.074,3
0.068,0.752,0
0.587,0.054,3
0.313,0.489,0
0.385,0.683,0
0.265,0.48,0
0.909,0.493,1
0.964,0.548,1
0.284,0.525,0
0.916,0.5,1
0.471,0.168,3
0.482,0.686,0
0.105,0.752,0
0.389,0.742,0
0.246,0.541,0
0.259,0.501,0
0.223,0.542,0
0.261,0.463,0
0.968,0.558,4
0.96,0.578,4
0.478,0.072,3
0.502,0.682,0
0.934,0.517,1
0.283,0.457,0
0.311,0.53,0
0.386,0.821,0
0.095,0.765,0
0.484,0.099,3
0.432,0.087,3
0.541,0.071,3
0.084,0.841,0
0.49,0.081,3
0.997,0.495,2
0.971,0.501,2
1.009,0.522,2
0.223,0.484,0
0.244,0.534,0
0.498,0.052,3
0.214,0.494,0
0.971,0.525,2
0.192,0.536,0
0.922,0.55,1
0.185,0.421,0
0.29,0.518,0
0.524,0.006,3
1.004,0.541,4
0.424,0.717,0
0.465,0.64,0
0.926,0.526,1
1.039,0.549,4
0.052,0.739,0
0.058,0.743,0
1.012,0.509,2
0.455,0.758,0
0.529,0.057,3
0.428,0.041,3
0.116,0.789,0
0.322,0.407,0
0.288,0.494,0
0.498,0.698,0
0.506,0.142,3
0.987,0.522,2
0.951,0.457,2
0.963,0.572,4
0.486,0.033,3
0.405,0.687,0
0.063,0.701,0
0.432,0.729,0
0.49,0.109,3
0.523,0.111,3
0.965,0.534,1
0.476,0.762,0
0.962,0.567,4
0.419,0.732,0
0.077,0.764,0
0.945,0.562,1
0.037,0.817,0
0.311,0.49,0
0.51,0.081,3
0.057,0.762,0
0.994,0.513,2
0.447,0.71,0
0.328,0.522,0
0.278,0.515,0
0.491,0.1,3
0.435,0.702,0
0.398,0.755,0
0.27,0.505,0
0.076,0.782,0
0.109,0.823,0
0.063,0.783,0
0.503,0.755,0
1.018,0.494,2
0.535,0.027,3
0.932,0.572,1
1.016,0.483,2
0.057,0.77,0
0.482,0.745,0
0.125,0.779,0
1.02,0.464,2
0.113,0.7,0
0.966,0.517,1
0.498,0.029,3
0.52,0.062,3
0.456,0.664,0
0.491,0.068,3
0.518,0.699,0
0.976,0.573,4
0.947,0.501,1
0.487,0.107,3
1.014,0.526,2
0.458,0.084,3
0.088,0.839,0
0.362,0.505,0
0.93,0.542,1
0.254,0.501,0
0.463,0.706,0
0.239,0.55,0
0.24,0.443,0
0.466,0.095,3
0.504,0.059,3
0.499,0.042,3
0.026,0.804,0
0.999,0.513,2
0.482,0.069,3
0.968,0.564,4
0.959,0.551,1
0.913,0.532,1
0.082,0.76,0
0.99,0.542,4
0.321,0.462,0
0.499,0.092,3
0.979,0.484,2
0.941,0.519,1
1.059,0.561,4
0.251,0.56,0
0.438,0.652,0
0.322,0.517,0
0.502,0.104,3
0.393,0.688,0
0.072,0.782,0
0.512,0.75,0
0.527,0.133,3
0.377,0.738,0
0.068,0.851,0
0.947,0.538,1
0.088,0.778,0
0.118,0.796,0
0.322,0.44,0
0.233,0.524,0
0.485,0.73,0
0.478,0.717,0
0.955,0.541,1
0.128,0.819,0
0.102,0.775,0
0.042,0.798,0
0.247,0.427,0
0.469,0.049,3
0.508,0.042,3
0.897,0.512,1
0.422,0.758,0
0.054,0.78,0
0.096,0.813,0
0.937,0.5,1
0.157,0.741,0
0.472,0.713,0
0.01,0.767,0
0.064,0.73,0
0.582,0.116,3
0.059,0.797,0
0.975,0.594,4
0.969,0.498,2
0.028,0.779,0
0.278,0.504,0
0.541,0.031,3
0.319,0.508,0
0.33,0.472,0
0.561,0.109,3
0.981,0.488,2
0.038,0.789,0
0.972,0.502,2
0.465,0.096,3
0.441,0.771,0
0.461,0.169,3
0.436,0.025,3
0.566,0.029,3
0.478,0.115,3
0.977,0.498,2
0.502,0.101,3
0.501,0.072,3
0.351,0.775,0
0.109,0.821,0
0.581,0.076,3
0.492,0.052,3
0.521,0.148,3
0.391,0.697,0
0.48,0.059,3
0.554,0.056,3
0.246,0.527,0
0.521,0.04,3
0.519,0.741,0
0.948,0.595,4
0.449,0.008,3
0.079,0.76,0
0.463,0.693,0
0.072,0.801,0
0.416,0.725,0
0.432,0.688,0
0.943,0.569,1
0.194,0.802,0
0.224,0.522,0
0.05,0.77,0
0.332,0.539,0
0.305,0.512,0
0.518,0.093,3
0.234,0.538,0
0.94,0.463,1
0.225,0.418,0
0.291,0.539,0
0.284,0.427,0
0.117,0.78,0
0.985,0.507,2
0.989,0.502,2
0.27,0.462,0
1.017,0.481,2
0.915,0.526,1
0.296,0.479,0
0.524,0.013,3
0.974,0.534,1
0.92,0.549,1
0.483,0.067,3
0.051,0.732,0
0.276,0.582,0
0.968,0.58,4
0.222,0.558,0
0.425,0.762,0
0.002,0.735,0
0.492,0.13,3
0.543,0.053,3
0.277,0.525,0
0.017,0.801,0
0.281,0.441,0
0.572,0.066,3
0.033,0.772,0
0.037,0.768,0
1.015,0.517,2
0.488,0.128,3
1.012,0.517,2
0.48,0.035,3
0.55,0.074,3
0.479,0.713,0
0.244,0.573,0
0.485,0.793,0
0.949,0.527,1
0.978,0.506,2
0.223,0.547,0
0.446,0.784,0
0.496,0.056,3
0.294,0.43,0
0.085,0.764,0
0.083,0.747,0
0.98,0.526,2
0.905,0.514,1
0.303,0.46,0
0.508,0.015,3
0.333,0.546,0
0.521,0.808,0
0.042,0.771,0
0.463,0.79,0
0.54,0.156,3
0.222,0.535,0
0.908,0.556,1
0.998,0.472,2
0.514,0.119,3
0.987,0.484,2
0.958,0.524,1
0.429,0.727,0
0.961,0.545,1
0.083,0.746,0
1.003,0.516,2
0.142,0.787,0
0.475,0.801,0
0.987,0.506,2
0.533,0.057,3
0.321,0.494,0
0.44,0.089,3
0.966,0.537,1
0.024,0.813,0
0.414,0.732,0
0.252,0.422,0
0.038,0.767,0
1.073,0.543,2
0.021,0.838,0
0.536,0.104,3
0.454,0.087,3
0.042,0.752,0
0.513,0.134,3
0.51,0.716,0
0.282,0.574,0
0.167,0.443,0
0.084,0.726,0
0.043,0.801,0
0.448,0.008,3
0.018,0.78,0
0.274,0.461,0
0.4,0.704,0
0.196,0.513,0
0.482,0.062,3
1.087,0.513,2
0.359,0.66,0
0.025,0.784,0
0.979,0.49,2
0.193,0.825,0
0.988,0.601,4
0.577,0.024,3
0.248,0.468,0
0.144,0.738,0
0.971,0.585,4
0.501,0.662,0
0.464,0.698,0
0.036,0.806,0
0.965,0.485,2
0.967,0.554,4
0.56,0.059,3
0.505,0.028,3
0.188,0.533,0
0.078,0.744,0
0.074,0.825,0
0.544,0.126,3
0.978,0.526,2
0.965,0.523,1
0.948,0.535,1
0.167,0.501,0
0.437,0.746,0
0.422,0.698,0
0.536,0.075,3
0.086,0.786,0
0.448,0.725,0
0.33,0.5,0
0.301,0.47,0
0.955,0.577,4
1.047,0.505,2
0.536,0.069,3
0.196,0.483,0
0.913,0.568,1
0.992,0.487,2
0.012,0.822,0
0.438,0.74,0
0.474,0.691,0
0.479,0.065,3
0.442,0.02,3
0.045,0.743,0
1.025,0.531,2
0.894,0.5,1
0.451,0.663,0
0.093,0.785,0
0.934,0.554,1
0.518,0.109,3
0.502,0.027,3
0.372,0.677,0
0.372,0.742,0
0.528,0.822,0
0.476,0.063,3
0.438,0.777,0
0.071,0.763,0
0.88,0.569,1
0.505,0.762,0
0.027,0.764,0
0.153,0.769,0
0.437,0.716,0
0.533,0.077,3
0.499,0.009,3
0.434,0.7,0
0.48,0.065,3
0.456,0.708,0
0.31,0.483,0
0.227,0.431,0
0.391,0.671,0
0.458,0.081,3
1.022,0.59,4
0.993,0.499,2
0.117,0.81,0
0.503,0.026,3
0.517,0.721,0
0.425,0.655,0
0.943,0.553,1
0.286,0.501,0
0.201,0.568,0
0.239,0.535,0
0.468,0.73,0
0.041,0.743,0
0.244,0.496,0
1.02,0.487,2
0.914,0.499,1
0.315,0.537,0
0.079,0.769,0
0.284,0.513,0
0.135,0.65,0
0.045,0.771,0
0.091,0.719,0
0.061,0.739,0
0.271,0.55,0
0.547,0.053,3
1.025,0.58,4
0.087,0.738,0
0.273,0.513,0
0.573,0.1,3
0.547,0.114,3
0.449,0.76,0
0.96,0.552,1
0.025,0.799,0
0.478,0.692,0
0.334,0.459,0
0.222,0.51,0
0.509,0.753,0
0.487,0.047,3
0.917,0.6,1
0.992,0.564,4
0.424,0.763,0
0.09,0.84,0
1.022,0.558,4
0.294,0.455,0
0.085,0.756,0
0.049,0.784,0
0.097,0.787,0
0.897,0.57,1
0.291,0.575,0
0.99,0.524,2
0.402,0.764,0
0.945,0.517,1
0.476,0.056,3
0.011,0.768,0
0.069,0.741,0
0.253,0.48,0
0.454,0.76,0
0.37,0.728,0
0.495,0.002,3
0.458,0.735,0
0.067,0.806,0
0.127,0.774,0
0.43,0.748,0
0.448,0.743,0
0.492,0.112,3
0.317,0.472,0
0.09,0.77,0
0.085,0.868,0
0.065,0.765,0
0.452,0.769,0
0.028,0.754,0
0.937,0.56,1
0.386,0.588,0
0.983,0.593,4
0.053,0.718,0
0.45,0.718,0
0.44,0.65,0
0.967,0.547,1
0.256,0.535,0
0.441,0.132,3
0.002,0.772,0
0.244,0.518,0
0.485,0.054,3
0.214,0.519,0
0.286,0.497,0
0.469,0.74,0
0.947,0.474,2
0.27,0.469,0
0.305,0.538,0
0.117,0.751,0
0.458,0.696,0
0.954,0.563,1
0.281,0.46,0
0.461,0.735,0
0.038,0.759,0
0.067,0.785,0
0.053,0.848,0
0.965,0.48,2
0.97,0.605,4
0.527,0.113,3
0.059,0.793,0
1.021,0.509,2
1.014,0.513,2
0.539,0.051,3
0.421,0.049,3
0.977,0.516,2
0.079,0.765,0
0.455,0.738,0
0.996,0.536,2
0.022,0.763,0
0.295,0.486,0
0.464,0.825,0
0.219,0.482,0
0.463,0.089,3
0.233,0.46,0
0.013,0.774,0
0.236,0.547,0
0.599,0.09,3
0.066,0.814,0
0,0.823,0
0.478,0.713,0
0.433,0.762,0
0.003,0.742,0
0.993,0.499,2
0.428,0.727,0
0.094,0.833,0
0.269,0.416,0
0.073,0.818,0
1.002,0.582,4
0.885,0.511,1
0.111,0.816,0
0.243,0.438,0
0.413,0.761,0
0.216,0.513,0
0.104,0.769,0
0.066,0.797,0
0.418,0.574,0
0.454,0.039,3
0.081,0.77,0
0.348,0.442,0
0.987,0.494,2
0.44,0.65,0
0.973,0.432,2
0.421,0.054,3
1.021,0.506,2
0.425,0.701,0
0.12,0.728,0
0.97,0.527,1
0.975,0.516,2
0.455,0.689,0
0.368,0.448,0
0.972,0.551,4
0.24,0.454,0
0.131,0.753,0
0.984,0.514,2
0.521,0.05,3
0.302,0.416,0
0.504,0.025,3
0.446,0.672,0
0.446,0.72,0
0.318,0.705,0
0.465,0.746,0
0.309,0.537,0
0.271,0.527,0
0.41,0.82,0
0.003,0.768,0
0.378,0.66,0
0.419,0.674,0
1.06,0.516,2
0.453,0.1,3
0.511,0.097,3
0.327,0.516,0
0.294,0.509,0
0.261,0.448,0
0.541,0.028,3
0.57,0.119,3
0.461,0.12,3
0.981,0.415,2
0.434,0.704,0
0.405,0.772,0
0.971,0.513,2
0.466,0.712,0
0.994,0.566,4
0.103,0.797,0
0.442,0.143,3
0.944,0.544,1
0.318,0.447,0
0.944,0.474,1
0.032,0.718,0
0.485,0.053,3
0.084,0.847,0
1.004,0.576,4
0.48,0.742,0
0.452,0.76,0
0.437,0.709,0
0.098,0.842,0
0.095,0.779,0
0.473,0.07,3
0.479,0.012,3
0.245,0.431,0
0.087,0.816,0
0.224,0.473,0
0.426,0.706,0
1.009,0.557,4
0.482,0.735,0
0.405,0.707,0
0.06,0.775,0
0.976,0.488,2
0.135,0.778,0
0.491,0.029,3
0.504,0.155,3
0.467,0.047,3
0.236,0.5,0
0.935,0.552,1
0.09,0.901,0
0.999,0.526,2
0.533,0.079,3
0.375,0.69,0
0.43,0.758,0
0.241,0.428,0
0.264,0.501,0
0.392,0.729,0
0.485,0.135,3
0.939,0.499,1
0.149,0.791,0
0.105,0.794,0
0.068,0.764,0
0.938,0.485,1
0.481,0.034,3
0.532,0.05,3
0.037,0.739,0
1.036,0.497,2
0.584,0.051,3
0.086,0.755,0
0.509,0.072,3
0.48,0.086,3
0.486,0.107,3
0.399,0.726,0
0.095,0.74,0
0.967,0.487,2
0.37,0.686,0
0.309,0.504,0
0.475,0.681,0
0.027,0.782,0
0.463,0.718,0
0.514,0.083,3
0.916,0.56,1
0.078,0.759,0
0.307,0.501,0
0.977,0.545,4
0.264,0.528,0
0.519,0.027,3
0.095,0.67,0
0.492,0.048,3
0.426,0.062,3
0.984,0.571,4
0.035,0.827,0
0.453,0.039,3
1.01,0.535,2
0.099,0.809,0
0.973,0.541,1
0.011,0.794,0
0.404,0.765,0
0.255,0.47,0
0.28,0.523,0
0.044,0.809,0
0.38,0.711,0
0.325,0.487,0
0.981,0.489,2
0.946,0.55,1
0.299,0.499,0
0.279,0.467,0
0.485,0.086,3
0.373,0.7,0
0.979,0.48,2
0.582,0.031,3
0.502,0.131,3
0.498,0.104,3
0.495,0.081,3
0.209,0.456,0
0.574,0.047,3
0.494,0.093,3
0.422,0.686,0
0.234,0.512,0
0.414,0.718,0
0.436,0.743,0
0.214,0.503,0
0.449,0.72,0
0.366,0.746,0
0.407,0.712,0
0.472,0.004,3
0.224,0.522,0
0.931,0.534,1
0.134,0.762,0
0.057,0.761,0
0.133,0.772,0
0.485,0.08,3
0.418,0.768,0
0.494,0.051,3
0.962,0.57,4
0.581,0.032,3
0.319,0.541,0
0.469,0.054,3
0.469,0.028,3
0.982,0.466,2
0.05,0.828,0
0.429,0.716,0
0.485,0.005,3
0.036,0.811,0
0.415,0.654,0
0.442,0.714,0
0.4,0.772,0
0.997,0.599,4
0.106,0.793,0
0.111,0.734,0
1.008,0.565,4
0.049,0.842,0
0.019,0.791,0
0.322,0.473,0
0.984,0.559,4
1.001,0.48,2
0.09,0.731,0
0.139,0.772,0
0.963,0.517,1
0.093,0.79,0
0.08,0.779,0
0.462,0.745,0
0.392,0.66,0
0.517,0.117,3
0.945,0.535,1
0.063,0.803,0
0.127,0.815,0
0.282,0.497,0
0.939,0.55,1
0.222,0.569,0
0.915,0.483,1
0.272,0.433,0
0.484,0.727,0
0.078,0.731,0
0.478,0.748,0
0.488,0.685,0
0.45,0.649,0
1.012,0.451,2
0.53,0.043,3
0.002,0.792,0
0.276,0.511,0
0.98,0.537,2
0.491,0.051,3
0.547,0.074,3
0.017,0.801,0
0.085,0.717,0
0.35,0.437,0
0.433,0.707,0
1.021,0.508,2
0.472,0.097,3
0.327,0.508,0
0.482,0.12,3
0.97,0.527,1
0.506,0.076,3
0.984,0.61,4
0.135,0.769,0
0.467,0.098,3
0.46,0.731,0
0.092,0.679,0
0.18,0.489,0
0.08,0.773,0
0.492,0.118,3
0.955,0.539,1
0.469,0.113,3
0.498,0.707,0
0.986,0.467,2
0.231,0.555,0
0.123,0.761,0
0.226,0.507,0
0.052,0.719,0
0.076,0.849,0
0.404,0.623,0
0.288,0.471,0
0.105,0.75,0
0.869,0.516,1
0.955,0.516,1
0.415,0.749,0
0.44,0.702,0
0.956,0.568,1
0.536,0.092,3
0.447,0.729,0
0.987,0.578,4
0.949,0.542,1
0.487,0.164,3
0.282,0.497,0
0.253,0.508,0
0.427,0.677,0
0.451,0.747,0
0.996,0.504,2
0.47,0.042,3
0.342,0.446,0
0.078,0.774,0
0.065,0.765,0
0.557,0.011,3
0.098,0.822,0
0.482,0.039,3
0.988,0.537,2
1.011,0.5,2
1.001,0.55,4
1.011,0.531,2
0.949,0.557,1
0.537,0.065,3
0.281,0.537,0
0.437,0.714,0
0.453,0.785,0
0.287,0.51,0
0.99,0.607,4
1.047,0.556,4
0.438,0.01,3
0.094,0.797,0
0.895,0.549,1
0.995,0.563,4
0.359,0.717,0
0.366,0.741,0
0.282,0.456,0
0.514,0.109,3
0.921,0.609,1
0.105,0.778,0
0.213,0.599,0
0.258,0.513,0
0.391,0.73,0
0.478,0.765,0
0.134,0.714,0
1.004,0.615,4
0.122,0.752,0
0.434,0.112,3
0.415,0.646,0
0.237,0.503,0
0.46,0.73,0
0.046,0.799,0
0.917,0.572,1
0.878,0.587,1
0.098,0.741,0
0.212,0.485,0
0.455,0.683,0
0.567,0.07,3
0.123,0.781,0
0.476,0.752,0
0.488,0.085,3
0.078,0.745,0
0.425,0.777,0
0.092,0.765,0
0.428,0.713,0
0.244,0.542,0
0.46,0.736,0
0.047,0.783,0
0.967,0.53,1
0.934,0.501,1
0.483,0.647,0
0.288,0.56,0
0.459,0.644,0
0.507,0.11,3
0.981,0.609,4
0.416,0.716,0
1.011,0.486,2
0.464,0.083,3
0.525,0.085,3
0.498,0.782,0
0.47,0.057,3
0.253,0.566,0
0.288,0.525,0
0.028,0.787,0
0.95,0.633,4
0.002,0.819,0
0.901,0.54,1
0.436,0.075,3
0.053,0.78,0
0.452,0.657,0
0.289,0.482,0
0.262,0.572,0
1.001,0.565,4
0.448,0.08,3
0.42,0.097,3
0.438,0.702,0
0.362,0.784,0
0.503,0.066,3
0.098,0.74,0
0.443,0.768,0
0.079,0.713,0
0.288,0.47,0
0.089,0.8,0
0.083,0.813,0
0.217,0.558,0
0.404,0.755,0
0.959,0.477,2
0.343,0.413,0
1.041,0.545,4
0.206,0.573,0
0.384,0.7,0
0.941,0.554,1
0.439,0.739,0
0.014,0.777,0
0.309,0.511,0
1.032,0.555,4
0.425,0.703,0
1.058,0.563,4
0.561,0.053,3
0.46,0.74,0
0.276,0.5,0
0.015,0.812,0
0.066,0.798,0
0.965,0.553,1
0.523,0.069,3
0.069,0.755,0
0.422,0.696,0
0.459,0.745,0
0.331,0.576,0
1.002,0.545,4
0.229,0.474,0
0.426,0.714,0
1.006,0.559,4
1.031,0.555,4
0.287,0.426,0
0.438,0.753,0
0.441,0.712,0
0.079,0.793,0
0.532,0.061,3
0.129,0.706,0
0.303,0.474,0
0.474,0.085,3
0.101,0.779,0
1.045,0.529,2
0.116,0.824,0
0.978,0.588,4
0.078,0.758,0
0.462,0.747,0
0.463,0.012,3
0.981,0.52,2
0.208,0.481,0
0.091,0.758,0
1.078,0.416,2
0.976,0.569,4
0.897,0.551,1
0.42,0.814,0
0.501,0.073,3
0.464,0.695,0
0.483,0.093,3
0.452,0.069,3
0.508,0.064,3
0.96,0.525,1
0.287,0.447,0
0.49,0.651,0
0.031,0.809,0
1.051,0.581,4
0.515,0.007,3
0.96,0.587,4
0.992,0.577,4
0.245,0.458,0
0.045,0.766,0
0.297,0.406,0
0.071,0.779,0
0.052,0.797,0
0.512,0.721,0
0.546,0.094,3
0.987,0.6,4
1.042,0.575,4
0.231,0.474,0
0.453,0.689,0
0.457,0.086,3
0.042,0.772,0
0.268,0.505,0
0.478,0.109,3
0.543,0.129,3
0.094,0.792,0
0.518,0.09,3
0.412,0.669,0
1.009,0.625,4
0.996,0.561,4
0.466,0.117,3
0.458,0.735,0
0.254,0.537,0
0.283,0.485,0
0.523,0.094,3
0.034,0.726,0
0.124,0.823,0
0.424,0.687,0
0.034,0.753,0
0.385,0.784,0
0.465,0.067,3
0.522,0.006,3
0.084,0.805,0
0.457,0.102,3
0.521,0.066,3
0.056,0.729,0
0.102,0.781,0
0.246,0.506,0
0.437,0.709,0
0.286,0.467,0
0.478,0.734,0
0.072,0.76,0
0.428,0.106,3
0.559,0.097,3
0.043,0.755,0
0.031,0.811,0
0.408,0.802,0
0.05,0.811,0
0.057,0.836,0
0.939,0.527,1
0.279,0.533,0
0.434,0.794,0
0.512,0.107,3
0.917,0.558,1
0.342,0.603,0
0.104,0.788,0
0.265,0.464,0
0.314,0.58,0
0.316,0.448,0
0.26,0.565,0
0.008,0.749,0
0.31,0.494,0
0.071,0.786,0
0.492,0.031,3
0.022,0.769,0
1.002,0.506,2
0.396,0.727,0
0.984,0.543,4
0.245,0.534,0
0.529,0.138,3
1.022,0.571,4
0.436,0.073,3
0.296,0.49,0
0.079,0.78,0
0.248,0.566,0
0.529,0.044,3
0.447,0.689,0
0.039,0.779,0
0.067,0.76,0
0.264,0.516,0
0.082,0.695,0
0.216,0.488,0
0.261,0.587,0
0.065,0.787,0
0.485,0.056,3
0.067,0.748,0
0.251,0.5,0
0.908,0.567,1
0.154,0.813,0
0.947,0.511,1
0.175,0.778,0
0.533,0.109,3
0.418,0.099,3
0.505,0.056,3
0.198,0.445,0
0.067,0.828,0
0.46,0.744,0
0.276,0.48,0
0.474,0.096,3
0.263,0.561,0
0.563,0.127,3
0.418,0.625,0
0.234,0.507,0
0.499,0.701,0
0.533,0.065,3
1.043,0.507,2
0.529,0.112,3
0.98,0.543,4
0.981,0.601,4
0.264,0.462,0
0.288,0.491,0
0.52,0.151,3
0.111,0.806,0
1.021,0.482,2
0.011,0.736,0
0.051,0.762,0
0.134,0.844,0
0.953,0.516,1
0.078,0.829,0
0.276,0.45,0
0.569,0.08,3
0.34,0.514,0
0.488,0.086,3
0.101,0.794,0
0.941,0.476,1
0.14,0.802,0
0.408,0.743,0
0.049,0.766,0
0.203,0.546,0
0.214,0.507,0
0.463,0.02,3
0.106,0.853,0
0.383,0.791,0
0.451,0.709,0
0.487,0.71,0
0.432,0.643,0
0.458,0.721,0
0.112,0.805,0
0.117,0.736,0
0.104,0.772,0
0.303,0.485,0
0.493,0.089,3
0.459,0.709,0
0.155,0.712,0
0.95,0.496,1
0.496,0.001,3
0.441,0.688,0
0.198,0.511,0
0.48,0.71,0
0.438,0.633,0
0.49,0.054,3
0.449,0.647,0
0.38,0.651,0
0.016,0.761,0
0.509,0.104,3
0.074,0.783,0
0.439,0.025,3
0.434,0.783,0
0.415,0.72,0
0.448,0.743,0
0.525,0.046,3
0.556,0.092,3
0.104,0.787,0
0.071,0.736,0
0.057,0.795,0
0.37,0.772,0
0.227,0.453,0
0.107,0.75,0
0.507,0.064,3
0.2,0.528,0
0.499,0.062,3
0.221,0.49,0
0.171,0.805,0
0.057,0.816,0
0.508,0.004,3
0.254,0.567,0
0.496,0.084,3
1.057,0.543,2
0.981,0.573,4
0.065,0.825,0
0.966,0.604,4
0.091,0.711,0
0.425,0.734,0
0.978,0.538,2
0.992,0.535,2
0.463,0.009,3
0.278,0.459,0
0.552,0.081,3
0.981,0.489,2
0.57,0.059,3
0.245,0.573,0
0.453,0.684,0
1,0.563,4
1.016,0.536,2
0.549,0.057,3
0.124,0.701,0
0.507,0.025,3
0.954,0.563,1
0.419,0.715,0
0.467,0.775,0
1.004,0.572,4
0.466,0.127,3
0.943,0.497,1
0.387,0.707,0
0.111,0.79,0
0.465,0.138,3
0.417,0.734,0
0.114,0.768,0
0.513,0.678,0
0.526,0.114,3
0.323,0.451,0
0.047,0.816,0
0.384,0.778,0
0.097,0.733,0
0.533,0.071,3
0.435,0.738,0
0.933,0.579,1
0.449,0.719,0
0.109,0.77,0
0.094,0.791,0
0.039,0.747,0
0.467,0.724,0
0.008,0.818,0
0.301,0.48,0
0.335,0.562,0
0.05,0.756,0
0.345,0.528,0
0.072,0.742,0
0.961,0.549,1
0.494,0.69,0
0.506,0.721,0
0.287,0.517,0
1.061,0.543,2
0.483,0.124,3
0.991,0.588,4
0.155,0.673,0
0.308,0.573,0
0.252,0.487,0
0.979,0.538,2
0.037,0.733,0
0.521,0.103,3
0.458,0.721,0
0.462,0.049,3
0.478,0.148,3
0.115,0.737,0
0.497,0.034,3
1.013,0.52,2
0.425,0.11,3
0.45,0.118,3
0.049,0.785,0
0.517,0.01,3
1.028,0.583,4
0.469,0.049,3
0.505,0.054,3
0.283,0.484,0
0.178,0.842,0
0.561,0.055,3
0.566,0.14,3
0.505,0.061,3
1.016,0.531,2
0.992,0.557,4
0.048,0.771,0
0.087,0.781,0
0.461,0.708,0
0.425,0.648,0
0.01,0.745,0
0.97,0.58,4
1.078,0.548,4
0.073,0.766,0
0.258,0.529,0
0.54,0.098,3
0.457,0.732,0
0.285,0.535,0
0.96,0.592,4
0.454,0.058,3
0.983,0.611,4
0.948,0.529,1
0.492,0.098,3
0.471,0.155,3
0.084,0.778,0
0.953,0.432,2
0.461,0.726,0
0.526,0.056,3
0.421,0.653,0
0.412,0.095,3
0.515,0.017,3
0.901,0.549,1
0.258,0.469,0
0.013,0.701,0
0.105,0.805,0
0.52,0.066,3
0.466,0.068,3
0.217,0.498,0
0.084,0.824,0
1.049,0.5,2
0.933,0.448,1
0.983,0.573,4
0.541,0.014,3
0.455,0.033,3
0.127,0.712,0
0.949,0.589,4
0.523,0.081,3
0.472,0.054,3
0.05,0.754,0
0.12,0.716,0
0.009,0.777,0
0.972,0.553,4
0.545,0.052,3
0.458,0.78,0
0.404,0.737,0
0.406,0.695,0
0.45,0.768,0
0.292,0.544,0
0.456,0.732,0
0.414,0.699,0
0.511,0.033,3
0.284,0.491,0
0.011,0.764,0
0.997,0.622,4
0.418,0.763,0
0.271,0.533,0
0.457,0.668,0
0.47,0.66,0
0.491,0.122,3
1.023,0.503,2
0.223,0.531,0
0.08,0.762,0
0.229,0.538,0
0.553,0.09,3
0.472,0.039,3
0.317,0.515,0
0.289,0.507,0
0.306,0.491,0
0.108,0.742,0
0.565,0.09,3
0.895,0.462,1
0.081,0.795,0
0.549,0.049,3
0.291,0.52,0
0.527,0.034,3
0.437,0.741,0
0.518,0.701,0
0.441,0.069,3
0.495,0.089,3
0.525,0.082,3
1.044,0.558,4
0.478,0.727,0
0.469,0.816,0
0.462,0.663,0
0.475,0.047,3
0.387,0.701,0
0.913,0.551,1
0.458,0.744,0
0.225,0.545,0
0.974,0.563,4
0.294,0.555,0
0.406,0.008,3
0.004,0.78,0
1.034,0.489,2
0.959,0.584,4
0.071,0.794,0
0.093,0.785,0
1.021,0.559,4
0.951,0.511,1
0.457,0.022,3
0.987,0.499,2
0.395,0.756,0
0.103,0.803,0
0.115,0.79,0
0.454,0.753,0
0.413,0.735,0
0.319,0.496,0
0.97,0.532,1
0.463,0.669,0
0.973,0.459,2
0.426,0.655,0
0.093,0.777,0
1.026,0.564,4
0.356,0.491,0
0.479,0.751,0
0.221,0.463,0
0.403,0.797,0
0.405,0.683,0
0.345,0.714,0
0.923,0.52,1
1.014,0.578,4
1.042,0.527,2
0.396,0.775,0
0.031,0.776,0
0.49,0.08,3
0.398,0.718,0
0.097,0.838,0
0.462,0.029,3
1.028,0.517,2
0.324,0.474,0
1,0.523,2
0.024,0.765,0
0.066,0.744,0
0.43,0.704,0
0.496,0.003,3
0.491,0.749,0
0.397,0.704,0
0.957,0.51,1
0.473,0.039,3
0.296,0.436,0
0.524,0.052,3
1.005,0.586,4
0.237,0.494,0
0.313,0.517,0
0.22,0.489,0
0.104,0.805,0
0.517,0.078,3
0.047,0.831,0
0.295,0.468,0
0.356,0.751,0
0.203,0.453,0
0.946,0.536,1
0.214,0.508,0
0.91,0.509,1
0.457,0.742,0
1.054,0.589,4
1.031,0.531,2
0.293,0.525,0
0.442,0.722,0
0.268,0.523,0
0.08,0.708,0
0.36,0.701,0
0.223,0.493,0
0.984,0.54,4
0.901,0.542,1
0.965,0.491,2
0.281,0.506,0
0.026,0.825,0
1.021,0.515,2
0.435,0.693,0
0.083,0.797,0
0.078,0.832,0
0.501,0.034,3
0.073,0.782,0
0.095,0.722,0
0.521,0.003,3
0.518,0.063,3
0.473,0.692,0
0.476,0.778,0
0.43,0.662,0
0.318,0.493,0
0.317,0.55,0
0.055,0.759,0
0.156,0.778,0
0.401,0.722,0
0.489,0.025,3
0.983,0.521,2
0.357,0.071,3
0.455,0.042,3
0.531,0.069,3
0.523,0.083,3
0.082,0.796,0
0.285,0.523,0
0.292,0.509,0
0.925,0.565,1
0.456,0.691,0
0.256,0.454,0
0.244,0.498,0
0.239,0.476,0
0.079,0.727,0
1.067,0.459,2
0.218,0.505,0
0.056,0.75,0
0.98,0.499,2
1.025,0.591,4
0.186,0.565,0
0.544,0.073,3
0.471,0.774,0
0.064,0.819,0
0.464,0.727,0
0.077,0.742,0
0.493,0.163,3
0.96,0.503,1
0.108,0.758,0
0.378,0.749,0
0.519,0.03,3
0.973,0.528,2
0.433,0.747,0
1.006,0.511,2
0.907,0.538,1
0.359,0.722,0
0.232,0.496,0
0.947,0.514,1
1.037,0.506,2
0.324,0.483,0
0.465,0.673,0
0.548,0.084,3
0.434,0.747,0
0.251,0.568,0
0.057,0.803,0
0.273,0.493,0
0.429,0.788,0
0.22,0.44,0
0.435,0.782,0
0.406,0.696,0
0.306,0.567,0
0.517,0.066,3
0.98,0.484,2
0.98,0.588,4
0.54,0.001,3
0.993,0.474,2
0.061,0.831,0
0.502,0.039,3
0.05,0.782,0
0.506,0.759,0
1.007,0.527,2
0.501,0.099,3
0.536,0.074,3
0.974,0.571,4
0.962,0.534,1
0.275,0.529,0
0.437,0.714,0
0.041,0.8,0
0.301,0.517,0
0.489,0.705,0
0.98,0.494,2
0.255,0.53,0
0.221,0.513,0
0.545,0.101,3
0.984,0.527,2
0.235,0.516,0
0.238,0.489,0
0.23,0.563,0
1.039,0.568,4
0.029,0.724,0
0.283,0.53,0
0.456,0.734,0
0.264,0.501,0
0.525,0.155,3
0.472,0.043,3
0.032,0.764,0
0.978,0.519,2
1.005,0.555,4
0.005,0.824,0
0.51,0.071,3
0.516,0.05,3
0.353,0.546,0
0.502,0.682,0
0.485,0.729,0
0.369,0.646,0
0.421,0.671,0
0.969,0.521,1
0.943,0.481,1
0.491,0.029,3
0.964,0.494,2
0.313,0.548,0
0.463,0.105,3
0.076,0.777,0
0.457,0.678,0
0.443,0.018,3
0.4,0.737,0
0.418,0.822,0
0.518,0.093,3
0.124,0.774,0
0.073,0.766,0
0.07,0.881,0
0.385,0.735,0
0.976,0.521,2
0.35,0.769,0
0.259,0.525,0
0.474,0.777,0
0.394,0.767,0
0.998,0.527,2
0.993,0.548,4
0.567,0.067,3
0.062,0.753,0
0.016,0.734,0
0.434,0.11,3
0.528,0.052,3
0.08,0.758,0
0.024,0.845,0
0.451,0.713,0
0.458,0.057,3
0.322,0.479,0
0.957,0.536,1
0.39,0.717,0
0.419,0.654,0
0.357,0.555,0
0.515,0.11,3
1.049,0.551,4
0.974,0.481,2
1.065,0.606,4
0.442,0.074,3
0.472,0.03,3
0.067,0.716,0
0.09,0.739,0
0.089,0.784,0
0.098,0.802,0
0.964,0.521,1
0.031,0.791,0
0.489,0.079,3
0.283,0.577,0
0.007,0.799,0
1.031,0.584,4
0.195,0.49,0
0.529,0.068,3
0.306,0.515,0
0.253,0.515,0
0.296,0.539,0
0.508,0.086,3
0.378,0.711,0
0.057,0.781,0
0.475,0.719,0
0.231,0.457,0
0.113,0.812,0
0.31,0.518,0
0.425,0.689,0
0.465,0.097,3
0.254,0.525,0
0.535,0.107,3
0.478,0.104,3
0.058,0.812,0
0.542,0.101,3
0.499,0.007,3
0.51,0.091,3
0.948,0.61,4
0.982,0.518,2
0.985,0.618,4
0.444,0.723,0
0.267,0.384,0
0.612,0.045,3
0.535,0.126,3
1.068,0.448,2
0.394,0.756,0
0.225,0.436,0
0.421,0.71,0
0.494,0.07,3
0.399,0.787,0
0.237,0.48,0
0.033,0.807,0
0.945,0.507,1
0.119,0.77,0
0.441,0.677,0
0.505,0.107,3
0.322,0.551,0
0.291,0.511,0
0.433,0.119,3
0.515,0.093,3
0.216,0.499,0
1.001,0.507,2
0.429,0.726,0
0.526,0.055,3
0.467,0.016,3
0.108,0.811,0
0.41,0.039,3
0.282,0.528,0
0.357,0.502,0
0.105,0.725,0
0.997,0.635,4
0.53,0.73,0
0.931,0.549,1
0.238,0.541,0
0.905,0.535,1
0.136,0.768,0
0.493,0.683,0
0.514,0.709,0
0.93,0.565,1
0.473,0.762,0
0.938,0.549,1
0.979,0.484,2
0.491,0.129,3
0.476,0.807,0
0.957,0.53,1
0.255,0.464,0
0.416,0.707,0
0.457,0.751,0
0.508,0.763,0
0.318,0.484,0
0.05,0.795,0
0.047,0.754,0
0.539,0.804,0
0.984,0.48,2
0.129,0.759,0
0.291,0.497,0
0.261,0.525,0
0.973,0.476,2
0.102,0.776,0
0.514,0.097,3
0.274,0.473,0
0.087,0.837,0
0.505,0.002,3
1.015,0.536,2
0.986,0.535,2
0.428,0.717,0
0.048,0.832,0
0.464,0.052,3
0.393,0.697,0
0.24,0.535,0
0.416,0.68,0
0.438,0.665,0
0.994,0.563,4
0.031,0.743,0
0.985,0.52,2
0.191,0.513,0
0.9,0.554,1
0.498,0.06,3
0.992,0.568,4
0.414,0.743,0
0.427,0.739,0
0.455,0.084,3
0.38,0.673,0
0.092,0.803,0
0.077,0.771,0
0.943,0.563,1
0.361,0.465,0
0.478,0.118,3
0.408,0.711,0
0.293,0.512,0
0.3,0.464,0
0.326,0.506,0
0.428,0.732,0
0.424,0.74,0
0.123,0.825,0
0.932,0.569,1
0.938,0.54,1
0.492,0.071,3
1.001,0.579,4
0.279,0.473,0
0.14,0.816,0
0.492,0.112,3
0.426,0.831,0
0.1,0.84,0
0.087,0.753,0
0.312,0.525,0
0.431,0.717,0
0.346,0.51,0
0.117,0.834,0
0.428,0.746,0
0.88,0.576,1
0.073,0.777,0
1.026,0.547,4
0.469,0.065,3
0.336,0.524,0
0.11,0.727,0
0.093,0.825,0
0.957,0.572,4
0.941,0.619,4
0.407,0.708,0
0.957,0.561,1
0.216,0.508,0
0.271,0.531,0
0.034,0.793,0
0.961,0.535,1
0.267,0.527,0
0.109,0.744,0
0.974,0.601,4
0.494,0.086,3
0.395,0.728,0
0.09,0.813,0
0.17,0.788,0
0.462,0.004,3
1.031,0.587,4
0.494,0.72,0
0.436,0.654,0
0.473,0.756,0
0.53,0.106,3
0.492,0.103,3
0.112,0.74,0
0.078,0.748,0
0.562,0.055,3
0.95,0.496,1
0.049,0.766,0
0.085,0.796,0
0.073,0.799,0
0.943,0.561,1
1.057,0.6,4
0.435,0.023,3
0.996,0.524,2
0.366,0.503,0
0.118,0.738,0
0.269,0.519,0
0.296,0.613,0
0.526,0.079,3
0.419,0.093,3
0.529,0.743,0
0.948,0.503,1
0.547,0.068,3
0.947,0.538,1
0.357,0.718,0
0.535,0.055,3
0.272,0.537,0
0.484,0.066,3
0.247,0.583,0
0.31,0.503,0
0.248,0.579,0
0.1,0.762,0
0.985,0.552,4
0.427,0.725,0
0.067,0.792,0
0.51,0.122,3
1.027,0.567,4
0.458,0.045,3
0.964,0.573,4
0.977,0.505,2
0.925,0.533,1
0.202,0.491,0
0.299,0.501,0
0.995,0.477,2
0.444,0.12,3
0.52,0.723,0
0.033,0.763,0
1,0.574,4
0.906,0.594,1
0.989,0.511,2
0.262,0.553,0
0.105,0.823,0
0.255,0.492,0
0.139,0.739,0
0.255,0.546,0
0.412,0.766,0
0.156,0.783,0
1.062,0.563,4
0.094,0.789,0
0.364,0.724,0
0.369,0.681,0
1.039,0.51,2
0.515,0.097,3
0.206,0.451,0
0.916,0.565,1
0.258,0.515,0
0.884,0.538,1
0.292,0.428,0
0.454,0.806,0
0.45,0.724,0
0.068,0.681,0
0.984,0.534,2
0.453,0.729,0
0.945,0.496,1
0.423,0.755,0
0.069,0.783,0
0.013,0.794,0
0.961,0.601,4
0.117,0.793,0
0.92,0.533,1
0.437,0.738,0
0.441,0.72,0
0.918,0.546,1
0.089,0.735,0
0.311,0.51,0
0.501,0.802,0
0.071,0.783,0
0.414,0.722,0
0.266,0.505,0
0.39,0.738,0
1.002,0.5,2
0.976,0.534,2
0.502,0.094,3
0.544,0.005,3
0.239,0.464,0
0.3,0.519,0
0.489,0.074,3
1.001,0.566,4
0.313,0.504,0
0.424,0.072,3
0.95,0.513,1
0.511,0.045,3
0.285,0.499,0
0.048,0.883,0
0.475,0.198,3
0.319,0.453,0
0.373,0.735,0
0.955,0.575,4
0.511,0.078,3
0.919,0.544,1
0.516,0.093,3
0.537,0.17,3
0.963,0.514,1
0.432,0.688,0
0.519,0.058,3
0.47,0.001,3
0.911,0.544,1
0.035,0.79,0
0.274,0.508,0
0.164,0.475,0
0.229,0.47,0
0.421,0.738,0
0.011,0.779,0
0.347,0.478,0
0.499,0.688,0
1.027,0.605,4
0.27,0.479,0
0.985,0.474,2
0.326,0.493,0
0.441,0.054,3
0.089,0.824,0
0.992,0.683,4
0.53,0.01,3
1.009,0.499,2
0.457,0.762,0
0.484,0.767,0
0.044,0.794,0
0.08,0.813,0
0.958,0.598,4
0.26,0.472,0
0.281,0.536,0
0.446,0.06,3
0.494,0.052,3
0.251,0.455,0
0.436,0.757,0
0.432,0.693,0
0.529,0.073,3
0.013,0.77,0
0.075,0.746,0
0.462,0.103,3
0.396,0.717,0
0.946,0.567,1
0.474,0.648,0
0.12,0.788,0
0.448,0.725,0
0.225,0.491,0
0.513,0.087,3
0.978,0.539,4
1.036,0.567,4
1.022,0.538,2
0.07,0.789,0
0.01,0.781,0
0.441,0.692,0
0.311,0.479,0
0.063,0.699,0
0.268,0.474,0
0.917,0.478,1
0.496,0.071,3
0.232,0.496,0
0.042,0.827,0
0.052,0.762,0
0.068,0.774,0
1.011,0.594,4
0.517,0.151,3
0.235,0.409,0
0.494,0.057,3
0.294,0.498,0
0.43,0.731,0
0.441,0.704,0
0.965,0.484,2
0.92,0.466,1
0.26,0.449,0
0.535,0.753,0
0.249,0.499,0
0.479,0.11,3
0.442,0.724,0
0.469,0.089,3
0.445,0.734,0
0.984,0.542,4
0.302,0.444,0
0.374,0.687,0
0.567,0.05,3
0.386,0.728,0
0.478,0.025,3
0.43,0.708,0
0.454,0.031,3
1.075,0.529,2
0.464,0.076,3
0.28,0.435,0
0.55,0.744,0
0.255,0.553,0
0.33,0.507,0
0.403,0.074,3
0.248,0.546,0
0.061,0.842,0
0.109,0.799,0
0.295,0.493,0
0.4,0.76,0
0.08,0.791,0
0.501,0.779,0
0.922,0.532,1
0.995,0.512,2
0.05,0.73,0
0.526,0.068,3
0.064,0.767,0
0.976,0.494,2
1.03,0.506,2
0.277,0.491,0
0.26,0.495,0
0.496,0.036,3
0.441,0.678,0
0.117,0.87,0
0.038,0.731,0
0.348,0.5,0
0.533,0.051,3
0.228,0.517,0
0.292,0.541,0
0.49,0.683,0
0.001,0.789,0
0.275,0.528,0
0.456,0.109,3
0.066,0.775,0
0.132,0.794,0
0.265,0.541,0
0.206,0.488,0
0.054,0.838,0
0.981,0.594,4
0.276,0.575,0
0.285,0.542,0
0.936,0.535,1
0.555,0.087,3
0.371,0.624,0
0.258,0.461,0
0.238,0.523,0
0.275,0.537,0
1.02,0.56,4
0.449,0.67,0
0.427,0.745,0
0.285,0.608,0
0.414,0.722,0
0.004,0.741,0
0.242,0.46,0
0.492,0.687,0
0.92,0.568,1
0.977,0.597,4
0.071,0.749,0
0.409,0.111,3
0.238,0.455,0
0.3,0.453,0
0.479,0.094,3
0.125,0.776,0
0.286,0.468,0
1.013,0.486,2
0.298,0.413,0
0.394,0.706,0
0.124,0.826,0
0.458,0.719,0
0.041,0.825,0
0.509,0.074,3
0.429,0.724,0
0.365,0.735,0
0.229,0.584,0
1.004,0.608,4
0.372,0.696,0
0.295,0.426,0
0.556,0.099,3
0.95,0.523,1
0.479,0.048,3
0.047,0.784,0
0.442,0.726,0
1.007,0.515,2
0.256,0.497,0
0.447,0.755,0
0.032,0.715,0
0.491,0.741,0
0.556,0.099,3
0.291,0.517,0
0.448,0.146,3
0.5,0.017,3
0.502,0.686,0
0.086,0.737,0
0.277,0.467,0
0.14,0.74,0
0.294,0.476,0
0.12,0.774,0
0.063,0.787,0
0.052,0.832,0
0.988,0.508,2
0.493,0.132,3
0.945,0.521,1
0.216,0.509,0
0.275,0.543,0
0.887,0.549,1
0.069,0.797,0
0.474,0.121,3
0.964,0.533,1
0.27,0.484,0
0.076,0.766,0
0.301,0.461,0
0.061,0.807,0
0.493,0.096,3
0.214,0.555,0
0.424,0.729,0
0.273,0.533,0
0.12,0.802,0
0.323,0.461,0
0.038,0.745,0
0.251,0.423,0
0.448,0.76,0
0.557,0.016,3
0.107,0.812,0
0.451,0.096,3
0.2,0.478,0
1.015,0.502,2
0.495,0.092,3
0.537,0.02,3
0.233,0.544,0
1.03,0.54,2
0.288,0.529,0
0.276,0.484,0
0.078,0.752,0
0.293,0.53,0
0.015,0.8,0
0.998,0.471,2
0.474,0.102,3
0.515,0.063,3
0.456,0.012,3
0.482,0.114,3
0.296,0.536,0
0.078,0.752,0
0.409,0.716,0
0.467,0.077,3
0.494,0.033,3
0.048,0.767,0
0.262,0.584,0
0.967,0.611,4
0,0.782,0
0.395,0.809,0
0.469,0.103,3
0.571,0.16,3
0.499,0.029,3
0.534,0.087,3
0.49,0.021,3
0.055,0.816,0
0.102,0.775,0
0.048,0.779,0
0.451,0.691,0
0.974,0.557,4
0.405,0.705,0
0.504,0.785,0
0.47,0.083,3
0.985,0.541,4
0.1,0.723,0
0.002,0.812,0
0.271,0.444,0
0.916,0.505,1
0.453,0.758,0
0.219,0.513,0
0.945,0.569,1
0.216,0.471,0
0.518,0.044,3
1.058,0.614,4
0.945,0.529,1
0.459,0.129,3
0.294,0.465,0
1.043,0.578,4
0.422,0.714,0
0.456,0.701,0
0.319,0.44,0
0.335,0.701,0
0.498,0.052,3
0.548,0.114,3
0.436,0.768,0
0.455,0.755,0
0.945,0.533,1
0.221,0.46,0
0.94,0.591,1
0.945,0.52,1
0.954,0.535,1
0.515,0.029,3
0.046,0.794,0
0.179,0.542,0
0.491,0.711,0
0.484,0.675,0
0.97,0.514,2
0.053,0.82,0
0.023,0.803,0
0.419,0.716,0
0.003,0.665,0
0.175,0.541,0
0.955,0.562,1
0.093,0.674,0
1.02,0.601,4
0.076,0.829,0
0.377,0.757,0
0.506,0.701,0
0.992,0.545,4
0.053,0.837,0
0.511,0.124,3
0.509,0.045,3
0.487,0.031,3
0.264,0.599,0
0.426,0.707,0
0.963,0.525,1
0.073,0.786,0
1.087,0.552,4
0.088,0.742,0
0.38,0.661,0
0.225,0.467,0
0.548,0.102,3
0.502,0.104,3
0.147,0.75,0
0.115,0.699,0
0.27,0.463,0
1.029,0.519,2
0.582,0.085,3
0.435,0.71,0
0.41,0.71,0
0.468,0.035,3
0.55,0.024,3
0.983,0.538,2
0.471,0.01,3
0.451,0.106,3
0.471,0.726,0
0.194,0.433,0
0.429,0.692,0
0.461,0.095,3
0.471,0.126,3
0.978,0.531,2
0.549,0.069,3
0.068,0.756,0
0.091,0.809,0
0.966,0.524,1
0.012,0.819,0
0.22,0.518,0
0.354,0.57,0
0.034,0.689,0
0.073,0.82,0
0.048,0.732,0
0.973,0.592,4
0.216,0.521,0
0.096,0.725,0
0.487,0.175,3
0.453,0.755,0
0.401,0.704,0
0.278,0.496,0
0.296,0.455,0
0.011,0.783,0
0.405,0.786,0
0.421,0.1,3
0.39,0.687,0
0.498,0.047,3
0.089,0.795,0
0.023,0.71,0
0.282,0.502,0
0.5,0.748,0
0.195,0.509,0
0.51,0.082,3
0.531,0.026,3
0.987,0.537,2
0.52,0.084,3
0.575,0.081,3
0.471,0.004,3
0.474,0.095,3
0.044,0.687,0
0.204,0.505,0
0.055,0.749,0
0.44,0.721,0
1.01,0.507,2
0.102,0.757,0
0.096,0.842,0
0.589,0.095,3
0.962,0.586,4
0.994,0.536,2
0.249,0.464,0
0.432,0.066,3
0.098,0.829,0
0.268,0.523,0
0.429,0.782,0
0.216,0.497,0
0.296,0.494,0
0.271,0.529,0
0.012,0.77,0
0.454,0.771,0
1.015,0.488,2
0.462,0.737,0
0.42,0.718,0
0.943,0.524,1
1.043,0.525,2
0.971,0.576,4
0.402,0.701,0
0.085,0.777,0
0.041,0.814,0
0.987,0.528,2
0.248,0.469,0
1.033,0.537,2
0.479,0.091,3
0.417,0.631,0
0.14,0.772,0
0.232,0.526,0
0.552,0.082,3
0.026,0.799,0
0.417,0.712,0
0.441,0.687,0
0.012,0.768,0
0.075,0.72,0
0.985,0.509,2
0.09,0.716,0
0.924,0.542,1
0.486,0.105,3
0.451,0.033,3
0.041,0.758,0
0.466,0.132,3
0.28,0.48,0
0.481,0.101,3
0.311,0.462,0
0.333,0.526,0
0.415,0.727,0
0.572,0.106,3
0.241,0.511,0
0.039,0.777,0
0.501,0.074,3
1.021,0.584,4
0.963,0.544,1
0.149,0.773,0
0.961,0.541,1
0.15,0.748,0
0.303,0.474,0
0.9,0.515,1
0.439,0.111,3
0.252,0.527,0
0.116,0.81,0
0.493,0.044,3
0.43,0.142,3
0.261,0.508,0
0.543,0.087,3
0.478,0.101,3
0.455,0.617,0
0.504,0.638,0
0.476,0.662,0
0.473,0.123,3
1.022,0.545,4
0.956,0.541,1
0.959,0.546,1
0.493,0.64,0
0.621,0.088,3
0.49,0.785,0
0.971,0.576,4
0.55,0.088,3
0.929,0.558,1
0.547,0,3
0.043,0.787,0
0.504,0.108,3
0.443,0.073,3
0.011,0.84,0
1.007,0.512,2
0.412,0.793,0
0.939,0.549,1
0.952,0.5,1
0.43,0.667,0
0.252,0.412,0
0.352,0.462,0
0.09,0.767,0
0.472,0.062,3
0.304,0.464,0
0.39,0.069,3
0.125,0.801,0
0.965,0.529,1
0.99,0.596,4
0.315,0.522,0
0.093,0.739,0
0.963,0.444,2
0.932,0.56,1
0.492,0.05,3
0.476,0.762,0
0.474,0.707,0
0.117,0.838,0
0.27,0.486,0
0.517,0.026,3
1.001,0.522,2
0.243,0.551,0
0.437,0.712,0
0.151,0.52,0
0.403,0.728,0
0.278,0.538,0
1.007,0.516,2
0.044,0.722,0
0.384,0.732,0
0.427,0.821,0
1.003,0.543,4
0.375,0.755,0
0.301,0.517,0
0.276,0.516,0
0.087,0.729,0
0.302,0.562,0
0.952,0.484,2
0.444,0.739,0
0.461,0.688,0
0.502,0.082,3
0.323,0.47,0
0.5,0.028,3
0.261,0.491,0
0.486,0.044,3
0.091,0.77,0
0.105,0.753,0
0.477,0.107,3
0.564,0.038,3
0.43,0.668,0
1.007,0.498,2
0.114,0.796,0
0.208,0.389,0
1.006,0.547,4
0.537,0.08,3
1.041,0.57,4
0.428,0.113,3
1.009,0.616,4
0.071,0.784,0
1.022,0.518,2
0.065,0.758,0
0.081,0.781,0
0.982,0.503,2
0.306,0.468,0
1.017,0.489,2
1.004,0.545,4
0.079,0.763,0
0.427,0.747,0
0.232,0.399,0
0.433,0.706,0
0.001,0.83,0
0.551,0.138,3
0.489,0.037,3
0.448,0.673,0
0.131,0.77,0
0.265,0.505,0
0.402,0.735,0
0.993,0.51,2
0.087,0.704,0
0.948,0.566,1
0.912,0.484,1
0.995,0.501,2
0.967,0.574,4
0.261,0.483,0
0.269,0.484,0
0.469,0.76,0
0.932,0.56,1
1.047,0.585,4
0.084,0.76,0
0.448,0.711,0
0.497,0.013,3
0.509,0.073,3
0.077,0.772,0
0.322,0.516,0
0.447,0.775,0
0.561,0.157,3
0.95,0.546,1
0.426,0.691,0
0.994,0.519,2
0.069,0.737,0
0.241,0.459,0
0.499,0.046,3
0,0.87,0
0.034,0.744,0
0.106,0.694,0
0.968,0.566,4
0.943,0.55,1
0.22,0.546,0
0.871,0.586,1
0.27,0.479,0
0.997,0.533,2
1.013,0.547,4
0.974,0.513,2
0.099,0.771,0
0.108,0.78,0
0.459,0.755,0
0.951,0.515,1
0.346,0.525,0
0.094,0.747,0
0.069,0.728,0
0.51,0.063,3
0.941,0.527,1
0.516,0.07,3
0.566,0.74,0
0.987,0.557,4
0.425,0.738,0
0.059,0.794,0
0.276,0.503,0
0.47,0.078,3
0.084,0.773,0
0.498,0.077,3
0.256,0.538,0
1.005,0.563,4
0.429,0.671,0
0.107,0.771,0
0.512,0.1,3
0.491,0.077,3
0.059,0.823,0
0.076,0.817,0
0.058,0.774,0
0.135,0.763,0
0.256,0.521,0
0.259,0.479,0
0.96,0.514,1
0.385,0.742,0
0.465,0.014,3
0.5,0.094,3
0.49,0.066,3
0.971,0.557,4
0.364,0.756,0
0.278,0.453,0
0.255,0.48,0
0.018,0.745,0
0.202,0.474,0
0.329,0.558,0
0.925,0.551,1
0.093,0.821,0
0.466,0.757,0
0.266,0.543,0
1.061,0.525,2
0.066,0.787,0
0.287,0.528,0
0.58,0.129,3
0.04,0.766,0
0.531,0.1,3
0.952,0.579,4
0.062,0.859,0
0.995,0.431,2
0.917,0.621,1
0.059,0.793,0
0.266,0.447,0
0.28,0.501,0
0.936,0.528,1
0.433,0.696,0
0.458,0.747,0
0.971,0.585,4
0.516,0.016,3
0.506,0.138,3
0.456,0.766,0
0.89,0.586,1
1.004,0.481,2
0.212,0.5,0
0.998,0.473,2
0.092,0.75,0
0.433,0.122,3
0.998,0.505,2
0.376,0.712,0
1.011,0.554,4
0.977,0.51,2
0.198,0.543,0
0.478,0.771,0
0.448,0.749,0
0.164,0.8,0
0.483,0.093,3
1.049,0.561,4
1.008,0.559,4
0.891,0.55,1
0.237,0.448,0
0.152,0.831,0
0.267,0.488,0
0.959,0.571,4
0.457,0.638,0
0.297,0.503,0
0.463,0.744,0
0.489,0.094,3
0.038,0.838,0
0.455,0.74,0
0.492,0.116,3
0.101,0.746,0
0.441,0.699,0
0.257,0.504,0
0.955,0.6,4
0.193,0.494,0
0.508,0.053,3
0.977,0.524,2
0.479,0.076,3
0.099,0.751,0
0.052,0.815,0
0.549,0.175,3
0.396,0.786,0
0.091,0.848,0
1.015,0.524,2
0.936,0.563,1
0.292,0.532,0
0.401,0.739,0
0.084,0.716,0
0.281,0.417,0
0.086,0.807,0
0.5,0.705,0
0.088,0.793,0
0.351,0.451,0
0.939,0.507,1
0.572,0.036,3
0.262,0.512,0
0.453,0.749,0
0.046,0.824,0
0.19,0.502,0
0.497,0.08,3
0.078,0.859,0
0.062,0.749,0
0.411,0.687,0
0.084,0.738,0
0.131,0.72,0
0.441,0.032,3
0.457,0.728,0
0.979,0.512,2
0.236,0.565,0
0.462,0.681,0
0.519,0.111,3
0.899,0.575,1
0.606,0.08,3
0.435,0.07,3
0.027,0.767,0
0.074,0.804,0
0.496,0.722,0
0.528,0.701,0
0.269,0.504,0
0.435,0.785,0
0.325,0.496,0
0.468,0.695,0
1.016,0.49,2
0.257,0.491,0
0.081,0.874,0
0.365,0.541,0
0.057,0.772,0
0.998,0.611,4
0.252,0.496,0
0.085,0.758,0
0.43,0.729,0
0.513,0.069,3
0.288,0.504,0
0.389,0.666,0
0.072,0.789,0
0.422,0.778,0
0.966,0.456,2
0.459,0.763,0
0.059,0.732,0
0.297,0.506,0
0.924,0.506,1
0.931,0.571,1
0.013,0.782,0
0.54,0.102,3
0.526,0.002,3
0.297,0.48,0
0.559,0.059,3
0.209,0.579,0
0.469,0.787,0
0.489,0.031,3
0.975,0.517,2
0.94,0.535,1
0.969,0.578,4
0.338,0.541,0
0.443,0.759,0
0.919,0.542,1
0.411,0.725,0
0.313,0.551,0
0.951,0.573,1
0.971,0.512,2
0.032,0.794,0
0.048,0.773,0
0.182,0.496,0
0.22,0.484,0
0.9,0.504,1
0.982,0.615,4
0.402,0.751,0
0.291,0.454,0
0.472,0.092,3
0.06,0.775,0
0.976,0.546,4
0.302,0.555,0
0.502,0.06,3
0.265,0.582,0
0.137,0.796,0
0.446,0.721,0
0.545,0.096,3
0.427,0.671,0
0.96,0.553,1
0.917,0.559,1
0.455,0.033,3
0.475,0.065,3
0.42,0.709,0
0.052,0.763,0
0.088,0.77,0
0.344,0.484,0
0.069,0.72,0
0.049,0.799,0
0.889,0.552,1
0.462,0.087,3
0.928,0.455,1
0.972,0.495,2
1.015,0.542,4
0.463,0.725,0
0.424,0.71,0
0.255,0.465,0
0.294,0.536,0
1.046,0.553,4
0.497,0.769,0
1,0.53,2
0.511,0.043,3
0.037,0.738,0
0.953,0.486,2
0.214,0.513,0
0.239,0.477,0
0.028,0.771,0
0.026,0.816,0
0.525,0.725,0
0.971,0.513,2
0.422,0.735,0
1.053,0.598,4
1.012,0.508,2
0.54,0.046,3
0.034,0.799,0
0.467,0.725,0
0.477,0.085,3
0.126,0.726,0
0.484,0.146,3
0.521,0.007,3
0.003,0.828,0
0.085,0.733,0
0.422,0.66,0
0.135,0.845,0
1.006,0.519,2
0.967,0.552,1
0.068,0.789,0
0.451,0.667,0
0.432,0.73,0
0.445,0.681,0
0.477,0.048,3
0.06,0.753,0
0.484,0.73,0
0.249,0.501,0
0.41,0.67,0
0.068,0.807,0
0.012,0.765,0
0.514,0.013,3
0,0.713,0
0.495,0.707,0
0.38,0.721,0
0.44,0.058,3
0.242,0.525,0
0.148,0.744,0
0.453,0.727,0
0.185,0.471,0
0.497,0.089,3
0.092,0.77,0
0.287,0.51,0
0.153,0.8,0
1.015,0.497,2
0.476,0.755,0
0.383,0.712,0
0.958,0.579,4
0.949,0.5,1
0.422,0.088,3
0.915,0.575,1
0.967,0.575,4
0.288,0.46,0
0.983,0.541,4
0.415,0.75,0
0.462,0.032,3
0.287,0.517,0
0.258,0.523,0
0.305,0.413,0
0.924,0.543,1
0.386,0.002,3
0.056,0.784,0
0.078,0.791,0
0.482,0.087,3
0.137,0.761,0
0.963,0.578,4
0.974,0.55,4
0.931,0.572,1
0.315,0.483,0
0.347,0.538,0
0.421,0.778,0
0.122,0.824,0
0.403,0.738,0
0.494,0.703,0
0.046,0.734,0
0.067,0.736,0
0.993,0.543,4
0.078,0.746,0
1.007,0.466,2
0.518,0.777,0
0.354,0.753,0
0.415,0.731,0
0.065,0.713,0
0.115,0.754,0
0.176,0.523,0
0.515,0.03,3
0.223,0.426,0
0.054,0.795,0
0.456,0.748,0
0.971,0.538,1
0.952,0.461,2
0.046,0.72,0
0.284,0.527,0
0.292,0.495,0
0.019,0.796,0
0.93,0.498,1
0.004,0.802,0
1.019,0.527,2
0.094,0.774,0
0.431,0.775,0
1.006,0.458,2
0.037,0.753,0
0.942,0.51,1
0.078,0.773,0
0.279,0.475,0
0.452,0.745,0
0.08,0.876,0
0.963,0.543,1
0.985,0.573,4
0.525,0.12,3
0.468,0.088,3
0.455,0.023,3
1.003,0.527,2
0.314,0.453,0
0.299,0.518,0
0.548,0.03,3
0.283,0.47,0
0.413,0.709,0
0.473,0.751,0
0.282,0.519,0
0.953,0.561,1
1.022,0.55,4
0.982,0.568,4
0.261,0.503,0
0.546,0.054,3
0.081,0.825,0
0.456,0.696,0
1.006,0.533,2
0.511,0.001,3
0.948,0.56,1
0.026,0.873,0
0.389,0.715,0
0.037,0.776,0
0.088,0.807,0
0.073,0.717,0
0.471,0.074,3
0.527,0.077,3
0.464,0.667,0
0.507,0.105,3
0.514,0.108,3
0.424,0.722,0
0.866,0.544,1
0.109,0.703,0
0.523,0.03,3
0.547,0.09,3
0.333,0.525,0
0.466,0.762,0
0.321,0.458,0
0.448,0.099,3
0.077,0.853,0
0.123,0.763,0
1.007,0.473,2
0.547,0.086,3
0.088,0.782,0
0.472,0.712,0
0.968,0.535,1
1.001,0.527,2
0.44,0.741,0
0.285,0.482,0
0.379,0.771,0
0.09,0.778,0
0.023,0.834,0
0.305,0.56,0
0.412,0.67,0
0.302,0.458,0
0.053,0.787,0
1.007,0.58,4
0.243,0.518,0
0.538,0.033,3
1.014,0.495,2
0.942,0.581,1
0.036,0.763,0
0.277,0.495,0
0.41,0.766,0
0.077,0.809,0
0.455,0.737,0
0.435,0.707,0
0.505,0.09,3
0.544,0.119,3
0.267,0.49,0
0.232,0.49,0
0.463,0.754,0
1.005,0.544,4
0.495,0.793,0
0.488,0.138,3
0.541,0.042,3
0.316,0.531,0
0.459,0.743,0
1.032,0.472,2
0.495,0.683,0
0.486,0.643,0
0.943,0.504,1
0.919,0.455,1
0.453,0.707,0
0.048,0.835,0
0.424,0.662,0
0.491,0.028,3
0.091,0.833,0
0.264,0.494,0
0.98,0.597,4
0.1,0.863,0
0.482,0.105,3
0.51,0.039,3
0.065,0.778,0
0.535,0.006,3
0.526,0.043,3
1.014,0.555,4
0.562,0.067,3
1.006,0.569,4
0.282,0.517,0
1.009,0.473,2
0.434,0.727,0
0.414,0.747,0
0.047,0.864,0
0.298,0.456,0
0.105,0.838,0
0.549,0.787,0
0.417,0.645,0
0.99,0.583,4
0.49,0.041,3
0.951,0.491,1
0.086,0.801,0
0.233,0.512,0
0.449,0.036,3
0.002,0.791,0
0.942,0.531,1
0.506,0.105,3
0.269,0.507,0
0.482,0.107,3
0.988,0.503,2
0.234,0.495,0
0.401,0.772,0
1.007,0.488,2
0.412,0.684,0
0.105,0.756,0
0.522,0.113,3
0.103,0.833,0
0.078,0.826,0
0.476,0.074,3
0.894,0.511,1
0.973,0.581,4
0.041,0.75,0
0.456,0.779,0
0.497,0.733,0
0.256,0.459,0
0.234,0.506,0
0.118,0.771,0
0.458,0.785,0
0.131,0.775,0
0.347,0.773,0
0.998,0.527,2
0.524,0.162,3
0.452,0.738,0
0.413,0.049,3
0.534,0.061,3
0.481,0.663,0
0.538,0.05,3
0.955,0.56,1
0.291,0.489,0
0.495,0.052,3
1.009,0.537,2
0.141,0.766,0
0.489,0.086,3
0.936,0.634,4
0.117,0.753,0
0.959,0.563,1
0.453,0.674,0
0.915,0.565,1
0.497,0.091,3
0.104,0.819,0
0.406,0.757,0
0.243,0.493,0
0.515,0.055,3
0.259,0.55,0
0.497,0.029,3
0.017,0.787,0
0.439,0.798,0
0.473,0.139,3
0.521,0.046,3
0.968,0.578,4
0.454,0.728,0
0.445,0.702,0
0.486,0.743,0
0.477,0.008,3
0.967,0.596,4
0.076,0.746,0
0.245,0.499,0
0.912,0.563,1
0.34,0.458,0
1.007,0.668,4
0.292,0.552,0
0.448,0.706,0
0.132,0.827,0
0.459,0.747,0
0.491,0.058,3
0.303,0.427,0
0.551,0.111,3
1.042,0.58,4
0.082,0.794,0
0.524,0.041,3
0.43,0.816,0
0.173,0.782,0
0.957,0.536,1
0.294,0.51,0
0.952,0.615,4
0.505,0.051,3
0.451,0.715,0
0.468,0.727,0
0.988,0.51,2
0.304,0.464,0
0.501,0.673,0
0.257,0.448,0
0.394,0.649,0
0.473,0.068,3
0.464,0.718,0
0.981,0.471,2
0.43,0.089,3
0.461,0.705,0
0.102,0.822,0
0.468,0.064,3
0.103,0.78,0
0.094,0.753,0
0.046,0.785,0
0.457,0.098,3
0.948,0.598,4
0.52,0.057,3
0.982,0.571,4
1.033,0.555,4
0.925,0.475,1
0.431,0.721,0
0.007,0.698,0
0.484,0.093,3
0.962,0.509,1
0.411,0.04,3
0.988,0.531,2
0.275,0.469,0
0.51,0.06,3
0.06,0.849,0
0.5,0.787,0
0.539,0.045,3
0.047,0.795,0
0.496,0.024,3
0.435,0.063,3
0.95,0.533,1
0.066,0.783,0
0.354,0.714,0
1.017,0.534,2
0.081,0.768,0
0.934,0.479,1
0.004,0.717,0
0.991,0.508,2
0.316,0.484,0
0.286,0.558,0
0.46,0.711,0
0.136,0.771,0
0.026,0.75,0
0.04,0.75,0
0.417,0.811,0
0.331,0.533,0
0.997,0.504,2
0.245,0.388,0
0.283,0.47,0
0.457,0.716,0
0.536,0.131,3
0.477,0.681,0
1.022,0.603,4
0.47,0.075,3
1.013,0.492,2
0.281,0.523,0
0.419,0.708,0
0.444,0.74,0
0.491,0.043,3
0.438,0.756,0
0.22,0.55,0
0.062,0.725,0
0.255,0.48,0
1.03,0.53,2
0.966,0.5,2
0.508,0.109,3
0.088,0.735,0
0.204,0.516,0
0.983,0.482,2
0.939,0.537,1
0.238,0.442,0
0.026,0.821,0
0.025,0.814,0
0.453,0.679,0
0.538,0.121,3
1.009,0.578,4
0.493,0.087,3
0.289,0.435,0
0.377,0.486,0
0.952,0.532,1
0.443,0.084,3
0.953,0.51,1
0.409,0.725,0
0.265,0.526,0
0.259,0.558,0
0.091,0.772,0
0.385,0.457,0
0.59,0.021,3
0.093,0.717,0
0.562,0.021,3
0.446,0.756,0
0.065,0.811,0
0.954,0.618,4
0.521,0.161,3
0.975,0.515,2
0.022,0.807,0
0.261,0.463,0
0.515,0.084,3
0.97,0.462,2
0.547,0.054,3
0.473,0.705,0
0.183,0.489,0
0.94,0.584,1
0.957,0.601,4
0.493,0.034,3
0.492,0.086,3
0.977,0.519,2
0.514,0.085,3
0.986,0.467,2
0.276,0.55,0
0.5,0.101,3
0.378,0.736,0
0.244,0.474,0
0.269,0.446,0
0.97,0.588,4
0.523,0.071,3
0.25,0.484,0
0.429,0.648,0
0.55,0.017,3
0.522,0.732,0
0.99,0.53,2
0.934,0.541,1
0.106,0.741,0
0.134,0.769,0
0.454,0.77,0
0.293,0.499,0
1.018,0.588,4
0.435,0.714,0
0.465,0.064,3
0.232,0.486,0
0.975,0.525,2
0.283,0.495,0
0.506,0.102,3
0.428,0.051,3
0.435,0.757,0
0.975,0.558,4
0.461,0.066,3
0.414,0.089,3
0.119,0.696,0
0.515,0.123,3
0.276,0.481,0
0.26,0.457,0
0.316,0.5,0
0.081,0.673,0
0.179,0.516,0
0.963,0.527,1
0.515,0.087,3
0.429,0.786,0
0.534,0.002,3
0.509,0.123,3
0.513,0.016,3
0.028,0.75,0
0.068,0.778,0
0.53,0.038,3
0.275,0.554,0
0.09,0.712,0
0.317,0.434,0
1.023,0.547,4
0.528,0.041,3
0.979,0.469,2
0.496,0.105,3
0.487,0.626,0
0.534,0.081,3
0.443,0.69,0
0.454,0.055,3
0.963,0.569,4
0.518,0.177,3
0.992,0.556,4
0.206,0.56,0
0.952,0.648,4
0.451,0.798,0
0.516,0.08,3
0.109,0.833,0
0.475,0.74,0
0.448,0.071,3
0.073,0.691,0
0.997,0.536,2
0.453,0.037,3
0.264,0.559,0
0.274,0.474,0
0.482,0.733,0
0.438,0.675,0
0.022,0.809,0
0.512,0.087,3
0.518,0.022,3
0.942,0.634,4
0.459,0.735,0
0.015,0.767,0
0.441,0.746,0
1.019,0.531,2
0.394,0.653,0
0.451,0.712,0
0.333,0.459,0
0.241,0.534,0
1.064,0.526,2
0.082,0.682,0
0.369,0.741,0
0.466,0.689,0
0.311,0.511,0
0.055,0.825,0
0.462,0.67,0
0.95,0.541,1
1.03,0.504,2
0.521,0.05,3
0.148,0.737,0
0.946,0.571,1
0.458,0.095,3
0.498,0.776,0
0.955,0.554,1
0.466,0.057,3
0.537,0.112,3
0.257,0.464,0
0.165,0.775,0
0.236,0.527,0
0.956,0.494,2
0.265,0.557,0
0.466,0.081,3
0.268,0.546,0
0.927,0.533,1
0.288,0.539,0
0.995,0.579,4
0.207,0.4,0
0.041,0.734,0
0.961,0.56,1
0.249,0.498,0
0.481,0.751,0
0.249,0.558,0
0.526,0.097,3
0.055,0.733,0
0.207,0.523,0
0.55,0.158,3
0.579,0.056,3
0.985,0.603,4
0.391,0.758,0
0.238,0.404,0
0.283,0.477,0
0.283,0.553,0
0.342,0.57,0
0.486,0.081,3
0.023,0.82,0
0.495,0.064,3
0.573,0.104,3
0.035,0.721,0
0.505,0.045,3
0.966,0.563,4
0.076,0.766,0
0.462,0.736,0
0.11,0.756,0
0.106,0.793,0
0.982,0.492,2
0.961,0.523,1
0.443,0.713,0
0.982,0.544,4
0.111,0.775,0
0.042,0.655,0
0.538,0.093,3
0.433,0.741,0
0.097,0.794,0
0.28,0.523,0
0.065,0.799,0
1.008,0.55,4
0.482,0.694,0
0.329,0.498,0
0.26,0.563,0
0.965,0.536,1
1.015,0.539,2
0.118,0.758,0
0.269,0.48,0
0.104,0.816,0
0.934,0.492,1
0.045,0.709,0
0.077,0.752,0
0.003,0.768,0
0.943,0.513,1
0.068,0.754,0
0.443,0.734,0
0.964,0.548,1
0.321,0.525,0
0.296,0.527,0
1.039,0.512,2
0.09,0.803,0
0.136,0.775,0
0.398,0.726,0
0.292,0.555,0
0.513,0.104,3
0.989,0.562,4
0.315,0.554,0
0.059,0.809,0
0.417,0.757,0
0.047,0.764,0
0.405,0.781,0
0.318,0.449,0
0.081,0.769,0
0.07,0.799,0
0.095,0.8,0
0.501,0.075,3
0.436,0.776,0
0.466,0.78,0
0.279,0.535,0
0.047,0.781,0
0.095,0.731,0
1.032,0.513,2
0.099,0.801,0
0.933,0.548,1
0.259,0.487,0
0.036,0.716,0
0.019,0.784,0
0.452,0.702,0
0.975,0.501,2
0.451,0.641,0
0.386,0.713,0
0.458,0.033,3
0.266,0.528,0
0.5,0.764,0
0.498,0.149,3
1.013,0.539,2
0.543,0.099,3
0.537,0.089,3
0.518,0.034,3
0.487,0.06,3
0.267,0.529,0
0.982,0.595,4
0.498,0.707,0
0.05,0.765,0
0.338,0.682,0
0.462,0.789,0
0.463,0.736,0
0.133,0.81,0
0.076,0.737,0
0.506,0.078,3
0.442,0.709,0
0.068,0.795,0
0.45,0.708,0
0.091,0.808,0
1.014,0.502,2
0.236,0.51,0
1.019,0.526,2
0.091,0.787,0
0.514,0.723,0
0.106,0.775,0
0.252,0.443,0
0.258,0.486,0
1.055,0.558,4
0.898,0.516,1
0.436,0.723,0
0.845,0.508,1
1.001,0.591,4
0.521,0.107,3
0.526,0.088,3
0.459,0.679,0
0.014,0.79,0
0.071,0.793,0
0.253,0.458,0
0.976,0.558,4
0.395,0.745,0
0.452,0.737,0
0.089,0.748,0
0.335,0.669,0
0.998,0.552,4
0.446,0.745,0
0.514,0.64,0
0.47,0.045,3
0.98,0.608,4
0.394,0.753,0
0.225,0.517,0
0.416,0.673,0
0.995,0.496,2
0.441,0.046,3
0.954,0.567,1
0.465,0.656,0
0.937,0.541,1
0.989,0.559,4
0.252,0.504,0
0.278,0.544,0
0.954,0.577,4
0.459,0.077,3
0.488,0.122,3
0.491,0.677,0
0.285,0.479,0
0.468,0.731,0
0.477,0.77,0
0.49,0.721,0
0.406,0.737,0
0.045,0.749,0
0.472,0.058,3
0.214,0.536,0
0.974,0.555,4
0.061,0.793,0
0.273,0.485,0
0.511,0.689,0
0.49,0.092,3
0.961,0.548,1
0.437,0.78,0
0.993,0.616,4
0.239,0.503,0
0.09,0.778,0
0.479,0.08,3
0.384,0.73,0
1.029,0.61,4
0.293,0.478,0
0.949,0.619,4
0.449,0.752,0
0.498,0.076,3
0.93,0.512,1
0.167,0.43,0
0.427,0.75,0
0.053,0.722,0
0.453,0.651,0
0.561,0.04,3
0.092,0.75,0
0.487,0.013,3
0.234,0.535,0
0.985,0.549,4
0.275,0.448,0
0.971,0.51,2
0.064,0.741,0
0.282,0.514,0
0.404,0.739,0
0.34,0.68,0
0.338,0.499,0
0.948,0.504,1
0.527,0.062,3
0.077,0.726,0
0.465,0.096,3
0.464,0.703,0
0.253,0.548,0
0.453,0.735,0
0.413,0.727,0
1.018,0.526,2
0.405,0.709,0
0.968,0.519,1
0.268,0.555,0
1.051,0.525,2
0.114,0.779,0
0.976,0.581,4
0.38,0.735,0
0.097,0.73,0
0.558,0.064,3
0.253,0.521,0
0.938,0.559,1
0.279,0.519,0
1.029,0.526,2
0.565,0.04,3
0.344,0.462,0
0.3,0.494,0
0.273,0.473,0
0.247,0.495,0
0.931,0.548,1
0.273,0.513,0
0.028,0.842,0
0.326,0.673,0
0.518,0.107,3
0.052,0.802,0
0.487,0.683,0
0.48,0.076,3
0.505,0.013,3
0.986,0.575,4
0.942,0.557,1
0.988,0.534,2
0.966,0.495,2
0.46,0.131,3
0.433,0.693,0
0.986,0.525,2
0.466,0.751,0
0.094,0.788,0
0.041,0.815,0
0.466,0.076,3
0.469,0.75,0
0.988,0.528,2
0.242,0.434,0
1.04,0.518,2
0.423,0.736,0
0.28,0.555,0
0.104,0.791,0
0.063,0.853,0
0.41,0.741,0
0.05,0.727,0
0.329,0.471,0
0.106,0.758,0
0.453,0.647,0
1.031,0.566,4
0.467,0.711,0
0.073,0.827,0
0.337,0.474,0
0.485,0.696,0
1.018,0.545,4
0.256,0.48,0
0.287,0.547,0
0.988,0.535,2
0.074,0.777,0
0.272,0.464,0
0.932,0.549,1
0.484,0.774,0
1.015,0.628,4
0.281,0.498,0
0.298,0.489,0
0.469,0.041,3
0.026,0.665,0
0.528,0.001,3
0.491,0.065,3
0.506,0.017,3
1.024,0.519,2
0.457,0.684,0
0.541,0.064,3
0.514,0.639,0
0.269,0.478,0
0.235,0.475,0
0.068,0.754,0
0.093,0.757,0
0.283,0.464,0
0.331,0.507,0
0.423,0.091,3
0.465,0.1,3
0.113,0.711,0
0.437,0.72,0
0.997,0.482,2
0.011,0.785,0
0.436,0.726,0
0.541,0.062,3
0.5,0.121,3
0.407,0.721,0
0.289,0.527,0
0.456,0.724,0
0.11,0.773,0
0.223,0.491,0
0.405,0.746,0
0.938,0.558,1
0.983,0.513,2
0.976,0.556,4
0.077,0.697,0
0.98,0.542,4
0.458,0.746,0
0.46,0.715,0
0.487,0.625,0
0.987,0.54,4
0.275,0.564,0
0.227,0.531,0
0.944,0.569,1
0.853,0.611,1
0.462,0.711,0
0.491,0.022,3
0.966,0.574,4
0.413,0.715,0
0.532,0.705,0
0.121,0.78,0
0.132,0.795,0
0.036,0.769,0
0.534,0.048,3
0.302,0.474,0
0.515,0.052,3
0.489,0.733,0
0.415,0.045,3
0.041,0.787,0
0.057,0.762,0
0.972,0.51,2
0.272,0.537,0
0.311,0.503,0
0.927,0.504,1
0.254,0.502,0
0.416,0.668,0
0.982,0.535,2
0.258,0.472,0
0.402,0.675,0
0.548,0.088,3
0.123,0.77,0
0.904,0.53,1
0.928,0.522,1
0.112,0.79,0
1.002,0.579,4
0.425,0.77,0
1.011,0.432,2
0.013,0.748,0
0.27,0.493,0
0.082,0.781,0
0.462,0.082,3
0.476,0.107,3
0.978,0.537,2
0.13,0.752,0
0.266,0.492,0
0.216,0.458,0
0.485,0.104,3
1.004,0.45,2
0.236,0.472,0
0.406,0.733,0
0.428,0.713,0
0.022,0.72,0
0.489,0.759,0
0.436,0.563,0
0.962,0.519,1
0.47,0.005,3
0.231,0.581,0
0.513,0.795,0
0.456,0.761,0
0.442,0.046,3
0.3,0.442,0
0.262,0.472,0
0.048,0.796,0
0.962,0.558,1
0.215,0.538,0
1.038,0.584,4
0.272,0.477,0
0.135,0.784,0
0.528,0.076,3
0.243,0.507,0
0.425,0.639,0
0.971,0.501,2
0.407,0.732,0
0.089,0.737,0
0.012,0.743,0
1.002,0.493,2
0.241,0.471,0
0.259,0.531,0
0.338,0.629,0
0.047,0.843,0
0.053,0.819,0
0.434,0.057,3
0.093,0.769,0
0.217,0.578,0
0.442,0.706,0
0.468,0.761,0
0.405,0.71,0
1.008,0.555,4
0.487,0.112,3
0.314,0.535,0
0.436,0.064,3
0.323,0.474,0
0.517,0.141,3
0.46,0.031,3
0.043,0.716,0
0.431,0.679,0
0.044,0.769,0
0.439,0.774,0
0.295,0.486,0
0.516,0.082,3
0.474,0.72,0
0.085,0.783,0
0.425,0.706,0
0.237,0.479,0
0.316,0.468,0
1.016,0.487,2
0.474,0.728,0
0.452,0.768,0
0.043,0.772,0
0.944,0.634,4
0.311,0.562,0
0.401,0.692,0
0.284,0.549,0
0.29,0.529,0
0.506,0.08,3
0.98,0.598,4
0.464,0.74,0
0.487,0.706,0
0.228,0.528,0
0.468,0.027,3
0.468,0.037,3
0.237,0.416,0
0.965,0.539,1
0.056,0.75,0
0.977,0.549,4
0.12,0.817,0
0.23,0.479,0
0.231,0.456,0
0.512,0.062,3
0.244,0.493,0
0.468,0.097,3
0.463,0.694,0
0.123,0.815,0
0.104,0.734,0
0.529,0.056,3
0.085,0.822,0
0.014,0.795,0
0.29,0.516,0
0.42,0.66,0
0.45,0.065,3
0.521,0.109,3
0.263,0.519,0
0.937,0.551,1
0.273,0.491,0
0.034,0.695,0
0.121,0.748,0
0.979,0.514,2
0.244,0.503,0
0.961,0.516,1
0.248,0.49,0
0.986,0.589,4
0.474,0.794,0
0.206,0.509,0
0.535,0.061,3
0.445,0.044,3
0.441,0.791,0
0.224,0.479,0
0.496,0.087,3
1.011,0.544,4
0.436,0.644,0
0.265,0.454,0
0.473,0.75,0
0.062,0.757,0
0.063,0.829,0
0.529,0.104,3
0.081,0.827,0
0.251,0.494,0
0.339,0.555,0
0.971,0.525,2
0.235,0.45,0
0.551,0.102,3
0.508,0.108,3
0.064,0.67,0
0.974,0.551,4
0.228,0.491,0
0.507,0.082,3
0.479,0.797,0
0.306,0.484,0
0.117,0.726,0
1.017,0.547,4
0.933,0.535,1
0.985,0.464,2
0.465,0.721,0
0.258,0.529,0
0.933,0.542,1
0.404,0.799,0
0.435,0.055,3
0.042,0.74,0
0.496,0.011,3
0.302,0.484,0
0.294,0.497,0
1.006,0.523,2
0.304,0.499,0
0.015,0.765,0
0.926,0.601,1
1.058,0.636,4
0.004,0.784,0
0.054,0.764,0
0.321,0.472,0
0.323,0.511,0
0.318,0.448,0
0.001,0.789,0
0.99,0.63,4
0.904,0.533,1
0.068,0.73,0
0.419,0.758,0
0.501,0.041,3
0.327,0.507,0
0.472,0.101,3
1.018,0.618,4
0.466,0.698,0
0.259,0.513,0
0.291,0.527,0
1.015,0.551,4
0.273,0.499,0
0.488,0.142,3
0.25,0.435,0
0.975,0.565,4
0.498,0.054,3
0.973,0.482,2
0.074,0.797,0
0.463,0.008,3
1.002,0.536,2
0.993,0.564,4
0.116,0.803,0
0.931,0.484,1
0.541,0.061,3
1.03,0.62,4
0.068,0.801,0
0.474,0.071,3
0.324,0.535,0
0.973,0.615,4
0.481,0.729,0
0.454,0.781,0
0.548,0.134,3
0.989,0.504,2
0.467,0.78,0
0.158,0.842,0
0.476,0.67,0
0.031,0.734,0
0.176,0.428,0
0.268,0.524,0
0.48,0,3
1.008,0.504,2
0.013,0.792,0
0.045,0.807,0
0.282,0.501,0
0.947,0.493,1
0.02,0.783,0
0.503,0.082,3
0.972,0.625,4
0.979,0.513,2
0.305,0.506,0
0.982,0.587,4
0.231,0.463,0
0.399,0.746,0
0.457,0.732,0
1.002,0.544,4
0.987,0.489,2
0.457,0.808,0
1.001,0.589,4
0.967,0.629,4
0.083,0.87,0
0.254,0.475,0
0.517,0.054,3
0.486,0.642,0
0.144,0.786,0
0.329,0.546,0
1.031,0.563,4
0.446,0.101,3
0.285,0.506,0
0.433,0.651,0
0.413,0.685,0
0.271,0.472,0
0.43,0.77,0
0.432,0.764,0
0.022,0.766,0
0.984,0.545,4
0.487,0.083,3
0.323,0.474,0
0.133,0.783,0
0.524,0.118,3
0.093,0.77,0
0.456,0.099,3
0.511,0.103,3
0.292,0.531,0
0.968,0.586,4
0.526,0.014,3
0.962,0.584,4
0.281,0.481,0
0.282,0.476,0
0.32,0.473,0
0.898,0.514,1
0.28,0.518,0
0.103,0.859,0
0.449,0.777,0
0.263,0.474,0
0.227,0.525,0
0.435,0.741,0
0.489,0.042,3
1.034,0.614,4
0.546,0.068,3
0.481,0.688,0
0.079,0.726,0
1.007,0.605,4
0.533,0.66,0
0.492,0.128,3
0.405,0.766,0
0.432,0.063,3
1.044,0.562,4
0.53,0.044,3
0.062,0.833,0
0.432,0.078,3
0.433,0.77,0
0.576,0.109,3
1.022,0.617,4
0.127,0.779,0
0.523,0.119,3
0.51,0.103,3
0.004,0.759,0
0.501,0.042,3
0.305,0.495,0
0.427,0.673,0
0.087,0.75,0
0.476,0.722,0
0.442,0.655,0
0.449,0.727,0
0.069,0.779,0
0.965,0.563,4
0.441,0.752,0
0.409,0.641,0
0.481,0.738,0
0.981,0.457,2
0.318,0.599,0
0.255,0.562,0
0.069,0.773,0
0.414,0.774,0
0.368,0.715,0
0.509,0.044,3
0.482,0.047,3
0.956,0.519,1
1.028,0.656,4
0.021,0.752,0
0.075,0.756,0
0.5,0.054,3
0.076,0.783,0
0.273,0.458,0
0.018,0.799,0
0.476,0.02,3
0.229,0.51,0
0.446,0.662,0
0.443,0.714,0
0.453,0.76,0
0.295,0.476,0
0.294,0.48,0
0.49,0.043,3
0.28,0.476,0
0.466,0.006,3
0.523,0.039,3
0.449,0.709,0
0.539,0.07,3
0.985,0.566,4
0.044,0.778,0
0.197,0.553,0
0.475,0.719,0
1.012,0.515,2
0.084,0.792,0
0.41,0.732,0
0.461,0.7,0
0.266,0.534,0
0.419,0.691,0
1.029,0.452,2
1.025,0.532,2
0.428,0.708,0
0.275,0.462,0
0.297,0.502,0
0.484,0.098,3
0.454,0.128,3
0.988,0.486,2
0.092,0.87,0
0.389,0.699,0
0.979,0.529,2
0.463,0.704,0
0.258,0.48,0
0.062,0.823,0
0.127,0.843,0
0.239,0.46,0
0.94,0.537,1
0.981,0.583,4
0.32,0.469,0
0.948,0.564,1
0.387,0.727,0
0.441,0.711,0
1.04,0.545,4
0.346,0.713,0
0.038,0.733,0
0.451,0.711,0
0.098,0.727,0
0.457,0.713,0
0.955,0.546,1
0.967,0.565,4
0.5,0.696,0
1.022,0.54,2
0.511,0.126,3
0.128,0.768,0
0.242,0.51,0
0.06,0.773,0
0.968,0.5,2
0.093,0.774,0
0.521,0.746,0
0.446,0.118,3
0.538,0.087,3
0.941,0.52,1
0.389,0.729,0
0.427,0.109,3
0.837,0.508,1
0.438,0.701,0
0.049,0.808,0
0.956,0.541,1
0.49,0.067,3
1.08,0.531,2
0.112,0.835,0
0.913,0.55,1
0.456,0.706,0
0.305,0.498,0
1.038,0.506,2
0.445,0.711,0
0.482,0.109,3
0.522,0.118,3
0.086,0.812,0
0.984,0.527,2
0.258,0.501,0
0.508,0.139,3
0.56,0.021,3
0.071,0.825,0
0.456,0.704,0
0.246,0.483,0
1.029,0.535,2
0.065,0.698,0
0.987,0.494,2
0.514,0.02,3
0.593,0.135,3
1.013,0.528,2
0.481,0.747,0
0.418,0.706,0
0.101,0.814,0
0.224,0.484,0
0.066,0.813,0
0.438,0.056,3
0.553,0.005,3
0.049,0.851,0
0.087,0.789,0
0.432,0.754,0
0.099,0.74,0
0.948,0.528,1
0.483,0.068,3
0.273,0.508,0
0.981,0.511,2
0.946,0.51,1
0.903,0.54,1
0.031,0.747,0
0.09,0.745,0
1.009,0.547,4
0.083,0.827,0
0.469,0.056,3
0.412,0.707,0
0.447,0.72,0
0.462,0.736,0
0.516,0.666,0
0.02,0.717,0
1,0.47,2
0.072,0.73,0
0.038,0.841,0
0.074,0.791,0
0.461,0.035,3
0.351,0.475,0
0.06,0.715,0
0.505,0.112,3
0.454,0.125,3
0.977,0.551,4
0.282,0.513,0
0.049,0.775,0
0.93,0.51,1
0.934,0.528,1
0.974,0.583,4
0.389,0.715,0
0.463,0.7,0
0.082,0.725,0
0.302,0.52,0
1.017,0.544,4
0.03,0.707,0
0.134,0.736,0
0.245,0.511,0
0.98,0.541,4
0.047,0.821,0
0.109,0.718,0
0.138,0.854,0
0.362,0.683,0
0.969,0.544,1
0.962,0.529,1
0.042,0.747,0
0.309,0.423,0
1.016,0.5,2
0.325,0.439,0
0.099,0.774,0
0.931,0.528,1
0.095,0.832,0
0.282,0.469,0
0.509,0.041,3
0.537,0.11,3
0.988,0.518,2
0.233,0.506,0
0.272,0.503,0
0.134,0.838,0
1.062,0.56,4
0.473,0.701,0
0.141,0.718,0
0.471,0.038,3
0.428,0.724,0
0.521,0.013,3
0.221,0.487,0
0.412,0.694,0
0.48,0.035,3
0.983,0.614,4
0.476,0.777,0
0.962,0.514,1
0.479,0.087,3
0.963,0.583,4
0.925,0.557,1
0.408,0.692,0
0.524,0.118,3
0.184,0.508,0
0.466,0.068,3
0.962,0.603,4
0.402,0.67,0
0.136,0.787,0
0.396,0.792,0
0.57,0.094,3
0.476,0.119,3
0.545,0.044,3
0.226,0.501,0
0.904,0.488,1
0.428,0.643,0
0.475,0.099,3
0.285,0.528,0
0.452,0.675,0
0.108,0.865,0
0.225,0.58,0
0.276,0.375,0
1.01,0.562,4
0.957,0.553,1
0.549,0.11,3
0.97,0.528,1
0.063,0.738,0
0.498,0.127,3
0.956,0.564,1
0.049,0.835,0
0.382,0.694,0
0.039,0.867,0
0.232,0.507,0
0.132,0.729,0
0.29,0.464,0
0.438,0.648,0
0.058,0.733,0
1.012,0.538,2
0.312,0.445,0
0.22,0.526,0
0.401,0.691,0
0.537,0.059,3
0.096,0.821,0
1.008,0.522,2
0.95,0.6,4
0.054,0.752,0
0.244,0.55,0
0.425,0.73,0
0.08,0.751,0
0.399,0.728,0
0.299,0.549,0
0.407,0.749,0
0.066,0.782,0
0.961,0.519,1
0.278,0.46,0
0.982,0.568,4
0.999,0.53,2
0.132,0.826,0
0.276,0.486,0
0.243,0.46,0
0.124,0.804,0
0.062,0.834,0
1.046,0.525,2
0.073,0.837,0
0.451,0.714,0
0.934,0.535,1
0.958,0.47,2
0.303,0.444,0
1.018,0.546,4
1.021,0.531,2
0.22,0.522,0
0.314,0.444,0
0.098,0.797,0
0.406,0.748,0
0.949,0.505,1
0.52,0.085,3
0.511,0.04,3
0.395,0.743,0
0.593,0.052,3
0.405,0.673,0
0.253,0.491,0
0.382,0.695,0
0.994,0.553,4
0.441,0.662,0
0.463,0.716,0
0.571,0.097,3
0.295,0.473,0
0.241,0.478,0
0,0.784,0
0.373,0.743,0
0.24,0.45,0
0.294,0.45,0
0.447,0.088,3
0.059,0.864,0
0.059,0.787,0
0.326,0.572,0
0.111,0.808,0
0.443,0.118,3
0.125,0.768,0
1.044,0.563,4
0.417,0.724,0
0.402,0.755,0
0.44,0.748,0
0.03,0.738,0
0.989,0.54,4
0.315,0.478,0
0.475,0.099,3
0.024,0.787,0
1.007,0.586,4
1.033,0.527,2
0.274,0.463,0
0.481,0.692,0
0.467,0.108,3
0.5,0.016,3
0.237,0.491,0
0.014,0.753,0
0.978,0.469,2
0.491,0.106,3
0.249,0.519,0
1.015,0.563,4
0.138,0.766,0
0.076,0.769,0
0.1,0.691,0
0.28,0.575,0
0.099,0.769,0
0.311,0.463,0
0.334,0.752,0
0.978,0.554,4
0.078,0.815,0
0.091,0.807,0
0.957,0.494,2
0.94,0.439,2
0.087,0.769,0
0.254,0.502,0
0.997,0.547,4
0.051,0.817,0
0.308,0.506,0
0.468,0.742,0
0.109,0.787,0
0.458,0.699,0
0.48,0.055,3
0.538,0.113,3
0.98,0.491,2
0.09,0.727,0
0.203,0.495,0
0.486,0.755,0
0.993,0.581,4
1.012,0.549,4
0.263,0.458,0
0.36,0.702,0
1.055,0.485,2
0.447,0.714,0
0.296,0.542,0
1.022,0.483,2
0.973,0.559,4
1.024,0.559,4
0.059,0.812,0
0.308,0.501,0
0.421,0.662,0
0.446,0.632,0
0.505,0.104,3
0.535,0.106,3
0.475,0.701,0
0.522,0.002,3
0.538,0.096,3
0.991,0.501,2
0.978,0.578,4
0.99,0.545,4
0.435,0.693,0
0.958,0.516,1
0.54,0.017,3
0.513,0.108,3
1.003,0.533,2
0.064,0.775,0
0.41,0.139,3
0.302,0.436,0
0.512,0.069,3
0.25,0.518,0
0.235,0.544,0
0.993,0.607,4
0.348,0.721,0
0.208,0.585,0
0.962,0.529,1
0.479,0.07,3
1.018,0.556,4
0.983,0.487,2
0.088,0.833,0
0.234,0.498,0
0.27,0.479,0
0.256,0.419,0
1.029,0.539,2
0.303,0.62,0
0.27,0.441,0
0.539,0.055,3
0.242,0.41,0
0.297,0.564,0
0.967,0.579,4
0.007,0.817,0
0.982,0.504,2
0.279,0.551,0
0.031,0.738,0
0.963,0.519,1
0.507,0.043,3
0.489,0.098,3
0.022,0.87,0
0.503,0.035,3
0.513,0.044,3
0.309,0.485,0
0.038,0.727,0
0.237,0.489,0
0.518,0.171,3
0.064,0.839,0
0.067,0.766,0
0.992,0.515,2
0.401,0.7,0
0.086,0.715,0
0.5,0.045,3
0.451,0.104,3
0.082,0.821,0
0.985,0.516,2
0.463,0.07,3
0.47,0.048,3
0.401,0.796,0
0.484,0.088,3
0.281,0.545,0
0.987,0.487,2
0.995,0.508,2
0.968,0.583,4
1.019,0.544,4
0.274,0.477,0
0.471,0.704,0
0.338,0.498,0
0.478,0.041,3
0.137,0.786,0
0.458,0.75,0
0.481,0.142,3
0.985,0.566,4
0.566,0.047,3
0.959,0.455,2
0.418,0.671,0
0.971,0.545,1
1.052,0.573,4
0.279,0.536,0
1.043,0.538,2
0.39,0.742,0
0.48,0.004,3
1.003,0.551,4
0.035,0.764,0
0.472,0.779,0
0.991,0.481,2
0.927,0.576,1
0.417,0.714,0
0.418,0.647,0
1.018,0.57,4
0.064,0.812,0
0.278,0.5,0
0.357,0.725,0
0.471,0.739,0
0.466,0.718,0
0.433,0.736,0
0.308,0.492,0
0.427,0.672,0
0.012,0.75,0
0.061,0.798,0
0.947,0.562,1
0.15,0.818,0
0.982,0.52,2
0.505,0.029,3
0.583,0.003,3
0.111,0.727,0
0.98,0.53,2
0.958,0.533,1
0.466,0.698,0
0.484,0.782,0
0.356,0.721,0
0.303,0.476,0
0.008,0.746,0
0.267,0.489,0
0.091,0.77,0
0.204,0.54,0
0.489,0.017,3
0.41,0.69,0
0.53,0.079,3
0.096,0.744,0
0.077,0.764,0
0.455,0.776,0
1.041,0.546,4
0.935,0.548,1
0.362,0.675,0
0.447,0.688,0
0.076,0.794,0
0.401,0.723,0
0.989,0.542,4
0.249,0.501,0
0.283,0.479,0
0.408,0.689,0
0.485,0.079,3
0.392,0.675,0
0.553,0.113,3
0.546,0.153,3
0.224,0.514,0
0.129,0.768,0
0.458,0.682,0
0.473,0.004,3
0.435,0.736,0
0.544,0.076,3
0.137,0.735,0
0.418,0.701,0
0.071,0.855,0
0.411,0.732,0
0.079,0.77,0
0.442,0.704,0
0.553,0.103,3
0.276,0.497,0
0.996,0.516,2
0.263,0.544,0
0.992,0.518,2
0.291,0.494,0
0.074,0.804,0
0.071,0.808,0
0.483,0.681,0
0.471,0.767,0
0.484,0.057,3
0.446,0.686,0
0.422,0.719,0
0.966,0.542,1
0.173,0.572,0
0.258,0.455,0
0.434,0.072,3
0.54,0.08,3
0.98,0.61,4
0.074,0.698,0
0.982,0.613,4
0.547,0.128,3
0.249,0.497,0
0.987,0.607,4
0.472,0.737,0
0.144,0.742,0
0.25,0.495,0
0.374,0.747,0
0.254,0.51,0
0.303,0.501,0
0.284,0.569,0
0.992,0.52,2
0.265,0.554,0
0.144,0.752,0
1.03,0.656,4
0.339,0.555,0
0.964,0.504,2
0.518,0.05,3
0.392,0.766,0
0.179,0.842,0
0.563,0.024,3
0.107,0.739,0
0.928,0.59,1
0.049,0.826,0
0.223,0.531,0
0.137,0.738,0
0.462,0.057,3
0.026,0.822,0
0.95,0.611,4
1.013,0.524,2
0.512,0.017,3
0.465,0.649,0
0.054,0.828,0
0.988,0.504,2
0.007,0.811,0
0.449,0.114,3
0.314,0.541,0
0.291,0.494,0
0.029,0.84,0
0.519,0.756,0
0.986,0.528,2
0.439,0.737,0
1.041,0.542,2
0.43,0.749,0
0.101,0.836,0
0.287,0.465,0
0.44,0.694,0
0.267,0.557,0
0.112,0.827,0
0.964,0.557,1
0.951,0.579,4
0.308,0.527,0
0.958,0.546,1
0.473,0.146,3
0.34,0.532,0
0.301,0.407,0
0.446,0.749,0
0.462,0.718,0
0.478,0.055,3
0.234,0.543,0
0.284,0.403,0
0.038,0.771,0
0.309,0.442,0
0.319,0.512,0
0.988,0.539,4
0.322,0.531,0
0.532,0.015,3
0.541,0.035,3
0.989,0.564,4
0.446,0.699,0
0.246,0.524,0
0.469,0.109,3
0.538,0.033,3
0.457,0.726,0
0.359,0.522,0
0.409,0.74,0
0.259,0.509,0
0.571,0.145,3
0.002,0.744,0
0.52,0.153,3
0.493,0.749,0
0.299,0.587,0
0.02,0.767,0
0.042,0.812,0
0.069,0.717,0
0.236,0.496,0
0.476,0.726,0
0.486,0.095,3
0.415,0.047,3
0.463,0.731,0
0.51,0.101,3
0.087,0.778,0
0.065,0.771,0
0.4,0.729,0
0.525,0.012,3
0.321,0.63,0
0.087,0.758,0
0.939,0.595,4
0.934,0.601,1
0.189,0.404,0
0.105,0.856,0
0.398,0.683,0
0.469,0.067,3
0.99,0.54,4
0.242,0.553,0
1.012,0.559,4
0.982,0.515,2
0.094,0.776,0
0.467,0.722,0
0.452,0.71,0
0.281,0.455,0
0.504,0.07,3
0.072,0.843,0
0.469,0.706,0
0.944,0.538,1
0.318,0.476,0
0.532,0.09,3
0.129,0.811,0
0.478,0.627,0
1.011,0.546,4
0.266,0.546,0
1.02,0.519,2
0.232,0.486,0
0.518,0.064,3
0.979,0.569,4
0.259,0.523,0
0.992,0.562,4
0.081,0.878,0
0.977,0.508,2
0.448,0.711,0
0.418,0.765,0
1.018,0.5,2
0.439,0.686,0
0.277,0.466,0
0.053,0.743,0
0.947,0.524,1
0.495,0.092,3
0.229,0.453,0
0.277,0.517,0
0.982,0.516,2
0.542,0.005,3
0.431,0.772,0
0.279,0.396,0
0.083,0.77,0
0.341,0.606,0
0.134,0.824,0
0.493,0.766,0
0.232,0.534,0
0.232,0.484,0
0.958,0.507,1
0.488,0.03,3
0.015,0.856,0
0.484,0.065,3
0.476,0.161,3
0.44,0.075,3
0.34,0.479,0
0.168,0.807,0
0.99,0.491,2
0.089,0.803,0
0.232,0.455,0
0.386,0.713,0
0.496,0.054,3
0.229,0.5,0
0.452,0.088,3
0.111,0.73,0
0.98,0.559,4
0.315,0.528,0
0.907,0.555,1
0.322,0.462,0
0.957,0.593,4
0.41,0.774,0
0.059,0.834,0
0.974,0.523,2
1.016,0.556,4
0.296,0.461,0
0.495,0.065,3
0.43,0.069,3
1.004,0.48,2
0.945,0.525,1
0.456,0.027,3
0.545,0.125,3
0.513,0.081,3
0.456,0.075,3
0.312,0.512,0
0.979,0.523,2
1.025,0.552,4
0.243,0.568,0
0.078,0.772,0
0.478,0.743,0
0.978,0.53,2
0.512,0.124,3
0.533,0.135,3
0.372,0.715,0
0.447,0.736,0
0.317,0.482,0
0.445,0.775,0
0.305,0.529,0
0.461,0.067,3
0.013,0.746,0
0.444,0.769,0
0.287,0.485,0
0.078,0.837,0
0.29,0.584,0
0.518,0.061,3
0.407,0.656,0
0.462,0.665,0
0.498,0.08,3
0.122,0.795,0
0.441,0.696,0
0.404,0.717,0
0.3,0.558,0
0.344,0.459,0
0.471,0.082,3
1.005,0.494,2
0.141,0.81,0
0.265,0.515,0
0.282,0.451,0
0.404,0.02,3
0.085,0.781,0
0.496,0.058,3
0.135,0.725,0
0.494,0.118,3
0.114,0.785,0
0.304,0.457,0
0.453,0.769,0
0.068,0.785,0
0.437,0.061,3
0.474,0.027,3
1.052,0.562,4
0.437,0.698,0
0.331,0.442,0
0.229,0.499,0
0.018,0.783,0
0.183,0.439,0
1.023,0.5,2
0.268,0.535,0
0.477,0.712,0
0.921,0.492,1
0.104,0.748,0
0.479,0.097,3
0.589,0.088,3
0.229,0.523,0
0.408,0.773,0
0.263,0.547,0
0.483,0.125,3
1.023,0.62,4
0.559,0.056,3
0.413,0.749,0
0.5,0.075,3
0.037,0.791,0
0.025,0.685,0
1.007,0.531,2
0.039,0.751,0
0.556,0.103,3
0.452,0.704,0
0.975,0.545,4
0.012,0.825,0
0.898,0.49,1
0.43,0.753,0
1.033,0.496,2
0.466,0.073,3
0.506,0.006,3
0.448,0.133,3
0.039,0.801,0
0.51,0.017,3
0.952,0.548,1
0.494,0.754,0
0.409,0.674,0
0.316,0.481,0
0.51,0.72,0
0.973,0.525,2
0.014,0.736,0
0.518,0.043,3
0.075,0.817,0
0.997,0.582,4
0.973,0.453,2
0.514,0.075,3
0.974,0.584,4
0.321,0.504,0
0.279,0.521,0
0.282,0.422,0
0.255,0.465,0
1.003,0.536,2
0.41,0.699,0
0.504,0.005,3
0.455,0.009,3
0.993,0.597,4
0.516,0.102,3
0.503,0.067,3
0.229,0.535,0
0.444,0.769,0
0.217,0.529,0
0.975,0.535,1
0.204,0.488,0
0.558,0.076,3
0.117,0.758,0
1.012,0.581,4
1.043,0.486,2
0.398,0.751,0
0.941,0.501,1
0.486,0.031,3
0.045,0.84,0
0.996,0.648,4
0.481,0.095,3
0.449,0.049,3
0.276,0.43,0
0.09,0.826,0
0.963,0.568,4
0.037,0.839,0
0.085,0.732,0
0.471,0.092,3
0.49,0.062,3
0.314,0.533,0
1.037,0.561,4
0.464,0.746,0
0.949,0.589,4
0.513,0.052,3
0.047,0.76,0
0.396,0.664,0
0.093,0.81,0
1.008,0.5,2
0.902,0.554,1
0.41,0.735,0
0.091,0.742,0
0.497,0.757,0
0.082,0.794,0
0.478,0.096,3
0.945,0.483,1
0.932,0.473,1
0.945,0.53,1
0.528,0.055,3
0.295,0.476,0
0.515,0.037,3
0.468,0.65,0
0.111,0.777,0
0.488,0.077,3
0.222,0.535,0
0.45,0.094,3
0.441,0.66,0
0.143,0.818,0
0.508,0.605,0
0.148,0.744,0
0.206,0.509,0
0.525,0.021,3
0.069,0.699,0
0.993,0.528,2
0.463,0.058,3
0.076,0.724,0
0.083,0.854,0
0.422,0.089,3
0.111,0.77,0
0.981,0.507,2
0.251,0.486,0
0.536,0.029,3
0.403,0.685,0
0.437,0.076,3
0.321,0.49,0
0.446,0.75,0
0.34,0.425,0
0.094,0.773,0
0.59,0.097,3
0.226,0.468,0
0.469,0.731,0
0.255,0.44,0
0.11,0.836,0
0.279,0.493,0
0.119,0.798,0
0.522,0.024,3
0.102,0.723,0
0.994,0.535,2
0.271,0.505,0
0.565,0.061,3
0.407,0.721,0
0.491,0.771,0
0.245,0.474,0
0.066,0.807,0
0.446,0.685,0
0.488,0.034,3
0.572,0.038,3
0.397,0.716,0
0.397,0.003,3
1.009,0.542,4
1,0.551,4
0.115,0.829,0
1.102,0.536,2
0.424,0.762,0
0.483,0.149,3
0.512,0.126,3
0.022,0.825,0
0.491,0.05,3
1.025,0.526,2
0.118,0.8,0
0.462,0.672,0
0.45,0.701,0
0.382,0.502,0
0.507,0.672,0
0.456,0.711,0
1.068,0.55,4
0.404,0.692,0
0.978,0.532,2
0.276,0.554,0
0.405,0.71,0
0.321,0.475,0
0.166,0.46,0
0.079,0.704,0
0.542,0.095,3
0.267,0.497,0
0.475,0.768,0
0.049,0.777,0
0.956,0.543,1
0.44,0.767,0
0.447,0.669,0
0.303,0.468,0
0.409,0.709,0
0.55,0.153,3
0.461,0.118,3
0.3,0.479,0
0.987,0.504,2
0.28,0.446,0
0.538,0.068,3
0.055,0.811,0
0.565,0.082,3
1.007,0.571,4
0.46,0.121,3
0.525,0.031,3
0.023,0.751,0
1.002,0.549,4
0.442,0.724,0
0.302,0.561,0
0.462,0.716,0
0.491,0.75,0
0.028,0.815,0
0.348,0.447,0
0.396,0.673,0
0.515,0.037,3
0.225,0.471,0
0.315,0.485,0
0.486,0.131,3
0.134,0.775,0
0.477,0.055,3
0.53,0.14,3
0.016,0.787,0
0.463,0.122,3
0.253,0.477,0
0.559,0.073,3
1.071,0.529,2
0.96,0.585,4
0.598,0.063,3
1.029,0.539,2
0.473,0.053,3
0.517,0.117,3
0.22,0.521,0
0.525,0.056,3
0.472,0.711,0
0.985,0.482,2
0.418,0.731,0
0.39,0.742,0
0.053,0.655,0
1.052,0.552,4
0.5,0.773,0
0.107,0.772,0
1.004,0.538,2
0.057,0.821,0
0.263,0.489,0
0.539,0.071,3
0.465,0.083,3
0.057,0.786,0
0.449,0.743,0
0.488,0.153,3
0.127,0.736,0
0.497,0.07,3
0.982,0.568,4
0.156,0.737,0
0.523,0.037,3
0.409,0.745,0
0.414,0.791,0
0.413,0.783,0
0.029,0.681,0
0.27,0.51,0
0.247,0.508,0
0.519,0.032,3
0.991,0.588,4
0.526,0.792,0
0.937,0.532,1
0.234,0.525,0
0.062,0.735,0
0.115,0.766,0
0.967,0.59,4
0.972,0.555,4
0.497,0.049,3
0.057,0.733,0
0.475,0.068,3
0.318,0.461,0
0.116,0.793,0
0.98,0.519,2
0.026,0.74,0
0.487,0.719,0
0.483,0.107,3
0.213,0.753,0
1.013,0.582,4
0.497,0.045,3
0.477,0.705,0
0.93,0.549,1
0.485,0.096,3
0.481,0.076,3
0.964,0.51,2
0.586,0.085,3
0.975,0.541,1
0.874,0.566,1
0.284,0.547,0
0.262,0.479,0
0.273,0.582,0
0.948,0.548,1
0.474,0.67,0
0.989,0.552,4
0.108,0.788,0
0.282,0.527,0
0.314,0.548,0
0.039,0.757,0
0.128,0.751,0
0.447,0.044,3
0.468,0.696,0
0.963,0.542,1
0.428,0.725,0
0.038,0.853,0
0.5,0.01,3
0.114,0.711,0
0.501,0.684,0
0.415,0.761,0
0.536,0.008,3
0.193,0.505,0
0.542,0.671,0
0.518,0.075,3
0.558,0.056,3
0.471,0.738,0
0.532,0.138,3
0.415,0.682,0
0.022,0.746,0
0.052,0.818,0
0.529,0.123,3
0.525,0.074,3
0.209,0.5,0
0.943,0.605,4
0.941,0.506,1
0.464,0.77,0
0.407,0.704,0
0.937,0.561,1
0.058,0.756,0
0.411,0.769,0
0.542,0.048,3
0.437,0.652,0
0.448,0.76,0
0.189,0.575,0
0.184,0.443,0
1.014,0.519,2
0.537,0.035,3
0.555,0.083,3
0.279,0.468,0
0.558,0.056,3
0.975,0.546,4
0.054,0.736,0
0.308,0.528,0
0.986,0.491,2
0.55,0.689,0
0.944,0.459,2
0.273,0.472,0
0.1,0.751,0
0.307,0.796,0
0.424,0.712,0
0.067,0.84,0
0.502,0.024,3
0.462,0.088,3
0.966,0.557,4
0.339,0.509,0
0.939,0.501,1
0.218,0.418,0
0.526,0.068,3
0.327,0.466,0
0.44,0.749,0
0.314,0.534,0
0.557,0.126,3
0.46,0.752,0
0.246,0.493,0
0.234,0.484,0
0.497,0.066,3
0.111,0.741,0
1.058,0.48,2
0.973,0.631,4
0.958,0.521,1
0.988,0.564,4
0.996,0.504,2
0.268,0.482,0
0.402,0.708,0
0.38,0.791,0
0.475,0.079,3
0.398,0.735,0
0.452,0.737,0
0.106,0.713,0
0.126,0.807,0
0.202,0.553,0
0.453,0.736,0
0.979,0.533,2
0.325,0.475,0
1.012,0.473,2
0.09,0.778,0
1.01,0.507,2
0.511,0.082,3
0.475,0.718,0
0.993,0.541,4
0.43,0.733,0
0.451,0.012,3
0.431,0.687,0
0.426,0.703,0
0.169,0.516,0
0.967,0.529,1
0.941,0.517,1
0.329,0.388,0
0.077,0.714,0
0.304,0.539,0
0.456,0.051,3
0.325,0.496,0
0.944,0.559,1
0.013,0.861,0
0.31,0.456,0
0.91,0.588,1
0.514,0.077,3
0.267,0.423,0
0.999,0.568,4
0.413,0.672,0
0.399,0.738,0
0.009,0.811,0
0.922,0.454,1
0.162,0.509,0
0.291,0.515,0
0.308,0.509,0
0.31,0.542,0
0.067,0.798,0
0.068,0.776,0
0.231,0.479,0
0.482,0.716,0
0.307,0.556,0
0.051,0.802,0
0.526,0.091,3
0.395,0.715,0
0.935,0.564,1
0.484,0.064,3
0.097,0.817,0
0.047,0.812,0
0.936,0.54,1
0.423,0.757,0
0.152,0.792,0
0.142,0.826,0
0.516,0.74,0
0.292,0.386,0
0.095,0.755,0
0.942,0.584,1
0.211,0.471,0
0.459,0.742,0
0.128,0.834,0
0.516,0.053,3
0.057,0.829,0
0.986,0.561,4
0.198,0.448,0
0.542,0.032,3
0.217,0.479,0
0.451,0.049,3
0.289,0.492,0
0.508,0.002,3
1.031,0.608,4
0.542,0.08,3
0.302,0.499,0
0.427,0.75,0
0.299,0.443,0
0.509,0.101,3
0.519,0.076,3
1.02,0.646,4
0.429,0.751,0
0.331,0.553,0
0.111,0.767,0
0.071,0.78,0
0.523,0.024,3
0.038,0.81,0
0.487,0.168,3
0.07,0.798,0
0.974,0.577,4
0.943,0.552,1
0.268,0.499,0
0.263,0.55,0
0.533,0.048,3
1.014,0.534,2
1.037,0.535,2
0.239,0.466,0
0.523,0.115,3
0.987,0.594,4
0.258,0.446,0
0.25,0.472,0
1.027,0.537,2
0.313,0.536,0
0.054,0.827,0
0.976,0.6,4
0.087,0.789,0
0.332,0.482,0
0.465,0.757,0
0.007,0.801,0
0.968,0.616,4
0.572,0.112,3
0.074,0.836,0
0.378,0.787,0
0.496,0.111,3
0.403,0.723,0
0.387,0.746,0
0.285,0.49,0
0.16,0.788,0
0.438,0.712,0
0.229,0.45,0
0.357,0.775,0
0.053,0.804,0
1.015,0.639,4
0.084,0.806,0
0.057,0.828,0
0.977,0.508,2
0.987,0.6,4
0.243,0.511,0
0.94,0.561,1
0.988,0.59,4
0.949,0.518,1
0.479,0.73,0
0.226,0.517,0
0.008,0.783,0
1.016,0.573,4
0.413,0.014,3
0.488,0.032,3
0.941,0.544,1
0.39,0.673,0
0.235,0.501,0
0.319,0.551,0
0.128,0.75,0
0.516,0.009,3
0.016,0.674,0
0.26,0.504,0
0.049,0.745,0
0.449,0.046,3
0.068,0.742,0
0.385,0.733,0
0.506,0.105,3
0.274,0.436,0
0.223,0.482,0
0.394,0.795,0
0.505,0.041,3
0.944,0.558,1
0.961,0.571,4
0.956,0.542,1
0.534,0.741,0
0.965,0.502,2
0.402,0.682,0
1.089,0.512,2
1.012,0.555,4
0.05,0.787,0
0.976,0.617,4
0.084,0.774,0
0.03,0.848,0
0.392,0.741,0
0.5,0.69,0
0.099,0.829,0
0.294,0.49,0
0.072,0.789,0
0.296,0.51,0
0.405,0.769,0
1.019,0.495,2
0.478,0.696,0
0.952,0.48,2
0.526,0.12,3
0.236,0.458,0
0.553,0.056,3
0.284,0.48,0
0.054,0.779,0
0.912,0.573,1
0.287,0.494,0
0.315,0.472,0
0.451,0.027,3
0.529,0.045,3
0.952,0.515,1
0.952,0.533,1
0.091,0.755,0
0.132,0.799,0
0.472,0.744,0
0.904,0.545,1
0.14,0.718,0
0.298,0.515,0
0.549,0.055,3
0.081,0.776,0
0.054,0.769,0
0.434,0.702,0
0.251,0.522,0
0.258,0.52,0
0.086,0.731,0
0.269,0.449,0
0.963,0.478,2
0.134,0.707,0
0.143,0.839,0
0.884,0.546,1
0.072,0.775,0
0.29,0.432,0
0.39,0.652,0
0.083,0.778,0
0.496,0.734,0
0.366,0.777,0
0.498,0.716,0
0.495,0.123,3
0.29,0.481,0
0.444,0.648,0
0.481,0.715,0
0.993,0.515,2
0.231,0.51,0
0.239,0.423,0
0.235,0.471,0
0.167,0.509,0
0.917,0.623,1
0.485,0.701,0
1.041,0.539,2
1.001,0.585,4
0.316,0.496,0
0.55,0.05,3
0.999,0.586,4
0.503,0.048,3
0.096,0.762,0
0.066,0.823,0
1.004,0.473,2
0.879,0.523,1
0.521,0.064,3
0.485,0.11,3
0.937,0.538,1
0.266,0.469,0
0.481,0.764,0
0.036,0.808,0
0.46,0.698,0
0.096,0.751,0
0.914,0.571,1
0.069,0.829,0
0.971,0.513,2
0.091,0.714,0
0.361,0.675,0
0.082,0.834,0
0.942,0.574,1
0.438,0.741,0
0.534,0.072,3
0.531,0.003,3
0.081,0.732,0
0.261,0.511,0
0.395,0.714,0
0.452,0.07,3
0.461,0.716,0
0.09,0.781,0
0.479,0.02,3
0.09,0.734,0
0.29,0.511,0
0.982,0.566,4
0.283,0.475,0
0.466,0.094,3
0.495,0.749,0
0.127,0.825,0
0.493,0.785,0
0.996,0.477,2
0.301,0.565,0
0.478,0.093,3
0.224,0.478,0
0.218,0.613,0
0.445,0.695,0
0.997,0.522,2
1.003,0.533,2
0.462,0.776,0
0.174,0.476,0
0.231,0.472,0
0.493,0.02,3
0.25,0.497,0
0.279,0.475,0
0.523,0.173,3
0.918,0.519,1
0.048,0.754,0
0.055,0.75,0
0.259,0.572,0
0.534,0.712,0
0.501,0.003,3
0.002,0.832,0
0.272,0.61,0
0.557,0.136,3
0.089,0.677,0
0.26,0.474,0
0.862,0.577,1
0.411,0.632,0
0.972,0.514,2
0.19,0.485,0
0.417,0.764,0
0.455,0.044,3
0.422,0.792,0
0.263,0.523,0
0.298,0.518,0
0.543,0.085,3
0.99,0.508,2
0.226,0.513,0
1.002,0.577,4
0.241,0.526,0
0.211,0.469,0
0.483,0.75,0
0.955,0.544,1
0.928,0.554,1
1.006,0.596,4
0.947,0.584,4
0.893,0.545,1
0.524,0.08,3
0.435,0.69,0
0.549,0.113,3
1.003,0.5,2
0.389,0.737,0
0.295,0.567,0
0.053,0.77,0
0.239,0.442,0
0.393,0.811,0
0.26,0.513,0
1.049,0.497,2
0.287,0.507,0
0.253,0.575,0
0.073,0.813,0
0.01,0.803,0
0.959,0.507,1
0.119,0.829,0
0.107,0.786,0
0.422,0.011,3
0.999,0.512,2
0.024,0.741,0
1.011,0.531,2
0.883,0.605,1
0.56,0.1,3
0.02,0.711,0
0.29,0.464,0
1.022,0.569,4
1.006,0.595,4
0.935,0.485,1
0.072,0.809,0
0.063,0.806,0
0.957,0.542,1
0.566,0.084,3
0.239,0.447,0
0.023,0.843,0
0.354,0.504,0
1.02,0.489,2
0.979,0.558,4
0.322,0.483,0
0.443,0.809,0
0.495,0.027,3
0.488,0.076,3
0.051,0.79,0
0.478,0.028,3
0.433,0.693,0
0.276,0.503,0
0.066,0.777,0
0.465,0.862,0
0.962,0.586,4
0.585,0.072,3
0.259,0.512,0
0.107,0.846,0
0.084,0.824,0
0.387,0.745,0
0.433,0.101,3
0.542,0.039,3
0.085,0.769,0
1.001,0.559,4
0.472,0.731,0
0.374,0.723,0
0.528,0.119,3
0.429,0.769,0
0.307,0.538,0
0.134,0.752,0
0.255,0.466,0
0.488,0.043,3
0.45,0.721,0
0.038,0.772,0
0.286,0.464,0
0.411,0.66,0
0.9,0.596,1
0.494,0.096,3
0.414,0.696,0
0.455,0.712,0
0.067,0.772,0
0.928,0.583,1
0.289,0.517,0
0.45,0.728,0
0.081,0.755,0
0.518,0.119,3
0.075,0.794,0
0.996,0.614,4
0.554,0.054,3
0.967,0.555,4
0.468,0.754,0
0.416,0.687,0
0.047,0.758,0
0.456,0.746,0
0.957,0.56,1
0.222,0.502,0
0.5,0.062,3
0.443,0.629,0
0.152,0.522,0
0.503,0.715,0
0.14,0.802,0
0.246,0.502,0
0.113,0.745,0
0.23,0.491,0
0.049,0.804,0
0.281,0.547,0
0.511,0.123,3
0.971,0.6,4
0.424,0.717,0
0.991,0.558,4
0.018,0.72,0
0.528,0.1,3
0.522,0.125,3
0.235,0.449,0
0.068,0.741,0
0.951,0.437,2
0.106,0.768,0
0.504,0.188,3
0.981,0.529,2
0.991,0.548,4
0.908,0.532,1
0.517,0.689,0
0.991,0.524,2
0.278,0.435,0
0.957,0.536,1
0.054,0.833,0
0.983,0.531,2
1.015,0.535,2
0.285,0.525,0
0.04,0.794,0
0.38,0.75,0
0.327,0.486,0
0.533,0.026,3
0.129,0.763,0
0.304,0.509,0
0.142,0.783,0
0.483,0.754,0
0.961,0.546,1
0.931,0.496,1
0.489,0.687,0
0.091,0.82,0
0.257,0.46,0
0.25,0.491,0
0.131,0.815,0
0.06,0.72,0
1.015,0.547,4
0.529,0.046,3
0.48,0.617,0
0.117,0.717,0
0.957,0.49,2
1.009,0.483,2
0.944,0.491,1
0.083,0.758,0
0.456,0.047,3
0.477,0.068,3
1,0.608,4
0.399,0.806,0
0.392,0.653,0
0.272,0.508,0
0.525,0.122,3
0.134,0.753,0
0.269,0.496,0
0.247,0.502,0
0.976,0.508,2
0.054,0.825,0
0.53,0.065,3
0.053,0.698,0
0.067,0.719,0
0.322,0.53,0
0.922,0.436,1
0.315,0.456,0
0.132,0.796,0
0.443,0.725,0
0.505,0.774,0
0.309,0.563,0
0.433,0.624,0
0.911,0.524,1
0.351,0.644,0
0.453,0.065,3
0.143,0.441,0
0.49,0.075,3
0.284,0.499,0
0.309,0.468,0
0.069,0.704,0
0.24,0.492,0
0.956,0.519,1
0.454,0.739,0
0.243,0.481,0
0.504,0.691,0
0.293,0.464,0
0.224,0.511,0
0.263,0.478,0
0.927,0.544,1
0.463,0.744,0
0.48,0.123,3
0.291,0.464,0
0.527,0.676,0
0.097,0.768,0
0.315,0.519,0
0.52,0.094,3
0.516,0.057,3
0.543,0.082,3
0.309,0.526,0
0.302,0.496,0
0.437,0.042,3
0.043,0.769,0
0.553,0.03,3
0.545,0.078,3
0.415,0.727,0
0.906,0.52,1
0.278,0.507,0
0.183,0.498,0
0.13,0.782,0
0.448,0.091,3
0.022,0.773,0
0.08,0.789,0
0.991,0.562,4
0.962,0.544,1
0.445,0.669,0
0.994,0.562,4
0.493,0.135,3
0.533,0.017,3
0.411,0.769,0
0.119,0.783,0
0.97,0.517,2
0.413,0.735,0
0.03,0.724,0
0.548,0.076,3
0.425,0.796,0
0.107,0.76,0
0.294,0.46,0
1.003,0.549,4
0.511,0.07,3
0.418,0.732,0
1.04,0.568,4
0.474,0.018,3
0.477,0.675,0
0.551,0.036,3
1.031,0.528,2
0.47,0.754,0
0.372,0.746,0
0.044,0.725,0
0.491,0.729,0
0.933,0.507,1
0.476,0.723,0
0.173,0.79,0
0.282,0.493,0
0.438,0.677,0
0.925,0.584,1
0.285,0.461,0
0.269,0.437,0
0.278,0.447,0
0.08,0.773,0
0.949,0.592,4
0.133,0.722,0
0.311,0.533,0
0.326,0.485,0
0.452,0.729,0
0.993,0.518,2
0.529,0.095,3
0.294,0.498,0
0.073,0.782,0
0.988,0.519,2
0.088,0.784,0
0.381,0.713,0
0.998,0.605,4
0.442,0.052,3
0.448,0.044,3
1.027,0.502,2
0.988,0.537,2
0.5,0.117,3
1.057,0.591,4
0.434,0.739,0
0.931,0.511,1
0.257,0.483,0
0.121,0.801,0
0.296,0.47,0
0.402,0.765,0
0.976,0.571,4
0.541,0.058,3
0.448,0.661,0
0.422,0.056,3
0.079,0.775,0
0.06,0.782,0
0.237,0.465,0
0.506,0.03,3
0.102,0.868,0
0.45,0.689,0
0.301,0.486,0
0.088,0.783,0
0.936,0.555,1
0.997,0.509,2
0.033,0.776,0
0.536,0.013,3
0.068,0.807,0
0.274,0.5,0
0.035,0.766,0
0.434,0.748,0
0.408,0.696,0
0.238,0.548,0
0.914,0.541,1
0.149,0.828,0
1.006,0.512,2
0.088,0.815,0
0.991,0.6,4
0.461,0.085,3
0.537,0.03,3
1.02,0.544,4
0.037,0.688,0
0.525,0.086,3
0.436,0.056,3
0.298,0.514,0
1.052,0.533,2
0.053,0.812,0
0.483,0.719,0
0.221,0.439,0
0.265,0.567,0
0.337,0.454,0
0.408,0.727,0
0.94,0.56,1
0.496,0.088,3
0.49,0.062,3
0.454,0.755,0
0.428,0.754,0
0.971,0.526,1
0.452,0.091,3
0.529,0.06,3
0.443,0.734,0
0.997,0.486,2
0.484,0.113,3
0.011,0.729,0
0.281,0.518,0
0.19,0.475,0
0.055,0.776,0
0.535,0.119,3
0.28,0.571,0
0.02,0.814,0
0.081,0.751,0
0.107,0.825,0
0.449,0.785,0
0.058,0.728,0
1.007,0.529,2
0.291,0.451,0
0.117,0.847,0
0.479,0.02,3
0.32,0.488,0
0.447,0.722,0
0.488,0.087,3
0.403,0.092,3
0.998,0.586,4
0.277,0.503,0
0.551,0.088,3
0.123,0.81,0
0.368,0.547,0
0.5,0.683,0
0.372,0.442,0
0.134,0.846,0
1.006,0.566,4
0.968,0.515,2
0.888,0.45,1
0.225,0.526,0
0.995,0.517,2
0.48,0.114,3
0.292,0.504,0
0.08,0.741,0
0.995,0.571,4
0.968,0.571,4
0.483,0.706,0
0.094,0.75,0
0.5,0.08,3
0.481,0.017,3
0.451,0.753,0
1.022,0.555,4
0.291,0.497,0
0.259,0.555,0
0.084,0.815,0
0.125,0.726,0
0.256,0.525,0
1.001,0.506,2
0.95,0.597,4
0.515,0.664,0
0.08,0.766,0
0.496,0.055,3
0.369,0.516,0
0.955,0.547,1
1,0.547,4
0.981,0.501,2
0.438,0.032,3
0.218,0.494,0
0.251,0.448,0
0.299,0.553,0
0.556,0.095,3
0.979,0.585,4
0.025,0.847,0
0.494,0.047,3
0.561,0.057,3
0.454,0.11,3
0.997,0.612,4
0.51,0.023,3
0.274,0.523,0
0.07,0.729,0
0.026,0.782,0
0.022,0.85,0
0.486,0.091,3
0.214,0.507,0
0.096,0.731,0
1.008,0.599,4
0.281,0.544,0
0.102,0.757,0
0.299,0.532,0
0.958,0.579,4
0.053,0.813,0
0.502,0.718,0
0.452,0.124,3
0.461,0.648,0
0.972,0.5,2
0.245,0.438,0
0.45,0.675,0
0.934,0.529,1
0.061,0.763,0
0.252,0.524,0
0.591,0.057,3
0.059,0.762,0
0.511,0.698,0
0.993,0.554,4
0.056,0.764,0
0.165,0.79,0
0.459,0.043,3
0.289,0.471,0
0.247,0.518,0
0.225,0.409,0
0.011,0.746,0
0.432,0.713,0
0.139,0.739,0
0.236,0.444,0
0.904,0.554,1
0.051,0.825,0
0.037,0.767,0
0.286,0.471,0
0.183,0.435,0
1.026,0.551,4
0.47,0.714,0
0.397,0.75,0
0.997,0.563,4
0.237,0.51,0
0.108,0.801,0
0.137,0.805,0
0.103,0.817,0
0.431,0.68,0
0.242,0.566,0
0.425,0.682,0
0.439,0.7,0
0.108,0.725,0
0.023,0.819,0
0.029,0.808,0
0.401,0.746,0
0.187,0.799,0
0.915,0.601,1
1.015,0.487,2
0.112,0.801,0
0.402,0.702,0
0.516,0.156,3
0.972,0.495,2
0.492,0.691,0
0.92,0.522,1
0.303,0.488,0
1.057,0.55,4
0.287,0.508,0
0.577,0.078,3
0.092,0.787,0
0.954,0.503,1
0.26,0.448,0
0.135,0.697,0
0.419,0.714,0
0.067,0.773,0
0.013,0.744,0
0.952,0.568,1
0.05,0.708,0
0.419,0.789,0
0.94,0.629,4
1.128,0.51,2
0.48,0.095,3
0.063,0.787,0
0.289,0.595,0
0.264,0.442,0
0.107,0.822,0
0.253,0.491,0
0.016,0.775,0
0.359,0.522,0
0.3,0.496,0
0.476,0.708,0
0.984,0.497,2
0.949,0.569,1
0.984,0.574,4
0.298,0.454,0
0.94,0.495,1
0.477,0.093,3
0.467,0.713,0
0.993,0.588,4
0.013,0.772,0
0.315,0.574,0
0.3,0.516,0
0.938,0.49,1
0.474,0.69,0
0.938,0.535,1
0.434,0.694,0
0.384,0.726,0
0.562,0.008,3
0.266,0.508,0
0.447,0.739,0
0.438,0.713,0
0.5,0.083,3
0.477,0.091,3
0.489,0.7,0
0.425,0.084,3
0.072,0.681,0
0.409,0.683,0
0.967,0.522,1
0.968,0.511,2
0.082,0.78,0
0.065,0.827,0
0.447,0.79,0
0.473,0.083,3
0.93,0.487,1
0.088,0.72,0
0.479,0.066,3
0.026,0.773,0
0.457,0.145,3
0.507,0.028,3
0.453,0.704,0
0.454,0.813,0
0.477,0.056,3
0.174,0.721,0
1.02,0.534,2
0.477,0.084,3
0.43,0.775,0
0.504,0.074,3
0.504,0.08,3
0.473,0.689,0
0.437,0.722,0
0.983,0.543,4
0.309,0.526,0
0.129,0.725,0
0.235,0.462,0
0.489,0.067,3
0.99,0.517,2
0.512,0.072,3
0.356,0.548,0
0.243,0.59,0
0.511,0.707,0
0.956,0.499,1
1.028,0.504,2
0.425,0.684,0
0.036,0.781,0
0.495,0.089,3
1.031,0.53,2
0.077,0.841,0
0.242,0.358,0
0.947,0.449,2
0.404,0.746,0
0.131,0.827,0
0.146,0.815,0
1.051,0.509,2
0.062,0.778,0
0.528,0.089,3
0.318,0.551,0
0.122,0.762,0
0.347,0.481,0
0.52,0.084,3
0.451,0.708,0
0.541,0.131,3
0.5,0.065,3
0.323,0.424,0
0.086,0.74,0
0.455,0.752,0
0.124,0.743,0
0.488,0.053,3
0.252,0.53,0
0.994,0.55,4
0.465,0.69,0
0.241,0.447,0
0.064,0.742,0
0.401,0.642,0
1.019,0.548,4
0.985,0.554,4
1.048,0.535,2
0.031,0.78,0
0.095,0.727,0
0.084,0.701,0
0.866,0.512,1
0.498,0.043,3
0.438,0.144,3
0.338,0.469,0
0.113,0.823,0
0.362,0.712,0
0.278,0.485,0
0.124,0.834,0
0.24,0.482,0
0.372,0.7,0
0.997,0.597,4
0.475,0.066,3
0.083,0.777,0
0.432,0.812,0
0.374,0.737,0
0.304,0.497,0
0.968,0.514,2
0.492,0.035,3
0.933,0.531,1
0.113,0.721,0
0.22,0.521,0
0.474,0.06,3
0.471,0.689,0
0.558,0.079,3
0.485,0.07,3
0.096,0.719,0
0.096,0.811,0
0.26,0.532,0
0.047,0.8,0
0.106,0.748,0
0.141,0.817,0
0.048,0.759,0
1.007,0.511,2
0.451,0.05,3
0.474,0.086,3
0.28,0.547,0
0.513,0.091,3
0.91,0.611,1
0.465,0.704,0
0.247,0.454,0
0.496,0.675,0
0.141,0.825,0
0.436,0.672,0
0.924,0.594,1
0.214,0.508,0
0.528,0.116,3
0.261,0.479,0
0.478,0.72,0
1.029,0.486,2
0.482,0.024,3
0.989,0.493,2
0.264,0.491,0
0.077,0.724,0
0.516,0.087,3
0.107,0.761,0
0.494,0.081,3
0.993,0.524,2
0.459,0.063,3
0.292,0.513,0
0.212,0.517,0
0.306,0.467,0
0.56,0.13,3
0.062,0.772,0
0.417,0.757,0
0.304,0.495,0
0.147,0.715,0
0.471,0.085,3
0.037,0.781,0
0.557,0.071,3
1.001,0.593,4
0.479,0.071,3
0.308,0.482,0
0.979,0.559,4
0.051,0.78,0
0.044,0.798,0
0.328,0.486,0
0.281,0.527,0
0.982,0.507,2
0.999,0.538,2
0.969,0.586,4
0.085,0.818,0
0.41,0.691,0
0.512,0.762,0
0.387,0.745,0
0.461,0.082,3
0.163,0.777,0
0.945,0.559,1
0.132,0.752,0
0.266,0.536,0
0.272,0.481,0
0.085,0.738,0
0.255,0.478,0
0.272,0.476,0
0.254,0.493,0
0.013,0.802,0
0.477,0.772,0
0.303,0.461,0
0.969,0.548,1
0.075,0.693,0
0.296,0.446,0
0.442,0.728,0
0.475,0.086,3
0.433,0.76,0
0.932,0.484,1
0.046,0.764,0
0.113,0.763,0
0.082,0.752,0
0.231,0.529,0
0.544,0.674,0
0.285,0.506,0
1.011,0.58,4
0.073,0.699,0
0.096,0.845,0
0.457,0.707,0
0.053,0.776,0
0.095,0.703,0
0.06,0.81,0
0.968,0.525,1
0.089,0.779,0
0.522,0.048,3
0.045,0.816,0
0.113,0.805,0
0.496,0.024,3
0.419,0.693,0
0.191,0.453,0
0.068,0.838,0
0.268,0.56,0
0.113,0.759,0
0.268,0.518,0
1.001,0.497,2
0.055,0.843,0
0.199,0.488,0
0.047,0.822,0
0.317,0.554,0
1.023,0.535,2
0.444,0.758,0
0.969,0.557,4
0.249,0.562,0
0.14,0.827,0
0.954,0.519,1
0.244,0.467,0
0.509,0.036,3
0.951,0.462,2
0.468,0.637,0
0.501,0.056,3
0.425,0.689,0
0.32,0.526,0
0.95,0.509,1
0.444,0.121,3
0.304,0.518,0
0.067,0.848,0
0.275,0.623,0
0.017,0.839,0
0.449,0.686,0
0.453,0.063,3
0.42,0.676,0
0.356,0.505,0
0.539,0.042,3
0.968,0.568,4
0.541,0.174,3
0.519,0.065,3
0.985,0.488,2
0.51,0.113,3
0.128,0.804,0
0.965,0.593,4
0.09,0.767,0
0.288,0.405,0
0.444,0.656,0
0.113,0.715,0
0.423,0.772,0
0.115,0.749,0
0.3,0.504,0
0.471,0.701,0
0.418,0.742,0
0.997,0.511,2
1.056,0.467,2
0.584,0.026,3
0.089,0.746,0
0.992,0.528,2
0.462,0.128,3
1.032,0.588,4
0.005,0.75,0
0.446,0.739,0
0.443,0.73,0
0.278,0.462,0
0.548,0.149,3
0.212,0.541,0
0.271,0.507,0
0.365,0.735,0
0.962,0.515,1
0.502,0.038,3
0.051,0.728,0
0.916,0.508,1
0.155,0.768,0
0.508,0.035,3
1.067,0.572,4
0.415,0.676,0
0.419,0.816,0
0.368,0.721,0
0.999,0.57,4
0.434,0.691,0
1.002,0.446,2
0.225,0.452,0
1.03,0.538,2
0.325,0.543,0
0.551,0.08,3
0.42,0.732,0
0.915,0.585,1
1.052,0.571,4
0.988,0.587,4
0.477,0.127,3
0.482,0.087,3
0.447,0.052,3
0.91,0.476,1
0.343,0.48,0
1.001,0.549,4
0.513,0.049,3
0.475,0.138,3
0.329,0.438,0
0.935,0.567,1
0.926,0.512,1
0.41,0.701,0
0.253,0.503,0
0.041,0.787,0
0.482,0.11,3
0.966,0.527,1
0.206,0.485,0
0.937,0.591,1
0.141,0.822,0
0.368,0.75,0
0.512,0.112,3
0.413,0.816,0
0.124,0.789,0
0.151,0.527,0
0.273,0.473,0
0.102,0.817,0
0.143,0.771,0
0.275,0.483,0
0.473,0.743,0
0.974,0.523,2
0.283,0.501,0
0.477,0.672,0
0.055,0.828,0
0.956,0.518,1
0.294,0.476,0
0.547,0.02,3
0.279,0.508,0
0.059,0.777,0
0.083,0.816,0
0.427,0.73,0
0.975,0.515,2
0.468,0.7,0
0.948,0.529,1
1.039,0.525,2
0.368,0.748,0
0.034,0.766,0
0.454,0.764,0
0.491,0.023,3
0.495,0.068,3
0.234,0.516,0
0.53,0.042,3
0.317,0.464,0
0.981,0.596,4
0.072,0.775,0
0.238,0.495,0
0.274,0.476,0
0.402,0.73,0
0.125,0.754,0
0.96,0.58,4
0.523,0.068,3
0.47,0.713,0
0.044,0.774,0
0.419,0.729,0
0.975,0.549,4
1.007,0.491,2
0.055,0.756,0
0.491,0.097,3
0.003,0.743,0
0.293,0.527,0
0.275,0.48,0
0.42,0.145,3
0.09,0.759,0
0.328,0.5,0
1.011,0.488,2
0.087,0.799,0
0.404,0.701,0
0.459,0.744,0
0.056,0.802,0
0.996,0.563,4
0.249,0.556,0
0.458,0.741,0
0.26,0.473,0
0.345,0.472,0
0.442,0.069,3
0.562,0.001,3
1.013,0.556,4
0.273,0.493,0
0.281,0.531,0
0.299,0.515,0
0.083,0.793,0
0.487,0.083,3
1.014,0.545,4
0.232,0.448,0
0.039,0.83,0
0.474,0.049,3
0.892,0.538,1
0.279,0.47,0
1.004,0.521,2
0.075,0.76,0
0.449,0.017,3
0.255,0.571,0
0.218,0.531,0
0.341,0.429,0
0.462,0.69,0
0.111,0.754,0
0.036,0.809,0
0.534,0.101,3
0.974,0.566,4
0.272,0.54,0
0.908,0.466,1
0.311,0.501,0
0.215,0.528,0
0.127,0.792,0
0.9,0.559,1
0.977,0.579,4
0.411,0.747,0
0.518,0.093,3
0.23,0.524,0
0.291,0.503,0
0.221,0.531,0
0.417,0.709,0
0.4,0.072,3
0.466,0.658,0
0.333,0.527,0
0.324,0.449,0
0.303,0.519,0
0.275,0.525,0
0.414,0.749,0
0.504,0.071,3
0.313,0.471,0
0.923,0.499,1
0.019,0.785,0
0.429,0.756,0
1.01,0.584,4
0.914,0.591,1
0.561,0.09,3
0.488,0.053,3
0.13,0.715,0
0.268,0.463,0
0.477,0.743,0
0.893,0.54,1
0.507,0.054,3
0.533,0.066,3
0.104,0.764,0
0.457,0.1,3
0.494,0.092,3
0.116,0.799,0
0.419,0.783,0
0.105,0.813,0
1,0.547,4
0.288,0.438,0
0.993,0.414,2
0.02,0.792,0
0.917,0.477,1
0.497,0.12,3
0.301,0.53,0
0.409,0.76,0
0.269,0.525,0
0.248,0.473,0
0.913,0.484,1
0.954,0.548,1
0.026,0.796,0
0.933,0.54,1
0.989,0.605,4
0.038,0.81,0
0.496,0.042,3
0.462,0.709,0
0.391,0.673,0
0.424,0.726,0
0.37,0.672,0
1.007,0.535,2
0.523,0.137,3
0.339,0.507,0
0.917,0.533,1
0.486,0.039,3
0.425,0.718,0
0.481,0.063,3
0.491,0.075,3
0.497,0.723,0
0.424,0.73,0
0.482,0.687,0
0.334,0.509,0
0.427,0.71,0
0.263,0.526,0
0.512,0.788,0
0.505,0.715,0
0.19,0.503,0
0.972,0.499,2
0.267,0.371,0
0.072,0.502,0
0.27,0.468,0
1.018,0.617,4
1.017,0.504,2
0.936,0.54,1
0.41,0.02,3
0.987,0.422,2
0.464,0.797,0
0.419,0.758,0
0.309,0.517,0
0.508,0.054,3
0.002,0.767,0
0.086,0.755,0
0.436,0.741,0
0.313,0.512,0
0.03,0.833,0
1.034,0.53,2
0.557,0.072,3
0.5,0.044,3
0.96,0.521,1
0.515,0.078,3
1.075,0.465,2
0.432,0.096,3
0.273,0.444,0
0.086,0.743,0
0.051,0.784,0
0.03,0.817,0
1.004,0.557,4
0.96,0.518,1
0.958,0.551,1
0.249,0.565,0
0.923,0.508,1
0.994,0.482,2
0.042,0.785,0
1.023,0.559,4
0.458,0.041,3
0.118,0.802,0
0.976,0.523,2
0.28,0.584,0
0.222,0.508,0
0.448,0.062,3
0.308,0.513,0
0.364,0.696,0
1.045,0.601,4
0.862,0.497,1
0.097,0.732,0
0.265,0.514,0
0.467,0.723,0
0.507,0.037,3
0.942,0.521,1
0.473,0.074,3
0.397,0.791,0
0.416,0.652,0
0.509,0.762,0
0.502,0.09,3
0.475,0.001,3
1.044,0.556,4
0.497,0.009,3
0.405,0.077,3
0.253,0.504,0
1.047,0.496,2
0.485,0.09,3
0.005,0.82,0
0.253,0.513,0
0.529,0.03,3
0.986,0.557,4
1.096,0.524,2
0.433,0.738,0
0.473,0.141,3
0.279,0.482,0
0.039,0.786,0
0.512,0.077,3
0.088,0.769,0
0.455,0.714,0
0.316,0.495,0
0.325,0.504,0
0.979,0.584,4
0.433,0.7,0
0.241,0.492,0
0.954,0.451,2
0.48,0.052,3
0.253,0.511,0
0.533,0.042,3
0.278,0.512,0
0.11,0.796,0
0.478,0.659,0
0.109,0.758,0
0.529,0.075,3
0.24,0.455,0
0.116,0.725,0
0.041,0.823,0
0.508,0.724,0
0.397,0.694,0
0.284,0.487,0
0.245,0.519,0
0.272,0.475,0
0.995,0.495,2
0.067,0.782,0
0.986,0.548,4
0.962,0.505,2
0.068,0.751,0
1.074,0.658,4
0.256,0.443,0
0.975,0.611,4
0.428,0.726,0
0.303,0.556,0
0.47,0.776,0
0.072,0.747,0
0.259,0.513,0
0.468,0.71,0
0.045,0.807,0
0.481,0.656,0
0.451,0.693,0
0.476,0.715,0
0.466,0.115,3
0.442,0.771,0
0.997,0.537,2
0.231,0.485,0
0.208,0.492,0
0.926,0.537,1
0.471,0.743,0
0.518,0.036,3
0.397,0.665,0
0.105,0.769,0
0.493,0.71,0
0.21,0.488,0
0.508,0.067,3
0.081,0.793,0
0.439,0.822,0
0.389,0.676,0
1.007,0.543,4
1.007,0.472,2
0.357,0.495,0
0.352,0.528,0
0.12,0.804,0
0.05,0.753,0
0.06,0.787,0
0.51,0.046,3
0.049,0.759,0
0.479,0.022,3
0.572,0.017,3
0.097,0.82,0
0.97,0.528,1
0.367,0.557,0
0.436,0.109,3
0.448,0.045,3
0.063,0.77,0
0.416,0.753,0
0.916,0.53,1
0.499,0.102,3
0.423,0.696,0
0.202,0.554,0
0.502,0.749,0
0.048,0.804,0
0.462,0.764,0
0.982,0.579,4
0.126,0.739,0
1.004,0.573,4
0.514,0.09,3
0.47,0.033,3
0.281,0.399,0
0.914,0.511,1
0.464,0.008,3
0.095,0.716,0
0.103,0.766,0
0.116,0.709,0
0.327,0.424,0
0.034,0.759,0
0.538,0.132,3
0.324,0.516,0
0.996,0.537,2
0.999,0.516,2
0.228,0.446,0
0.333,0.476,0
0.612,0.046,3
0.972,0.509,2
0.433,0.043,3
0.485,0.121,3
0.241,0.476,0
0.226,0.453,0
0.287,0.5,0
0.553,0.029,3
0.443,0.027,3
0.497,0.696,0
0.292,0.545,0
0.096,0.831,0
0.993,0.536,2
0.214,0.478,0
1.046,0.542,2
0.222,0.464,0
0.091,0.868,0
0.068,0.774,0
0.418,0.786,0
0.507,0.148,3
0.947,0.506,1
1.003,0.53,2
0.463,0.752,0
0.431,0.742,0
0.4,0.73,0
0.955,0.501,1
0.295,0.49,0
0.298,0.551,0
0.497,0.763,0
0.26,0.478,0
0.481,0.766,0
0.025,0.79,0
0.254,0.508,0
0.278,0.535,0
0.961,0.574,4
0.28,0.489,0
0.328,0.516,0
0.484,0.115,3
0.972,0.559,4
0.098,0.794,0
0.149,0.815,0
0.1,0.767,0
0.341,0.592,0
1.004,0.547,4
0.943,0.575,1
0.245,0.501,0
0.489,0.84,0
0.435,0.033,3
0.256,0.484,0
1.026,0.497,2
0.538,0.043,3
0.072,0.832,0
0.068,0.76,0
0.077,0.763,0
0.352,0.572,0
0.244,0.499,0
0.505,0.074,3
0.096,0.745,0
0.467,0.154,3
0.277,0.495,0
1.022,0.574,4
0.945,0.601,4
0.074,0.724,0
0.448,0.765,0
0.477,0.161,3
0.11,0.786,0
0.399,0.68,0
0.485,0.05,3
0.069,0.76,0
0.432,0.746,0
0.058,0.696,0
0.478,0.142,3
0.563,0.052,3
0.212,0.496,0
0.552,0.089,3
0.242,0.532,0
0.423,0.668,0
0.431,0.72,0
0.064,0.799,0
0.924,0.495,1
0.102,0.849,0
0.437,0.113,3
1.007,0.482,2
0.989,0.521,2
0.534,0.043,3
0.923,0.494,1
1.025,0.515,2
0.3,0.535,0
0.962,0.568,4
0.229,0.534,0
0.056,0.76,0
0.232,0.593,0
0.107,0.785,0
0.094,0.766,0
1.008,0.559,4
0.468,0.001,3
0.509,0.085,3
0.952,0.582,4
0.477,0.67,0
0.974,0.553,4
0.457,0.104,3
0.525,0.14,3
0.533,0.004,3
1.007,0.496,2
0.218,0.453,0
0.31,0.513,0
0.257,0.526,0
0.215,0.571,0
0.067,0.867,0
0.46,0.084,3
0.315,0.475,0
0.223,0.463,0
0.292,0.57,0
0.536,0.145,3
0.285,0.521,0
0.311,0.487,0
0.92,0.52,1
0.961,0.542,1
0.527,0.064,3
0.536,0.091,3
0.448,0.715,0
0.536,0.077,3
0.972,0.563,4
0.523,0.123,3
0.072,0.795,0
0.061,0.857,0
0.927,0.535,1
0.392,0.739,0
0.249,0.512,0
0.503,0.046,3
0.939,0.554,1
0.502,0.034,3
0.408,0.791,0
0.457,0.054,3
0.941,0.496,1
0.24,0.49,0
0.548,0.037,3
0.482,0.084,3
0.493,0.687,0
0.537,0.104,3
0.895,0.528,1
0.223,0.513,0
0.515,0.109,3
0.056,0.781,0
0.998,0.513,2
0.272,0.553,0
0.475,0.033,3
0.092,0.864,0
0.502,0.058,3
0.1,0.838,0
0.431,0.77,0
0.415,0.049,3
0.474,0.057,3
0.958,0.52,1
0.492,0.073,3
0.417,0.802,0
0.962,0.628,4
0.49,0.084,3
0.104,0.776,0
0.483,0.709,0
0.061,0.702,0
0.568,0.057,3
0.493,0.14,3
0.486,0.053,3
0.316,0.508,0
0.519,0.053,3
0.502,0.141,3
0.991,0.489,2
0.979,0.563,4
0.413,0.788,0
0.962,0.521,1
0.108,0.872,0
0.189,0.463,0
0.047,0.819,0
0.559,0.084,3
0.974,0.583,4
0.18,0.535,0
0.085,0.771,0
1.026,0.521,2
0.007,0.81,0
0.24,0.485,0
0.356,0.475,0
0.462,0.679,0
0.361,0.766,0
0.419,0.684,0
0.411,0.78,0
0.547,0.13,3
0.443,0.149,3
0.293,0.536,0
0.492,0.706,0
0.993,0.529,2
0.972,0.539,1
0.988,0.53,2
0.382,0.714,0
0.038,0.778,0
0.427,0.695,0
0.488,0.753,0
0.3,0.483,0
0.084,0.848,0
0.523,0.024,3
0.944,0.516,1
0.178,0.483,0
0.475,0.128,3
0.083,0.759,0
0.314,0.457,0
0.949,0.421,2
0.264,0.549,0
0.328,0.514,0
0.378,0.741,0
0.078,0.669,0
0.401,0.653,0
0.337,0.482,0
0.587,0.102,3
0.452,0.039,3
0.978,0.569,4
0.102,0.858,0
0.224,0.519,0
0.413,0.07,3
0.513,0.072,3
0.442,0.728,0
0.32,0.484,0
0.095,0.738,0
0.246,0.537,0
0.966,0.559,4
0.49,0.038,3
0.493,0.12,3
0.254,0.455,0
0.269,0.494,0
0.436,0.089,3
0.04,0.786,0
0.285,0.515,0
0.512,0.734,0
0.95,0.512,1
1.018,0.593,4
0.316,0.46,0
0.058,0.825,0
0.459,0.103,3
0.024,0.813,0
0.142,0.79,0
0.583,0.061,3
0.392,0.756,0
0.042,0.796,0
0.958,0.654,4
0.425,0.73,0
0.069,0.75,0
0.993,0.581,4
0.13,0.798,0
0.027,0.761,0
0.268,0.471,0
0.286,0.487,0
1.013,0.57,4
0.55,0.022,3
0.462,0.023,3
0,0.731,0
0.532,0.157,3
0.415,0.714,0
0.107,0.845,0
1.001,0.508,2
0.274,0.483,0
0.263,0.527,0
0.996,0.611,4
0.412,0.739,0
0.236,0.537,0
0.93,0.488,1
0.189,0.455,0
0.465,0.692,0
0.24,0.563,0
0.447,0.673,0
0.935,0.554,1
0.447,0.717,0
0.532,0.652,0
0.376,0.723,0
0.907,0.524,1
0.993,0.552,4
1.032,0.526,2
0.529,0.081,3
0.922,0.47,1
0.055,0.791,0
0.397,0.693,0
0.004,0.793,0
0.536,0.058,3
0.027,0.767,0
0.256,0.541,0
0.428,0.699,0
0.256,0.48,0
0.995,0.535,2
0.225,0.474,0
0.289,0.457,0
1.013,0.522,2
0.298,0.504,0
0.061,0.788,0
1.059,0.547,4
0.309,0.493,0
0.079,0.754,0
0.513,0.016,3
0.944,0.564,1
0.459,0.063,3
0.478,0.672,0
0.455,0.763,0
1.014,0.516,2
0.471,0.77,0
0.45,0.785,0
0.248,0.487,0
0.075,0.78,0
0.308,0.536,0
0.426,0.026,3
0.029,0.848,0
0.493,0.145,3
0.424,0.753,0
0.407,0.201,3
0.139,0.707,0
0.083,0.755,0
0.982,0.587,4
0.423,0.66,0
0.962,0.538,1
0.563,0.042,3
0.392,0.702,0
0.313,0.439,0
0.022,0.756,0
0.462,0.721,0
0.516,0.044,3
0.338,0.466,0
0.074,0.799,0
1.022,0.601,4
0.292,0.513,0
0.427,0.765,0
0.281,0.525,0
0.153,0.811,0
0.972,0.541,1
0.1,0.783,0
0.443,0.796,0
0.527,0.034,3
0.459,0.056,3
0.447,0.069,3
0.514,0.111,3
0.477,0.684,0
0.251,0.523,0
0.238,0.472,0
0.561,0.076,3
0.524,0.079,3
0.422,0.709,0
0.113,0.817,0
0.954,0.524,1
0.289,0.452,0
0.262,0.522,0
0.242,0.522,0
0.509,0.013,3
1.018,0.565,4
0.397,0.721,0
0.228,0.564,0
0.474,0.752,0
0.029,0.831,0
0.25,0.473,0
0.263,0.45,0
0.063,0.812,0
0.405,0.72,0
0.206,0.469,0
0.049,0.812,0
0.36,0.693,0
0.502,0.039,3
0.229,0.504,0
0.099,0.81,0
0.517,0.091,3
0.15,0.781,0
0.524,0.119,3
0.984,0.549,4
1.016,0.551,4
0.226,0.493,0
0.343,0.416,0
0.511,0.095,3
0.348,0.545,0
0.987,0.569,4
0.957,0.492,2
0.498,0.799,0
0.124,0.762,0
0.301,0.555,0
0.605,0.069,3
0.4,0.766,0
0.492,0.778,0
0.19,0.443,0
0.243,0.407,0
0.973,0.494,2
0.424,0.681,0
1.03,0.635,4
0.974,0.522,2
0.139,0.759,0
1.019,0.517,2
0.495,0.75,0
0.347,0.462,0
0.549,0.016,3
0.257,0.458,0
0.127,0.731,0
0.067,0.762,0
0.935,0.616,4
0.276,0.521,0
0.274,0.432,0
0.223,0.554,0
0.419,0.712,0
0.437,0.093,3
0.501,0.103,3
0.518,0.036,3
0.216,0.548,0
1.039,0.499,2
0.506,0.027,3
0.483,0.706,0
0.297,0.557,0
0.426,0.725,0
0.488,0.089,3
1.063,0.487,2
0.287,0.455,0
0.254,0.443,0
0.465,0.02,3
0.279,0.531,0
0.099,0.795,0
0.952,0.552,1
0.969,0.529,1
0.387,0.72,0
0.386,0.706,0
0.463,0.754,0
0.093,0.778,0
0.454,0.691,0
0.046,0.746,0
0.924,0.492,1
0.933,0.474,1
0.243,0.521,0
0.302,0.463,0
0.45,0.745,0
0.51,0.116,3
0.945,0.512,1
0.051,0.786,0
0.961,0.613,4
0.553,0.028,3
0.967,0.568,4
0.114,0.798,0
0.402,0.693,0
0.189,0.506,0
0.975,0.588,4
0.272,0.475,0
0.007,0.815,0
0.532,0.099,3
0.102,0.876,0
0.352,0.762,0
0.488,0.032,3
0.994,0.493,2
0.077,0.79,0
0.489,0.063,3
0.258,0.544,0
0.957,0.482,2
0.985,0.588,4
0.268,0.463,0
0.555,0.115,3
0.161,0.736,0
0.977,0.575,4
0.463,0.139,3
0.452,0.104,3
0.491,0.745,0
0.964,0.571,4
0.94,0.467,1
0.537,0.053,3
0.956,0.57,4
0.301,0.454,0
0.2,0.846,0
0.001,0.839,0
0.055,0.827,0
0.226,0.512,0
0.94,0.607,4
0.451,0.785,0
0.531,0.084,3
0.462,0.037,3
0.333,0.499,0
0.47,0.111,3
0.511,0.094,3
0.294,0.548,0
0.081,0.81,0
0.563,0.077,3
1.037,0.494,2
0.283,0.447,0
0.467,0.633,0
0.461,0.712,0
0.472,0.122,3
1.02,0.487,2
0.052,0.855,0
0.314,0.508,0
0.518,0.115,3
1.002,0.524,2
0.037,0.781,0
0.474,0.006,3
0.463,0.07,3
0.494,0.058,3
0.501,0.057,3
0.388,0.803,0
0.611,0.063,3
0.469,0.67,0
0.048,0.837,0
0.244,0.511,0
0.465,0.698,0
0.45,0.06,3
0.974,0.546,4
0.034,0.773,0
0.094,0.758,0
0.258,0.539,0
0.968,0.582,4
0.31,0.499,0
0.41,0.77,0
0.458,0.07,3
0.471,0.053,3
0.066,0.816,0
0.49,0.688,0
1.031,0.545,4
0.101,0.766,0
0.406,0.739,0
0.489,0.082,3
0.45,0.695,0
0.05,0.715,0
0.958,0.519,1
0.256,0.453,0
0.454,0.069,3
0.032,0.778,0
0.303,0.566,0
0.942,0.555,1
0.373,0.623,0
0.448,0.755,0
0.401,0.677,0
0.455,0.731,0
0.3,0.443,0
0.306,0.523,0
0.605,0.097,3
0.196,0.568,0
0.159,0.493,0
0.542,0.092,3
0.458,0.049,3
0.931,0.51,1
1.001,0.497,2
0.412,0.699,0
0.08,0.824,0
0.445,0.691,0
0.053,0.781,0
0.441,0.705,0
0.405,0.715,0
0.454,0.068,3
0.96,0.496,2
0.995,0.57,4
0.144,0.785,0
0.425,0.753,0
0.488,0.056,3
0.404,0.683,0
0.527,0.084,3
0.3,0.483,0
0.431,0.657,0
0.493,0.084,3
0.97,0.537,1
0.942,0.544,1
0.53,0.777,0
0.468,0.02,3
1.014,0.562,4
0.427,0.727,0
0.267,0.521,0
0.533,0.08,3
0.044,0.747,0
0.238,0.522,0
0.254,0.499,0
0.51,0.042,3
0.478,0.057,3
0.895,0.522,1
0.46,0.725,0
0.245,0.492,0
0.967,0.545,1
0.956,0.509,1
0.095,0.828,0
0.967,0.538,1
1.045,0.48,2
0.286,0.482,0
1.022,0.546,4
1.008,0.497,2
0.428,0.709,0
0.049,0.767,0
1.042,0.516,2
0.56,0.039,3
0.053,0.827,0
0.45,0.734,0
0.375,0.701,0
0.981,0.509,2
0.406,0.729,0
0.915,0.605,1
0.059,0.832,0
0.46,0.121,3
0.539,0.039,3
1.015,0.521,2
0.394,0.116,3
0.093,0.675,0
0.442,0.734,0
0.473,0.113,3
0.445,0.708,0
0.993,0.526,2
0.427,0.764,0
0.079,0.731,0
0.068,0.67,0
0.275,0.537,0
0.297,0.529,0
0.929,0.531,1
0.103,0.737,0
0.023,0.744,0
0.248,0.443,0
0.956,0.493,2
0.463,0.755,0
0.468,0.111,3
0.938,0.542,1
0.297,0.509,0
0.027,0.727,0
0.989,0.533,2
0.467,0.075,3
0.964,0.547,1
0.519,0.108,3
0.46,0.697,0
0.413,0.666,0
0.234,0.521,0
0.51,0.008,3
0.534,0.66,0
0.365,0.706,0
0.293,0.51,0
0.485,0.684,0
0.473,0.008,3
0.415,0.691,0
0.137,0.797,0
0.457,0.665,0
1.033,0.611,4
0.5,0.648,0
0.94,0.552,1
0.055,0.789,0
0.246,0.527,0
0.084,0.806,0
0.253,0.461,0
0.411,0.689,0
0.396,0.755,0
0.312,0.405,0
0.414,0.772,0
0.244,0.526,0
0.504,0.041,3
0.559,0.072,3
0.421,0.043,3
0.494,0.009,3
0.399,0.74,0
0.284,0.527,0
0.515,0.113,3
0.908,0.575,1
0.054,0.793,0
0.461,0.021,3
0.068,0.753,0
0.976,0.548,4
0.95,0.5,1
0.109,0.72,0
0.486,0.692,0
0.531,0.006,3
0.042,0.767,0
0.518,0.089,3
0.3,0.488,0
0.95,0.557,1
0.434,0.051,3
0.525,0.081,3
0.207,0.456,0
0.927,0.54,1
0.274,0.524,0
1.009,0.497,2
0.092,0.802,0
0.115,0.742,0
0.514,0.048,3
0.353,0.759,0
0.054,0.793,0
0.083,0.785,0
0.967,0.516,2
0.426,0.772,0
0.444,0.642,0
0.501,0.16,3
0.108,0.814,0
0.269,0.518,0
0.027,0.734,0
0.303,0.507,0
0.494,0.071,3
0.986,0.601,4
0.309,0.486,0
0.465,0.698,0
0.201,0.509,0
0.456,0.716,0
0.408,0.697,0
0.283,0.57,0
0.07,0.77,0
0.482,0.756,0
0.966,0.513,2
0.952,0.515,1
0.985,0.568,4
0.982,0.556,4
0.047,0.709,0
0.237,0.559,0
0.508,0.009,3
0.108,0.818,0
0.067,0.774,0
1.012,0.554,4
0.997,0.586,4
0.052,0.755,0
0.879,0.525,1
0.109,0.729,0
0.098,0.716,0
0.925,0.55,1
0.251,0.489,0
0.056,0.811,0
0.951,0.529,1
0.383,0.76,0
0.507,0.12,3
1.039,0.607,4
0.351,0.738,0
0.431,0.678,0
0.483,0.707,0
0.076,0.88,0
0.127,0.718,0
0.293,0.48,0
0.038,0.724,0
0.268,0.493,0
0.492,0.656,0
0.556,0.084,3
0.372,0.775,0
0.066,0.737,0
0.496,0.178,3
0.439,0.052,3
0.977,0.638,4
0.518,0.117,3
0.096,0.754,0
0.498,0.049,3
0.498,0.067,3
0.987,0.584,4
0.248,0.462,0
0.511,0.114,3
0.489,0.112,3
0.973,0.579,4
0.059,0.764,0
0.233,0.429,0
0.412,0.789,0
0.411,0.731,0
0.498,0.711,0
0.255,0.503,0
0.353,0.715,0
0.481,0.021,3
0.46,0.754,0
0.937,0.562,1
0.073,0.764,0
0.481,0.677,0
0.448,0.701,0
0.267,0.501,0
0.462,0.004,3
0.1,0.764,0
0.997,0.509,2
0.537,0.014,3
0.053,0.79,0
0.036,0.797,0
0.963,0.45,2
0.484,0.711,0
0.301,0.544,0
0.309,0.536,0
0.966,0.558,4
0.453,0.788,0
0.534,0.077,3
0.928,0.568,1
0.107,0.798,0
0.295,0.529,0
0.518,0.13,3
0.299,0.535,0
0.515,0.066,3
0.218,0.481,0
0.516,0.063,3
0.266,0.477,0
0.517,0.015,3
0.43,0.095,3
0.487,0.071,3
0.284,0.493,0
0.233,0.529,0
0.981,0.591,4
0.576,0.062,3
0.399,0.7,0
0.96,0.532,1
0.052,0.788,0
0.35,0.755,0
0.933,0.531,1
0.049,0.727,0
0.887,0.557,1
0.961,0.493,2
0.926,0.563,1
0.285,0.484,0
0.967,0.502,2
1.031,0.554,4
0.425,0.684,0
0.42,0.739,0
0.459,0.765,0
0.229,0.549,0
0.94,0.535,1
0.281,0.407,0
0.029,0.782,0
0.434,0.708,0
0.208,0.478,0
0.928,0.569,1
0.145,0.745,0
0.972,0.602,4
0.262,0.524,0
0.389,0.687,0
0.079,0.798,0
0.285,0.531,0
0.525,0.765,0
0.106,0.784,0
0.452,0.777,0
0.965,0.578,4
0.435,0.044,3
0.093,0.766,0
0.963,0.59,4
0.482,0.671,0
0.471,0.809,0
0.26,0.522,0
0.253,0.534,0
0.094,0.801,0
0.44,0.761,0
0.042,0.8,0
0.2,0.517,0
0.445,0.783,0
0.965,0.532,1
0.942,0.531,1
0.521,0.033,3
0.245,0.537,0
0.518,0.008,3
0.512,0.098,3
0.45,0.739,0
0.063,0.794,0
0.588,0.117,3
0.391,0.76,0
0.087,0.77,0
0.411,0.717,0
0.106,0.79,0
0.486,0.101,3
0.493,0.046,3
0.43,0.036,3
0.055,0.682,0
0.002,0.825,0
1.014,0.586,4
0.306,0.524,0
0.921,0.519,1
0.067,0.782,0
0.286,0.487,0
0.441,0.739,0
0.977,0.482,2
0.396,0.735,0
0.292,0.388,0
0.11,0.82,0
0.946,0.564,1
0.079,0.814,0
1.022,0.622,4
0.908,0.518,1
0.54,0.095,3
0.438,0.714,0
0.467,0.078,3
0.144,0.799,0
0.434,0.702,0
0.085,0.762,0
1.092,0.538,2
1.125,0.578,4
0.451,0.736,0
0.046,0.787,0
0.059,0.805,0
0.268,0.499,0
0.299,0.516,0
0.397,0.775,0
0.913,0.501,1
0.427,0.679,0
0.512,0.113,3
0.43,0.739,0
0.958,0.504,1
0.091,0.671,0
0.546,0.069,3
0.302,0.514,0
0.519,0.048,3
1.032,0.544,4
0.335,0.55,0
0.126,0.819,0
0.374,0.637,0
0.424,0.733,0
0.966,0.614,4
0.271,0.497,0
0.2,0.497,0
0.26,0.513,0
0.453,0.101,3
0.08,0.802,0
0.435,0.739,0
0.109,0.755,0
0.599,0.106,3
1,0.545,4
0.077,0.708,0
0.04,0.67,0
0.264,0.523,0
0.513,0.021,3
0.962,0.5,2
0.518,0.081,3
0.956,0.583,4
0.114,0.788,0
0.395,0.777,0
0.107,0.831,0
0.552,0.15,3
0.969,0.537,1
0.258,0.529,0
0.236,0.499,0
0.104,0.787,0
0.376,0.537,0
0.096,0.823,0
0.095,0.83,0
0.513,0.082,3
0.392,0.705,0
0.487,0.706,0
0.931,0.578,1
0.462,0.075,3
0.243,0.532,0
1.002,0.588,4
0.295,0.488,0
0.973,0.572,4
0.474,0.047,3
0.479,0.016,3
1.025,0.489,2
0.979,0.593,4
0.5,0.803,0
0.927,0.487,1
0.247,0.517,0
0.079,0.747,0
0.544,0.056,3
0.98,0.488,2
0.952,0.576,4
0.067,0.815,0
0.469,0.066,3
0.935,0.537,1
0.446,0.734,0
0.509,0.102,3
0.044,0.794,0
0.276,0.525,0
0.538,0.703,0
0.972,0.59,4
0.96,0.543,1
0.498,0.037,3
0.091,0.793,0
0.113,0.784,0
0.54,0.08,3
0.033,0.788,0
0.487,0.082,3
0.504,0.057,3
1.017,0.561,4
0.044,0.713,0
1.06,0.52,2
0.569,0.026,3
0.919,0.562,1
0.577,0.01,3
0.25,0.473,0
0.545,0.066,3
0.477,0.026,3
0.465,0.109,3
0.308,0.524,0
0.906,0.616,1
0.42,0.151,3
0.252,0.54,0
0.398,0.683,0
0.375,0.794,0
0.101,0.783,0
0.524,0.102,3
0.406,0.73,0
0.985,0.531,2
0.973,0.453,2
0.456,0.738,0
1.036,0.543,4
0.312,0.43,0
0.972,0.529,1
0.358,0.718,0
0.425,0.742,0
0.422,0.716,0
0.249,0.479,0
0.991,0.522,2
0.259,0.487,0
0.368,0.706,0
0.067,0.734,0
1.023,0.477,2
1.015,0.611,4
0.478,0.032,3
0.225,0.507,0
0.085,0.785,0
0.933,0.548,1
0.31,0.51,0
0.086,0.761,0
1.017,0.565,4
0.105,0.756,0
0.332,0.499,0
0.939,0.519,1
0.977,0.538,1
0.499,0.07,3
0.993,0.5,2
0.111,0.762,0
0.518,0.131,3
0.475,0.761,0
0.343,0.503,0
0.298,0.473,0
0.442,0.639,0
0.392,0.693,0
0.977,0.552,4
0.534,0.068,3
0.551,0.037,3
0.318,0.545,0
0.261,0.507,0
0.409,0.652,0
0.587,0.148,3
0.096,0.737,0
0.27,0.458,0
0.493,0.107,3
0.381,0.672,0
0.259,0.555,0
0.423,0.028,3
0.059,0.715,0
0.467,0.755,0
0.28,0.529,0
0.245,0.547,0
0.467,0.072,3
1.028,0.567,4
0.059,0.771,0
0.314,0.492,0
0.453,0.793,0
0.955,0.482,2
0.318,0.442,0
0.98,0.528,2
0.053,0.768,0
0.049,0.803,0
0.018,0.763,0
0.042,0.793,0
0.465,0.109,3
0.493,0.051,3
0.989,0.502,2
0.049,0.802,0
0.488,0.698,0
0.054,0.79,0
0.306,0.481,0
0.55,0.04,3
0.288,0.525,0
0.426,0.702,0
0.244,0.484,0
0.377,0.686,0
0.27,0.453,0
0.31,0.528,0
0.483,0.062,3
0.002,0.797,0
0.377,0.153,3
0.54,0.059,3
0.455,0.704,0
0.151,0.54,0
0.472,0.683,0
0.971,0.526,1
0.294,0.432,0
0.415,0.69,0
0.572,0.114,3
0.995,0.554,4
0.446,0.007,3
0.122,0.712,0
0.415,0.053,3
0.406,0.702,0
1.01,0.499,2
0.136,0.699,0
0.952,0.511,1
0.315,0.472,0
1.006,0.561,4
0.069,0.82,0
1.013,0.559,4
0.434,0.717,0
0.481,0.133,3
0.26,0.511,0
0.029,0.802,0
0.515,0.007,3
0.058,0.749,0
0.128,0.821,0
0.269,0.485,0
0.464,0.039,3
0.055,0.77,0
0.995,0.534,2
0.087,0.786,0
0.252,0.535,0
0.391,0.024,3
0.484,0.081,3
0.054,0.864,0
0.061,0.816,0
1.01,0.501,2
0.266,0.528,0
0.232,0.478,0
0.305,0.492,0
0.24,0.523,0
0.397,0.79,0
0.382,0.743,0
0.423,0.663,0
0.426,0.702,0
0.202,0.6,0
0.917,0.478,1
0.069,0.766,0
0.423,0.75,0
0.47,0.749,0
0.469,0.08,3
0.51,0.084,3
0.413,0.723,0
0.968,0.492,2
0.478,0.001,3
0.262,0.607,0
0.022,0.779,0
1.032,0.533,2
0.098,0.752,0
0.981,0.585,4
0.567,0.067,3
0.48,0.765,0
0.473,0.752,0
0.234,0.538,0
0.115,0.749,0
0.543,0.078,3
0.586,0.1,3
0.487,0.791,0
0.463,0.06,3
0.319,0.529,0
0.445,0.122,3
1.008,0.503,2
0.232,0.512,0
0.471,0.719,0
0.438,0.697,0
0.538,0.105,3
0.549,0.074,3
0.289,0.583,0
0.341,0.501,0
0.525,0.057,3
0.053,0.737,0
0.478,0.728,0
0.948,0.492,1
0.242,0.561,0
1.025,0.487,2
0.491,0.039,3
0.115,0.772,0
1.012,0.543,4
0.984,0.533,2
0.416,0.717,0
0.019,0.773,0
0.507,0.769,0
0.179,0.534,0
0.067,0.801,0
0.418,0.747,0
0.403,0.706,0
0.415,0.711,0
0.902,0.498,1
0.459,0.092,3
0.422,0.707,0
0.061,0.731,0
0.972,0.49,2
0.496,0.054,3
0.324,0.517,0
1.004,0.557,4
0.464,0.745,0
0.107,0.829,0
0.033,0.753,0
0.461,0.052,3
0.452,0.703,0
0.061,0.831,0
0.988,0.491,2
0.066,0.826,0
1.021,0.521,2
0.429,0.097,3
1.08,0.58,4
0.025,0.793,0
0.066,0.708,0
1.044,0.55,4
0.497,0.086,3
0.471,0.722,0
0.289,0.48,0
1.01,0.471,2
0.914,0.503,1
0.966,0.458,2
1.002,0.56,4
0.546,0.06,3
0.515,0.672,0
0.436,0.126,3
0.456,0.069,3
0.521,0.034,3
0.035,0.782,0
0.035,0.678,0
0.507,0.767,0
0.974,0.51,2
0.085,0.767,0
0.442,0.682,0
0.47,0.058,3
0.435,0.698,0
0.48,0.683,0
0.072,0.751,0
0.103,0.743,0
0.318,0.527,0
0.477,0.072,3
0.102,0.813,0
0.509,0.646,0
0.503,0.046,3
1.067,0.542,2
0.309,0.535,0
0.433,0.7,0
0.11,0.775,0
0.258,0.538,0
0.258,0.472,0
0.508,0.72,0
0.356,0.72,0
1.011,0.555,4
0.031,0.794,0
0.466,0.724,0
0.435,0.776,0
0.49,0.048,3
0.944,0.562,1
0.445,0.669,0
0.951,0.522,1
0.987,0.592,4
0.48,0.124,3
0.439,0.711,0
0.318,0.449,0
0.241,0.435,0
0.252,0.519,0
0.059,0.734,0
0.109,0.785,0
0.421,0.701,0
0.99,0.449,2
0.896,0.573,1
0.402,0.734,0
0.047,0.815,0
0.27,0.501,0
0.498,0.136,3
0.283,0.486,0
0.935,0.579,1
0.442,0.083,3
0.408,0.794,0
0.547,0.117,3
0.33,0.47,0
0.068,0.741,0
0.315,0.545,0
0.473,0.031,3
0.073,0.836,0
0.526,0.083,3
0.507,0.156,3
0.065,0.782,0
0.474,0.068,3
0.091,0.744,0
0.405,0.689,0
0.278,0.505,0
0.238,0.483,0
0.256,0.5,0
0.556,0.137,3
0.456,0.746,0
1.002,0.487,2
0.107,0.773,0
0.462,0.757,0
1.033,0.607,4
0.308,0.494,0
0.443,0.697,0
0.424,0.754,0
0.42,0.758,0
0.072,0.761,0
0.032,0.788,0
0.405,0.749,0
0.256,0.475,0
0.284,0.596,0
0.234,0.524,0
0.316,0.519,0
0.255,0.532,0
0.025,0.831,0
0.463,0.706,0
0.214,0.464,0
0.524,0.057,3
0.515,0.769,0
0.984,0.507,2
0.273,0.465,0
0.952,0.571,1
0.275,0.507,0
0.513,0.1,3
0.317,0.54,0
0.516,0.082,3
0.278,0.484,0
0.129,0.81,0
0.999,0.494,2
0.456,0.761,0
0.301,0.541,0
0.052,0.807,0
0.959,0.595,4
0.052,0.744,0
0.985,0.53,2
0.26,0.529,0
0.891,0.515,1
0.999,0.594,4
0.07,0.759,0
1.004,0.489,2
0.444,0.784,0
0.915,0.477,1
0.441,0.677,0
0.242,0.518,0
0.421,0.766,0
0.513,0.089,3
0.169,0.513,0
0.142,0.812,0
0.053,0.795,0
0.242,0.464,0
1.033,0.509,2
0.086,0.831,0
0.944,0.557,1
0.443,0.756,0
0.142,0.739,0
0.241,0.439,0
0.161,0.706,0
0.109,0.854,0
0.227,0.544,0
0.407,0.69,0
0.135,0.757,0
0.167,0.832,0
0.315,0.402,0
0.22,0.459,0
0.422,0.714,0
0.472,0.735,0
0.492,0.166,3
0.57,0.015,3
0.207,0.508,0
0.448,0.721,0
0.549,0.032,3
0.467,0.694,0
0.508,0.081,3
0.44,0.667,0
0.37,0.785,0
0.27,0.484,0
0.944,0.635,4
0.4,0.618,0
0.08,0.758,0
0.019,0.75,0
0.054,0.816,0
0.124,0.802,0
0.302,0.523,0
0.488,0.725,0
0.239,0.471,0
0.108,0.757,0
0.047,0.771,0
0.516,0.067,3
0.313,0.582,0
0.216,0.462,0
0.943,0.614,4
0.551,0.043,3
0.498,0.059,3
0.531,0.067,3
0.47,0.738,0
0.97,0.547,1
0.058,0.778,0
0.574,0.119,3
0.476,0.069,3
0.963,0.63,4
0.445,0.759,0
0.455,0.726,0
0.892,0.5,1
0.249,0.524,0
0.084,0.83,0
0.063,0.75,0
0.311,0.435,0
0.104,0.766,0
0.25,0.49,0
0.419,0.734,0
0.468,0.758,0
0.437,0.789,0
1.002,0.538,2
1.007,0.546,4
0.278,0.492,0
0.43,0.708,0
0.546,0.123,3
0.235,0.477,0
0.056,0.773,0
0.454,0.702,0
0.951,0.529,1
0.39,0.738,0
0.423,0.684,0
0.116,0.804,0
0.258,0.56,0
0.069,0.803,0
0.995,0.535,2
0.091,0.778,0
0.372,0.486,0
0.514,0.057,3
0.502,0.014,3
1.041,0.528,2
1.035,0.479,2
0.424,0.649,0
0.544,0.763,0
0.506,0.125,3
0.323,0.528,0
0.265,0.545,0
0.394,0.018,3
0.508,0.026,3
0.505,0.75,0
0.585,0.075,3
0.103,0.79,0
0.494,0.086,3
0.35,0.77,0
0.486,0.087,3
0.894,0.533,1
0.062,0.75,0
0.494,0.067,3
0.399,0.756,0
0.101,0.845,0
1.048,0.518,2
0.227,0.491,0
0.515,0.011,3
0.095,0.824,0
0.392,0.738,0
0.036,0.787,0
0.127,0.806,0
0.171,0.785,0
0.054,0.796,0
0.54,0.056,3
0.515,0.143,3
0.498,0.109,3
0.09,0.839,0
0.228,0.498,0
0.105,0.823,0
0.021,0.791,0
0.478,0.143,3
0.018,0.779,0
0.093,0.746,0
0.967,0.446,2
0.494,0.035,3
1.012,0.542,4
0.067,0.842,0
0.372,0.766,0
0.996,0.553,4
0.283,0.537,0
1.002,0.551,4
0.491,0.057,3
0.51,0.043,3
0.273,0.525,0
0.488,0.709,0
0.144,0.494,0
0.095,0.767,0
0.448,0.116,3
0.254,0.431,0
0.247,0.475,0
0.305,0.54,0
0.537,0.054,3
0.322,0.482,0
0.091,0.738,0
0.286,0.468,0
0.476,0.748,0
1.005,0.549,4
1.015,0.608,4
0.453,0.097,3
0.462,0.728,0
0.519,0.048,3
0.238,0.527,0
0.493,0.734,0
0.997,0.551,4
0.485,0.029,3
0.497,0.073,3
0.439,0.697,0
0.088,0.818,0
0.093,0.811,0
0.977,0.531,2
0.465,0.712,0
0.39,0.717,0
1.071,0.532,2
0.3,0.535,0
0.876,0.535,1
0.479,0.044,3
0.443,0.045,3
1.046,0.503,2
0.237,0.493,0
0.418,0.732,0
0.068,0.84,0
0.943,0.574,1
0.382,0.777,0
0.553,0.044,3
0.557,0.032,3
0.067,0.762,0
0.925,0.57,1
0.243,0.502,0
1,0.467,2
0.949,0.618,4
0.357,0.543,0
1.004,0.57,4
0.485,0.012,3
0.46,0.687,0
0.113,0.758,0
0.1,0.74,0
0.105,0.756,0
0.052,0.857,0
0.535,0.106,3
0.483,0.773,0
0.502,0.125,3
0.008,0.812,0
1.001,0.558,4
0.078,0.799,0
0.322,0.478,0
0.222,0.521,0
0.57,0.016,3
0.087,0.73,0
0.261,0.446,0
0.299,0.429,0
0.258,0.458,0
0.295,0.496,0
0.453,0.767,0
0.454,0.072,3
0.557,0.069,3
0.317,0.483,0
0.53,0.141,3
0.502,0.076,3
0.257,0.557,0
1.016,0.529,2
0.089,0.82,0
0.452,0.73,0
0.051,0.83,0
0.518,0.042,3
0.313,0.494,0
0.938,0.491,1
0.493,0.092,3
0.509,0.06,3
0.124,0.788,0
0.075,0.752,0
0.045,0.827,0
0.41,0.773,0
0.153,0.784,0
0.064,0.742,0
0.222,0.49,0
0.964,0.559,4
0.528,0.008,3
0.09,0.765,0
0.496,0.726,0
0.48,0.758,0
0.018,0.807,0
0.983,0.503,2
0.332,0.685,0
0.503,0.067,3
0.08,0.733,0
1.027,0.56,4
0.995,0.52,2
0.53,0.043,3
0.998,0.59,4
0.967,0.512,2
0.119,0.793,0
0.074,0.768,0
0.44,0.749,0
0.448,0.709,0
0.003,0.823,0
0.38,0.71,0
0.936,0.613,4
0.957,0.52,1
0.265,0.503,0
0.273,0.473,0
0.992,0.468,2
0.474,0.757,0
0.492,0.063,3
0.95,0.515,1
0.473,0.038,3
1.028,0.544,4
0.404,0.815,0
0.496,0.066,3
0.931,0.496,1
0.474,0.732,0
0.31,0.539,0
0.394,0.806,0
0.124,0.763,0
0.1,0.835,0
0.09,0.763,0
0.103,0.822,0
0.456,0.043,3
0.468,0.703,0
0.061,0.794,0
0.532,0.011,3
0.224,0.509,0
0.486,0.746,0
0.481,0.79,0
0.397,0.635,0
0.97,0.59,4
1.016,0.532,2
0.615,0.047,3
1.06,0.574,4
0.482,0.034,3
0.491,0.691,0
0.955,0.52,1
0.405,0.751,0
1.014,0.623,4
0.24,0.526,0
0.041,0.822,0
0.56,0.147,3
0.49,0.702,0
0.467,0.112,3
0.108,0.815,0
0.463,0.062,3
0.215,0.518,0
0.097,0.809,0
0.03,0.858,0
0.999,0.49,2
0.282,0.536,0
0.91,0.601,1
0.937,0.516,1
0.989,0.52,2
0.941,0.49,1
0.046,0.752,0
0.976,0.565,4
0.999,0.511,2
0.018,0.737,0
0.385,0.731,0
0.552,0.099,3
0.996,0.524,2
0.38,0.726,0
0.119,0.819,0
0.432,0.76,0
0.406,0.777,0
0.897,0.493,1
0.071,0.798,0
0.462,0.723,0
0.097,0.768,0
0.417,0.757,0
0.364,0.775,0
0.286,0.492,0
0.236,0.47,0
0.894,0.557,1
0.12,0.835,0
0.967,0.472,2
0.549,0.131,3
0.29,0.569,0
0.099,0.806,0
0.276,0.475,0
0.064,0.868,0
0.434,0.788,0
0.429,0.671,0
0.539,0.023,3
1.012,0.557,4
0.917,0.478,1
0.267,0.439,0
0.057,0.758,0
0.117,0.76,0
0.011,0.764,0
0.264,0.492,0
0.1,0.859,0
0.493,0.719,0
0.415,0.719,0
0.437,0.666,0
0.106,0.768,0
0.193,0.552,0
1.003,0.519,2
0.516,0.089,3
0.447,0.709,0
0.519,0.069,3
0.298,0.507,0
0.139,0.853,0
0.461,0.135,3
0.129,0.742,0
0.058,0.775,0
0.31,0.493,0
1.013,0.518,2
0.526,0.769,0
0.481,0.117,3
0.126,0.803,0
0.492,0.083,3
0.095,0.837,0
1.001,0.538,2
0.97,0.492,2
0.259,0.459,0
0.938,0.569,1
0.299,0.563,0
0.262,0.491,0
0.421,0.758,0
0.048,0.79,0
0.425,0.787,0
0.043,0.749,0
0.461,0.722,0
0.44,0.711,0
0.272,0.508,0
1.011,0.529,2
0.938,0.541,1
0.401,0.755,0
0.307,0.553,0
0.086,0.773,0
1.001,0.48,2
0.388,0.743,0
0.262,0.522,0
0.24,0.467,0
0.079,0.805,0
0.062,0.83,0
1.008,0.536,2
0.416,0.678,0
1.029,0.5,2
0.438,0.14,3
0.538,0.091,3
0.474,0.049,3
0.283,0.484,0
0.492,0.688,0
0.904,0.452,1
0.392,0.081,3
0.45,0.725,0
0.521,0.141,3
0.266,0.478,0
0.384,0.756,0
0.45,0.148,3
0.095,0.809,0
0.07,0.801,0
0.519,0.043,3
0.446,0.727,0
0.324,0.461,0
0.112,0.772,0
0.056,0.791,0
0.45,0.687,0
0.469,0.757,0
0.969,0.583,4
0.086,0.78,0
0.436,0.76,0
0.981,0.475,2
0.265,0.554,0
0.536,0.653,0
0.281,0.386,0
0.401,0.747,0
0.249,0.45,0
0.99,0.512,2
0.994,0.545,4
0.441,0.774,0
0.071,0.795,0
0.448,0.117,3
0.488,0.059,3
0.534,0.167,3
0.221,0.494,0
0.531,0.008,3
0.27,0.464,0
0.477,0.091,3
0.32,0.479,0
0.114,0.861,0
0.506,0.684,0
0.193,0.559,0
0.228,0.517,0
0.431,0.68,0
0.265,0.542,0
0.937,0.515,1
0.478,0.087,3
0.057,0.77,0
0.312,0.488,0
0.571,0.1,3
0.294,0.45,0
0.263,0.489,0
0.531,0.014,3
0.428,0.067,3
0.523,0.076,3
0.105,0.798,0
0.445,0.731,0
0.3,0.525,0
0.231,0.441,0
1.009,0.582,4
0.152,0.804,0
0.508,0.776,0
0.483,0.711,0
0.422,0.796,0
0.601,0.01,3
0.476,0.733,0
0.02,0.725,0
0.111,0.749,0
0.094,0.79,0
0.967,0.622,4
0.381,0.752,0
0.418,0.06,3
0.466,0.036,3
0.3,0.47,0
0.303,0.569,0
0.103,0.77,0
0.968,0.51,2
0.434,0.75,0
0.116,0.753,0
0.544,0.047,3
0.075,0.731,0
1.008,0.501,2
0.049,0.734,0
0.452,0.717,0
0.034,0.724,0
0.285,0.46,0
0.547,0.055,3
0.289,0.549,0
0.272,0.631,0
0.438,0.717,0
0.511,0.063,3
0.275,0.452,0
0.433,0.762,0
0.28,0.496,0
0.491,0.141,3
0.088,0.761,0
0.495,0.716,0
0.969,0.508,2
0.42,0.667,0
0.425,0.041,3
0.159,0.542,0
0.403,0.71,0
0.098,0.783,0
0.461,0.693,0
0.316,0.495,0
0.472,0.699,0
0.498,0.03,3
0.435,0.718,0
0.416,0.666,0
1.003,0.595,4
0.308,0.421,0
0.128,0.822,0
0.534,0.112,3
0.242,0.514,0
0.23,0.458,0
0.073,0.838,0
0.396,0.731,0
1.086,0.545,2
0.507,0.111,3
0.492,0.069,3
0.245,0.438,0
0.941,0.575,1
0.112,0.772,0
0.937,0.6,4
0.107,0.792,0
0.426,0.731,0
0.423,0.721,0
0.043,0.811,0
0.225,0.477,0
0.93,0.515,1
0.284,0.404,0
0.1,0.737,0
0.891,0.577,1
0.405,0.728,0
0.442,0.705,0
0.266,0.513,0
0.178,0.487,0
1.008,0.497,2
0.466,0.103,3
0.383,0.714,0
0.275,0.534,0
0.251,0.479,0
0.441,0.681,0
1.064,0.529,2
0.282,0.468,0
0.275,0.476,0
0.088,0.796,0
0.431,0.737,0
0.294,0.504,0
0.402,0.693,0
1.017,0.581,4
0.971,0.445,2
0.505,0.751,0
1.022,0.542,4
0.445,0.719,0
0.476,0.717,0
0.455,0.689,0
0.015,0.679,0
0.089,0.764,0
0.129,0.784,0
0.58,0.063,3
0.39,0.681,0
0.23,0.569,0
0.194,0.472,0
0.079,0.779,0
0.475,0.729,0
0.103,0.798,0
0.123,0.751,0
1.003,0.5,2
0.537,0.095,3
0.451,0.77,0
0.329,0.469,0
0.285,0.501,0
0.232,0.538,0
1.009,0.522,2
0.031,0.832,0
0.515,0.064,3
0.422,0.699,0
0.428,0.077,3
0.293,0.546,0
0.063,0.764,0
0.489,0.031,3
0.21,0.531,0
0.058,0.723,0
0.299,0.471,0
0.511,0.077,3
0.303,0.603,0
0.34,0.506,0
0.25,0.49,0
0.986,0.566,4
0.254,0.595,0
0.443,0.808,0
0.113,0.757,0
0.356,0.68,0
0.065,0.813,0
0.439,0.084,3
0.055,0.784,0
0.326,0.499,0
0.303,0.528,0
0.967,0.552,1
0.486,0.706,0
0.914,0.5,1
0.51,0.088,3
0.558,0.075,3
0.202,0.482,0
0.002,0.808,0
0.398,0.7,0
0.255,0.436,0
0.963,0.471,2
0.426,0.73,0
0.272,0.567,0
0.29,0.527,0
0.978,0.482,2
0.396,0.659,0
0.443,0.104,3
1.018,0.523,2
0.081,0.751,0
0.421,0.681,0
0.247,0.534,0
0.5,0.052,3
1.002,0.534,2
0.993,0.449,2
0.418,0.778,0
1.03,0.619,4
0.474,0.724,0
0.961,0.507,1
0.497,0.008,3
0.123,0.746,0
0.482,0.828,0
0.283,0.487,0
0.204,0.423,0
0.025,0.82,0
0.948,0.502,1
0.487,0.001,3
1.029,0.523,2
0.14,0.813,0
0.489,0.026,3
0.261,0.497,0
0.329,0.55,0
0.551,0.112,3
0.414,0.729,0
0.043,0.791,0
0.416,0.708,0
0.474,0.735,0
0.231,0.495,0
0.581,0.037,3
0.204,0.489,0
0.074,0.752,0
0.342,0.454,0
0.267,0.521,0
0.414,0.727,0
0.424,0.085,3
0.34,0.525,0
0.286,0.472,0
0.341,0.652,0
0.392,0.703,0
0.363,0.66,0
0.074,0.748,0
0.967,0.469,2
0.092,0.806,0
0.46,0.032,3
0.268,0.479,0
0.072,0.811,0
1.068,0.511,2
0.064,0.766,0
1.012,0.518,2
0.061,0.781,0
0.415,0.744,0
0.505,0.115,3
0.269,0.505,0
0.467,0.746,0
0.974,0.48,2
0.462,0.078,3
0.474,0.151,3
1.046,0.479,2
0.929,0.595,1
0.051,0.802,0
0.547,0.145,3
0.421,0.708,0
0.987,0.549,4
0.956,0.529,1
0.228,0.544,0
0.525,0.008,3
0.381,0.821,0
0.52,0.144,3
0.052,0.74,0
0.108,0.777,0
0.442,0.79,0
0.05,0.806,0
0.432,0.741,0
0.504,0.09,3
0.553,0.085,3
0.339,0.456,0
0.522,0.128,3
0.558,0.042,3
0.982,0.564,4
0.992,0.545,4
0.998,0.51,2
0.219,0.566,0
1.003,0.632,4
0.95,0.529,1
0.437,0.75,0
0.24,0.542,0
0.096,0.756,0
0.482,0.749,0
0.093,0.754,0
0.536,0.014,3
0.419,0.731,0
0.537,0.108,3
0.109,0.775,0
0.481,0.087,3
0.509,0.712,0
1.004,0.61,4
0.423,0.762,0
0.273,0.544,0
0.115,0.743,0
0.277,0.535,0
0.12,0.731,0
0.122,0.739,0
0.071,0.73,0
0.273,0.5,0
0.321,0.453,0
1.023,0.656,4
0.558,0.056,3
0.27,0.435,0
0.088,0.772,0
0.983,0.462,2
0.996,0.492,2
0.101,0.703,0
0.456,0.754,0
0.257,0.492,0
0.327,0.526,0
0.397,0.73,0
0.291,0.469,0
0.322,0.501,0
0.961,0.509,1
0.405,0.718,0
0.956,0.517,1
0.574,0.064,3
0.469,0.063,3
0.482,0.079,3
0.523,0.147,3
0.983,0.551,4
0.975,0.53,2
0.031,0.705,0
0.949,0.567,1
0.277,0.46,0
0.945,0.597,4
0.527,0.092,3
0.108,0.757,0
0.517,0.154,3
0.306,0.548,0
0.921,0.541,1
0.501,0.138,3
0.474,0.723,0
0.075,0.797,0
0.351,0.753,0
0.495,0.715,0
0.991,0.559,4
0.293,0.459,0
0.576,0.029,3
0.471,0.111,3
0.274,0.507,0
0.968,0.519,1
0.466,0.745,0
0.099,0.807,0
0.052,0.71,0
0.965,0.502,2
0.511,0.101,3
1.036,0.543,4
0.517,0.166,3
0.474,0.701,0
0.557,0.053,3
0.457,0.856,0
0.431,0.671,0
0.039,0.782,0
0.961,0.564,4
0.977,0.523,2
1.014,0.628,4
0.132,0.82,0
0.293,0.546,0
0.096,0.833,0
0.295,0.453,0
0.093,0.789,0
0.262,0.464,0
0.989,0.521,2
0.153,0.85,0
0.304,0.547,0
0.231,0.451,0
0.483,0.069,3
0.997,0.628,4
0.269,0.541,0
0.452,0.702,0
0.978,0.487,2
0.051,0.788,0
0.489,0.029,3
0.016,0.8,0
0.331,0.567,0
0.994,0.575,4
0.077,0.724,0
0.467,0.714,0
0.296,0.473,0
0.468,0.781,0
0.477,0.095,3
0.276,0.5,0
0.933,0.549,1
0.246,0.499,0
0.378,0.728,0
0.527,0.043,3
0.458,0.042,3
0.309,0.407,0
0.191,0.493,0
0.254,0.528,0
0.981,0.466,2
0.49,0.1,3
0.456,0.148,3
0.302,0.506,0
0.463,0.117,3
0.441,0.012,3
0.438,0.628,0
0.272,0.543,0
0.52,0.738,0
0.481,0.756,0
0.455,0.682,0
0.248,0.483,0
0.057,0.758,0
0.116,0.825,0
0.144,0.794,0
0.504,0.081,3
0.453,0.729,0
0.512,0.719,0
0.509,0.686,0
0.419,0.821,0
0.283,0.493,0
0.346,0.491,0
0.557,0.055,3
1.058,0.588,4
0.308,0.477,0
0.427,0.666,0
1.051,0.586,4
0.466,0.67,0
0.261,0.492,0
0.989,0.605,4
0.453,0.127,3
0.281,0.45,0
1.021,0.585,4
0.977,0.419,2
0.305,0.519,0
0.143,0.82,0
0.263,0.516,0
0.56,0.054,3
0.922,0.587,1
0.51,0.088,3
0.114,0.773,0
0.452,0.729,0
0.276,0.548,0
0.888,0.476,1
0.437,0.744,0
0.278,0.519,0
0.474,0.06,3
0.283,0.548,0
0.963,0.464,2
0.285,0.422,0
0.445,0.744,0
0.506,0.022,3
0.343,0.452,0
0.504,0.063,3
1.01,0.439,2
0.091,0.837,0
1.006,0.488,2
0.526,0.029,3
0.379,0.727,0
0.54,0.037,3
0.475,0.09,3
0.084,0.711,0
0.597,0.13,3
0.235,0.494,0
0.025,0.832,0
0.543,0.078,3
0.386,0.697,0
0.512,0.098,3
0.247,0.505,0
0.976,0.58,4
0.087,0.785,0
0.262,0.463,0
0.471,0.715,0
0.454,0.029,3
0.879,0.507,1
0.093,0.805,0
1.009,0.569,4
0.028,0.773,0
0.255,0.514,0
0.085,0.771,0
1.047,0.519,2
0.083,0.745,0
0.281,0.477,0
0.31,0.525,0
0.455,0.705,0
0.244,0.437,0
0.443,0.675,0
0.505,0.02,3
0.101,0.757,0
0.463,0.716,0
0.54,0.013,3
0.582,0.128,3
0.208,0.486,0
0.249,0.478,0
0.224,0.514,0
0.496,0.06,3
0.492,0.081,3
0.488,0.027,3
0.964,0.573,4
0.366,0.708,0
0.226,0.491,0
0.989,0.535,2
0.965,0.549,1
0.022,0.753,0
0.33,0.528,0
0.507,0.174,3
0.112,0.708,0
0.512,0.08,3
0.285,0.508,0
0.056,0.775,0
0.264,0.573,0
0.27,0.467,0
0.476,0.125,3
0.098,0.763,0
1.051,0.576,4
0.963,0.569,4
0.135,0.757,0
0.099,0.802,0
0.462,0.692,0
0.457,0.052,3
0.421,0.747,0
0.317,0.517,0
0.097,0.824,0
0.082,0.77,0
0.276,0.439,0
0.511,0.098,3
0.074,0.648,0
0.971,0.558,4
0.252,0.482,0
0.982,0.493,2
1.001,0.529,2
0.323,0.548,0
0.113,0.773,0
0.246,0.515,0
1.003,0.545,4
0.97,0.487,2
0.286,0.485,0
0.477,0.749,0
0.473,0.101,3
0.431,0.654,0
0.269,0.503,0
1.022,0.557,4
0.508,0.085,3
0.275,0.569,0
0.92,0.512,1
0.271,0.581,0
0.242,0.483,0
0.956,0.59,4
0.48,0.76,0
0.468,0.111,3
0.978,0.57,4
0.454,0.072,3
0.391,0.726,0
0.143,0.744,0
0.273,0.5,0
0.532,0.116,3
0.299,0.449,0
0.229,0.519,0
0.307,0.541,0
0.233,0.534,0
0.066,0.746,0
0.531,0.765,0
0.272,0.445,0
0.104,0.758,0
0.239,0.469,0
0.098,0.741,0
0.541,0.076,3
0.338,0.538,0
0.971,0.516,2
0.583,0.074,3
0.397,0.692,0
0.467,0.75,0
0.54,0.102,3
1.02,0.572,4
0.009,0.776,0
0.113,0.769,0
0.429,0.678,0
0.236,0.424,0
0.202,0.609,0
1.001,0.467,2
0.453,0.067,3
0.406,0.816,0
0.093,0.757,0
0.444,0.715,0
0.475,0.706,0
0.408,0.704,0
0.24,0.495,0
0.447,0.057,3
0.241,0.516,0
0.273,0.538,0
0.104,0.807,0
0.305,0.476,0
0.072,0.744,0
0.465,0.747,0
0.262,0.514,0
0.213,0.489,0
0.289,0.559,0
0.273,0.492,0
0.437,0.81,0
0.275,0.474,0
0.446,0.748,0
0.984,0.531,2
0.431,0.7,0
0.964,0.504,2
0.923,0.504,1
0.526,0.179,3
0.141,0.767,0
0.097,0.771,0
0.979,0.554,4
0.543,0.152,3
0.434,0.63,0
0.966,0.588,4
0.135,0.821,0
0.313,0.499,0
0.434,0.691,0
0.473,0.094,3
0.029,0.726,0
0.482,0.091,3
0.421,0.763,0
0.228,0.501,0
0.063,0.84,0
0.137,0.711,0
0.082,0.821,0
0.551,0.079,3
1.026,0.563,4
0.344,0.518,0
0.454,0.785,0
0.466,0.753,0
0.44,0.7,0
0.972,0.53,1
0.424,0.712,0
0.294,0.525,0
0.025,0.853,0
0.305,0.473,0
0.472,0.689,0
0.405,0.781,0
0.275,0.556,0
0.938,0.449,2
0.965,0.562,4
0.195,0.451,0
0.132,0.75,0
0.417,0.692,0
0.511,0.757,0
0.492,0.089,3
0.957,0.557,1
0.301,0.548,0
0.44,0.705,0
0.08,0.773,0
0.989,0.567,4
0.5,0.711,0
0.246,0.5,0
0.954,0.596,4
0.049,0.723,0
0.221,0.506,0
0.417,0.742,0
0.077,0.734,0
0.496,0.677,0
0.563,0.086,3
0.07,0.83,0
0.08,0.746,0
0.172,0.524,0
0.241,0.545,0
0.44,0.727,0
0.478,0.704,0
1.023,0.551,4
0.475,0.681,0
0.293,0.512,0
0.523,0.018,3
0.234,0.542,0
0.564,0.116,3
0.063,0.786,0
0.067,0.813,0
0.508,0.015,3
0.468,0.756,0
0.961,0.577,4
0.058,0.801,0
0.436,0.807,0
0.476,0.723,0
0.247,0.506,0
0.035,0.768,0
0.414,0.822,0
0.096,0.764,0
0.145,0.786,0
0.992,0.561,4
0.452,0.108,3
0.481,0.027,3
0.105,0.678,0
0.126,0.846,0
0.098,0.787,0
0.217,0.498,0
0.284,0.503,0
0.997,0.462,2
0.484,0.127,3
1.042,0.539,2
0.333,0.565,0
0.428,0.052,3
0.442,0.749,0
0.401,0.702,0
0.501,0.002,3
0.229,0.446,0
0.98,0.524,2
0.428,0.092,3
0.5,0.733,0
0.213,0.488,0
0.487,0.06,3
0.514,0.061,3
0.438,0.686,0
0.48,0.117,3
0.299,0.495,0
0.927,0.543,1
1.004,0.534,2
0.504,0.002,3
0.945,0.514,1
0.409,0.769,0
0.058,0.792,0
0.543,0.026,3
0.065,0.747,0
0.983,0.582,4
0.383,0.721,0
0.298,0.573,0
1.006,0.528,2
0.077,0.799,0
0.229,0.419,0
0.952,0.496,1
0.998,0.584,4
0.099,0.736,0
0.339,0.752,0
0.076,0.829,0
0.024,0.76,0
0.144,0.715,0
0.427,0.699,0
0.507,0.085,3
0.271,0.508,0
0.46,0.058,3
0.367,0.719,0
0.043,0.724,0
0.133,0.84,0
0.442,0.716,0
0.374,0.703,0
0.06,0.732,0
0.94,0.549,1
0.462,0.767,0
0.429,0.679,0
0.52,0.118,3
0.098,0.77,0
0.487,0.053,3
0.311,0.5,0
0.19,0.509,0
0.024,0.755,0
0.042,0.784,0
0.28,0.504,0
0.502,0.105,3
0.256,0.509,0
0.978,0.523,2
1.039,0.546,4
1.016,0.427,2
0.366,0.693,0
0.978,0.497,2
0.104,0.858,0
0.426,0.12,3
0.063,0.785,0
0.271,0.424,0
0.063,0.781,0
0.322,0.513,0
0.465,0.762,0
0.236,0.535,0
0.406,0.687,0
0.425,0.687,0
0.201,0.557,0
0.275,0.489,0
0.217,0.448,0
0.486,0.069,3
0.503,0.008,3
0.952,0.525,1
0.325,0.432,0
0.562,0.093,3
1.029,0.568,4
0.47,0.651,0
0.272,0.515,0
0.487,0.091,3
0.121,0.769,0
0.071,0.774,0
0.418,0.733,0
0.309,0.432,0
0.454,0.75,0
0.286,0.423,0
0.507,0.056,3
0.432,0.746,0
0.252,0.521,0
0.545,0.076,3
0.395,0.685,0
0.026,0.817,0
1.023,0.498,2
0.27,0.557,0
0.049,0.778,0
0.398,0.687,0
0.459,0.741,0
0.316,0.491,0
0.498,0.071,3
0.522,0.081,3
0.456,0.693,0
0.499,0.104,3
0.467,0.772,0
0.985,0.512,2
0.055,0.75,0
0.476,0.036,3
0.063,0.763,0
0.507,0.067,3
0.41,0.673,0
0.398,0.714,0
0.311,0.507,0
0.054,0.776,0
0.309,0.536,0
0.084,0.812,0
0.494,0.7,0
0.05,0.768,0
0.269,0.518,0
0.443,0.749,0
0.075,0.781,0
0.32,0.559,0
0.956,0.507,1
0.363,0.743,0
0.241,0.477,0
0.961,0.559,1
0.447,0.751,0
0.423,0.717,0
0.042,0.778,0
0.429,0.733,0
0.99,0.62,4
0.931,0.558,1
0.06,0.813,0
0.496,0.739,0
0.04,0.787,0
0.427,0.737,0
0.478,0.687,0
1.052,0.528,2
0.26,0.497,0
0.121,0.769,0
0.092,0.814,0
0.484,0.076,3
0.056,0.766,0
0.525,0.037,3
0.053,0.752,0
0.1,0.828,0
0.051,0.808,0
0.064,0.752,0
0.025,0.814,0
0.547,0.079,3
0.075,0.752,0
0.528,0,3
0.298,0.497,0
0.986,0.532,2
0.271,0.506,0
0.035,0.832,0
0.1,0.763,0
0.458,0.711,0
0.507,0.023,3
0.25,0.493,0
0.301,0.529,0
0.523,0.051,3
0.504,0.103,3
0.247,0.532,0
0.516,0.084,3
0.946,0.571,1
0.317,0.539,0
0.458,0.693,0
0.112,0.789,0
0.943,0.59,4
0.286,0.472,0
0.484,0.087,3
0.078,0.821,0
0.25,0.509,0
0.504,0.084,3
0.133,0.789,0
0.463,0.144,3
1.016,0.566,4
0.06,0.784,0
0.915,0.586,1
0.203,0.469,0
0.202,0.521,0
0.102,0.717,0
0.276,0.481,0
0.98,0.598,4
0.303,0.531,0
0.49,0.06,3
0.485,0.07,3
0.486,0.081,3
0.118,0.805,0
0.458,0.694,0
1.015,0.598,4
0.588,0.06,3
0.58,0.109,3
0.468,0.14,3
0.292,0.515,0
0.418,0.774,0
0.447,0.066,3
0.522,0.042,3
0.269,0.512,0
0.498,0.062,3
0.061,0.765,0
0.123,0.806,0
0.526,0.052,3
0.944,0.516,1
0.944,0.581,1
0.096,0.744,0
0.264,0.435,0
0.423,0.751,0
0.316,0.469,0
0.553,0.726,0
0.266,0.448,0
0.315,0.505,0
0.382,0.704,0
0.242,0.559,0
0.252,0.41,0
0.456,0.787,0
0.261,0.5,0
0.537,0.034,3
1.034,0.542,2
0.9,0.439,1
0.892,0.527,1
0.289,0.517,0
0.395,0.725,0
0.445,0.716,0
0.949,0.582,4
0.959,0.457,2
0.462,0.691,0
0.452,0.665,0
0.987,0.504,2
0.143,0.746,0
0.016,0.817,0
0.493,0.063,3
0.459,0.715,0
0.241,0.51,0
0.521,0.097,3
0.239,0.442,0
0.538,0.066,3
0.997,0.562,4
0.933,0.499,1
0.979,0.585,4
0.985,0.53,2
1.027,0.453,2
0.445,0.726,0
0.306,0.534,0
0.94,0.589,1
0.033,0.764,0
0.166,0.504,0
0.117,0.743,0
0.96,0.537,1
0.227,0.475,0
0.467,0.078,3
0.447,0.692,0
1.006,0.511,2
0.063,0.777,0
0.075,0.777,0
0.497,0.084,3
0.962,0.551,1
0.454,0.71,0
0.229,0.518,0
0.116,0.711,0
0.418,0.823,0
0.534,0.027,3
0.091,0.847,0
0.495,0.131,3
0.866,0.52,1
1.109,0.48,2
0.472,0.104,3
0.337,0.542,0
0.48,0.102,3
0.439,0.038,3
0.291,0.501,0
0.312,0.56,0
0.522,0.006,3
0.375,0.722,0
0.293,0.5,0
0.224,0.483,0
0.085,0.765,0
0.964,0.528,1
0.269,0.5,0
0.533,0.061,3
0.219,0.466,0
0.247,0.425,0
0.94,0.537,1
0.485,0.08,3
0.4,0.733,0
0.491,0.042,3
0.398,0.666,0
0.237,0.48,0
0.456,0.799,0
0.106,0.714,0
0.278,0.491,0
0.556,0.066,3
0.483,0.038,3
0.471,0.766,0
0.447,0.021,3
0.401,0.62,0
0.045,0.761,0
0.023,0.867,0
0.056,0.785,0
0.099,0.789,0
0.977,0.524,2
0.374,0.724,0
0.062,0.789,0
1.024,0.55,4
0.543,0.072,3
0.123,0.799,0
0.309,0.474,0
0.022,0.793,0
0.281,0.503,0
0.05,0.809,0
0.275,0.486,0
1.012,0.602,4
0.977,0.59,4
0.241,0.559,0
0.931,0.594,1
0.529,0.093,3
0.226,0.506,0
0.45,0.719,0
0.247,0.484,0
0.259,0.444,0
0.358,0.766,0
0.04,0.728,0
0.917,0.543,1
0.271,0.505,0
0.53,0.125,3
0.921,0.57,1
0.42,0.099,3
0.051,0.804,0
0.509,0.7,0
0.535,0.112,3
0.228,0.548,0
0.37,0.78,0
0.5,0.084,3
0.435,0.09,3
0.026,0.76,0
0.45,0.724,0
0.468,0.656,0
0.218,0.457,0
0.373,0.759,0
0.053,0.847,0
0.283,0.597,0
0.242,0.539,0
0.956,0.595,4
0.415,0.848,0
0.45,0.772,0
0.28,0.481,0
0.295,0.541,0
0.493,0.022,3
0.522,0.07,3
0.274,0.465,0
0.289,0.476,0
0.5,0.041,3
0.257,0.464,0
1.009,0.492,2
0.92,0.545,1
0.08,0.787,0
0.499,0.094,3
0.451,0.735,0
0.069,0.853,0
0.303,0.555,0
0.414,0.72,0
0.452,0.053,3
0.091,0.82,0
0.44,0.704,0
0.914,0.574,1
0.976,0.558,4
0.422,0.697,0
0.387,0.79,0
0.969,0.564,4
0.97,0.557,4
0.103,0.755,0
0.146,0.78,0
0.893,0.556,1
0.469,0.101,3
0.247,0.47,0
0.278,0.496,0
0.062,0.756,0
0.496,0.119,3
0.284,0.462,0
0.308,0.405,0
0.407,0.702,0
0.093,0.745,0
0.447,0.684,0
0.48,0.693,0
0.499,0.131,3
0.554,0.082,3
0.434,0.738,0
0.302,0.458,0
0.408,0.759,0
0.976,0.574,4
0.149,0.772,0
0.5,0.102,3
0.453,0.776,0
0.559,0.05,3
0.02,0.781,0
0.228,0.506,0
0.522,0.091,3
0.407,0.708,0
0.006,0.801,0
0.956,0.556,1
0.497,0.066,3
0.261,0.5,0
0.515,0.039,3
0.134,0.771,0
0.059,0.78,0
0.455,0.766,0
0.091,0.689,0
0.316,0.532,0
0.464,0.704,0
0.266,0.464,0
0.447,0.612,0
0.098,0.822,0
0.209,0.471,0
0.09,0.86,0
1.062,0.535,2
0.132,0.795,0
0.463,0.754,0
0.063,0.809,0
0.256,0.532,0
0.28,0.537,0
0.467,0.663,0
0.985,0.514,2
0.407,0.018,3
0.453,0.128,3
1.045,0.559,4
0.395,0.783,0
0.994,0.613,4
0.443,0.164,3
0.944,0.551,1
0.262,0.5,0
0.3,0.564,0
0.526,0.018,3
0.533,0.097,3
0.057,0.781,0
0.437,0.641,0
0.145,0.743,0
0.966,0.499,2
0.938,0.619,4
0.055,0.691,0
0.436,0.749,0
0.329,0.548,0
0.546,0.138,3
0.277,0.532,0
0.394,0.728,0
0.433,0.717,0
1.029,0.541,2
1.035,0.537,2
0.069,0.801,0
0.116,0.8,0
0.112,0.774,0
0.403,0.709,0
0.468,0.703,0
0.434,0.702,0
0.486,0.734,0
0.315,0.478,0
0.962,0.565,4
1.017,0.507,2
0.519,0.088,3
0.471,0.031,3
0.072,0.774,0
0.014,0.796,0
0.422,0.701,0
0.454,0.768,0
0.253,0.479,0
0.104,0.859,0
0.229,0.528,0
0.941,0.57,1
1.014,0.595,4
0.118,0.8,0
0.034,0.762,0
0.246,0.5,0
0.907,0.491,1
0.056,0.756,0
0.448,0.012,3
0.311,0.445,0
0.986,0.555,4
1.022,0.475,2
0.449,0.756,0
0.541,0.054,3
0.994,0.506,2
0.93,0.517,1
0.065,0.821,0
0.285,0.515,0
0.492,0.15,3
0.438,0.044,3
0.427,0.753,0
0.524,0.106,3
0.471,0.031,3
0.453,0.004,3
0.934,0.482,1
0.415,0.674,0
0.054,0.742,0
0.059,0.766,0
0.077,0.815,0
0.429,0.047,3
0.339,0.502,0
0.066,0.753,0
0.992,0.49,2
0.087,0.768,0
0.4,0.752,0
0.149,0.797,0
0.09,0.826,0
0.137,0.755,0
1.015,0.525,2
0.382,0.697,0
0.488,0.101,3
0.41,0.791,0
0.48,0.778,0
0.532,0.058,3
0.197,0.507,0
0.481,0.071,3
0.088,0.829,0
0.878,0.498,1
0.457,0.115,3
0.45,0.678,0
0.227,0.476,0
0.105,0.73,0
0.076,0.776,0
0.398,0.756,0
0.574,0.038,3
0.407,0.782,0
1.006,0.534,2
0.971,0.505,2
0.493,0.042,3
0.981,0.544,4
0.394,0.668,0
0.107,0.844,0
0.314,0.472,0
1.017,0.547,4
0.418,0.715,0
0.466,0.713,0
0.484,0.781,0
0.295,0.489,0
0.248,0.499,0
0.198,0.464,0
0.314,0.409,0
0.374,0.784,0
0.212,0.526,0
1.032,0.588,4
0.371,0.762,0
1.014,0.6,4
1.048,0.594,4
0.303,0.467,0
0.908,0.594,1
0.094,0.767,0
0.546,0.101,3
1.016,0.484,2
0.448,0.69,0
0.252,0.479,0
0.061,0.803,0
0.03,0.838,0
1.012,0.522,2
0.453,0.729,0
0.195,0.435,0
0.972,0.454,2
0.985,0.574,4
0.469,0.766,0
0.947,0.438,2
0.077,0.86,0
0.475,0.089,3
0.463,0.66,0
0.209,0.438,0
0.038,0.836,0
0.372,0.694,0
0.396,0.69,0
0.51,0.091,3
0.252,0.495,0
0.512,0.044,3
0.323,0.472,0
0.32,0.469,0
0.288,0.461,0
0.976,0.577,4
0.974,0.567,4
0.492,0.117,3
1.017,0.634,4
0.126,0.739,0
0.959,0.546,1
0.084,0.788,0
0.473,0.07,3
0.504,0.089,3
0.26,0.554,0
0.515,0.029,3
1.008,0.567,4
1.019,0.493,2
0.433,0.749,0
0.471,0.084,3
0.336,0.473,0
0.077,0.729,0
0.255,0.426,0
0.261,0.51,0
0.04,0.768,0
0.275,0.528,0
0.926,0.565,1
0.033,0.695,0
0.305,0.505,0
0.383,0.669,0
0.434,0.068,3
0.407,0.734,0
0.443,0.743,0
0.236,0.556,0
0.484,0.062,3
0.98,0.53,2
0.399,0.832,0
0.943,0.509,1
0.273,0.489,0
0.441,0.737,0
0.1,0.786,0
0.119,0.779,0
0.973,0.524,2
0.545,0.109,3
0.065,0.823,0
0.282,0.484,0
0.451,0.69,0
0.475,0.002,3
0.567,0.021,3
0.139,0.775,0
0.925,0.515,1
0.269,0.467,0
0.943,0.48,1
1.022,0.503,2
0.541,0.107,3
0.248,0.503,0
0.059,0.796,0
0.487,0.745,0
0.063,0.756,0
0.342,0.427,0
0.142,0.78,0
0.993,0.576,4
0.085,0.851,0
0.451,0.09,3
0.978,0.534,2
0.42,0.739,0
0.118,0.717,0
0.249,0.513,0
1.036,0.523,2
0.987,0.582,4
0.196,0.527,0
0.422,0.059,3
1.053,0.551,4
0.049,0.773,0
0.453,0.73,0
0.461,0.751,0
0.289,0.529,0
0.437,0.667,0
0.41,0.688,0
0.038,0.667,0
0.352,0.509,0
0.424,0.711,0
1.028,0.593,4
0.232,0.494,0
0.417,0.715,0
0.504,0.055,3
1.004,0.502,2
0.955,0.505,1
0.468,0.114,3
0.601,0.068,3
0.45,0.671,0
0.515,0.048,3
0.935,0.552,1
0.484,0.11,3
0.523,0.108,3
0.432,0.138,3
0.307,0.508,0
0.506,0.748,0
0.538,0.028,3
0.256,0.508,0
0.433,0.725,0
1.047,0.572,4
0.561,0.073,3
0.29,0.542,0
0.09,0.795,0
0.449,0.787,0
0.281,0.451,0
0.462,0.752,0
0.85,0.551,1
0.987,0.51,2
0.512,0.773,0
0.44,0.047,3
1.058,0.511,2
0.298,0.526,0
0.984,0.57,4
0.966,0.558,4
0.911,0.505,1
0.076,0.731,0
1.031,0.558,4
0.526,0.054,3
0.444,0.781,0
0.933,0.515,1
0.459,0.701,0
0.44,0.116,3
0.451,0.099,3
0.981,0.536,2
0.49,0.798,0
0.252,0.44,0
0.386,0.528,0
0.277,0.519,0
0.978,0.536,2
0.552,0.089,3
0.483,0.622,0
0.073,0.81,0
0.52,0.738,0
0.103,0.769,0
0.049,0.798,0
0.46,0.695,0
0.078,0.747,0
0.075,0.757,0
0.503,0.762,0
0.131,0.819,0
0.106,0.796,0
1.019,0.493,2
0.495,0.04,3
0.483,0.727,0
0.985,0.503,2
1.021,0.603,4
0.13,0.815,0
0.485,0.704,0
0.276,0.506,0
0.979,0.507,2
0.932,0.543,1
0.281,0.496,0
0.578,0.093,3
0.403,0.74,0
0.07,0.811,0
1.003,0.611,4
0.045,0.918,0
0.095,0.818,0
0.258,0.509,0
0.474,0.061,3
0.25,0.531,0
0.52,0.69,0
0.567,0.078,3
0.984,0.463,2
0.166,0.424,0
0.071,0.762,0
0.265,0.442,0
0.471,0.653,0
0.204,0.489,0
0.284,0.49,0
0.93,0.531,1
0.965,0.513,1
0.186,0.476,0
1.006,0.571,4
0.974,0.523,2
0.532,0.04,3
0.92,0.534,1
0.489,0.073,3
0.096,0.788,0
0.435,0.672,0
0.076,0.771,0
0.473,0.707,0
0.08,0.812,0
0.366,0.497,0
0.194,0.532,0
0.432,0.749,0
0.093,0.814,0
0.119,0.797,0
0.067,0.804,0
0.209,0.529,0
0.461,0.06,3
0.513,0.067,3
0.428,0.728,0
0.181,0.871,0
0.339,0.733,0
0.98,0.549,4
0.066,0.753,0
0.925,0.511,1
0.11,0.822,0
0.286,0.453,0
0.433,0.061,3
0.465,0.074,3
0.041,0.808,0
0.204,0.55,0
0.203,0.45,0
0.464,0.08,3
0.248,0.489,0
0.475,0.715,0
0.488,0.012,3
0.567,0.118,3
0.993,0.563,4
0.27,0.502,0
0.42,0.697,0
0.405,0.653,0
0.042,0.773,0
0.42,0.769,0
0.482,0.062,3
0.437,0.721,0
0.092,0.783,0
0.414,0.756,0
0.413,0.741,0
0.977,0.509,2
0.477,0.782,0
0.213,0.45,0
0.23,0.511,0
0.501,0.023,3
1.038,0.465,2
0.47,0.127,3
0.434,0.764,0
0.489,0.042,3
0.398,0.723,0
0.911,0.484,1
0.115,0.781,0
0.505,0.07,3
0.509,0.034,3
0.093,0.736,0
0.473,0.722,0
0.46,0.085,3
0.216,0.524,0
0.103,0.794,0
0.527,0.008,3
0.407,0.688,0
0.972,0.54,1
0.961,0.535,1
0.966,0.494,2
0.256,0.532,0
0.491,0.101,3
0.025,0.776,0
0.559,0.001,3
0.346,0.494,0
0.09,0.706,0
0.436,0.754,0
0.105,0.817,0
0.465,0.081,3
0.539,0.066,3
0.501,0.038,3
0.227,0.507,0
0.447,0.084,3
0.037,0.768,0
0.053,0.851,0
1.038,0.571,4
0.029,0.733,0
0.928,0.549,1
0.456,0.719,0
0.5,0.067,3
0.029,0.782,0
0.481,0.725,0
0.219,0.551,0
0.958,0.601,4
0.381,0.751,0
0.276,0.518,0
0.501,0.123,3
0.527,0.002,3
0.531,0.736,0
0.992,0.549,4
0.347,0.476,0
0.455,0.764,0
0.3,0.501,0
0.428,0.748,0
0.239,0.536,0
0.475,0.765,0
0.525,0.124,3
0.206,0.476,0
0.058,0.691,0
0.518,0.071,3
0.484,0.084,3
0.509,0.056,3
0.48,0.736,0
0.907,0.55,1
0.052,0.712,0
0.366,0.529,0
0.071,0.77,0
0.254,0.524,0
0.087,0.77,0
0.092,0.742,0
0.418,0.767,0
0.387,0.749,0
0.272,0.483,0
0.05,0.769,0
0.472,0.7,0
0.264,0.457,0
0.378,0.756,0
0.582,0.043,3
0.207,0.469,0
0.519,0.142,3
0.074,0.808,0
0.991,0.58,4
0.501,0.016,3
0.056,0.732,0
1.024,0.531,2
0.013,0.787,0
0.495,0.054,3
0.413,0.703,0
0.464,0.044,3
0.544,0.071,3
0.967,0.536,1
0.304,0.482,0
0.465,0.065,3
0.592,0.023,3
0.441,0.745,0
0.071,0.764,0
0.423,0.739,0
0.08,0.83,0
0.028,0.722,0
0.523,0.086,3
0.436,0.741,0
0.475,0.744,0
0.468,0.149,3
0.074,0.729,0
0.091,0.737,0
0.484,0.104,3
1.001,0.514,2
0.466,0.752,0
0.268,0.566,0
1.002,0.553,4
0.487,0.06,3
0.041,0.797,0
0.268,0.543,0
0.302,0.535,0
0.36,0.021,3
0.403,0.716,0
0.083,0.757,0
1,0.558,4
0.039,0.698,0
0.418,0.742,0
0.313,0.552,0
0.244,0.44,0
1.023,0.54,2
0.987,0.575,4
0.253,0.502,0
0.269,0.519,0
0.037,0.733,0
0.385,0.731,0
0.266,0.49,0
0.557,0.068,3
0.063,0.731,0
0.031,0.851,0
0.998,0.566,4
0.228,0.548,0
0.952,0.525,1
0.956,0.561,1
0.491,0.697,0
0.889,0.55,1
0.518,0.065,3
0.248,0.534,0
0.29,0.509,0
1.028,0.532,2
0.44,0.11,3
1.013,0.529,2
0.246,0.435,0
1.007,0.536,2
0.418,0.711,0
0.428,0.68,0
0.406,0.699,0
0.528,0.058,3
0.516,0.093,3
0.276,0.508,0
0.464,0.052,3
0.317,0.536,0
0.452,0.807,0
0.049,0.766,0
0.106,0.787,0
0.188,0.501,0
0.03,0.812,0
0.435,0.682,0
0.101,0.841,0
1.006,0.49,2
1.003,0.551,4
0.234,0.483,0
0.492,0.106,3
0.525,0.096,3
0.98,0.597,4
0.963,0.522,1
0.572,0.085,3
0.423,0.696,0
1.036,0.591,4
0.988,0.58,4
0.072,0.766,0
0.958,0.539,1
0.086,0.686,0
1.006,0.505,2
0.482,0.142,3
0.496,0.083,3
0.475,0.68,0
0.998,0.535,2
0.266,0.487,0
0.409,0.685,0
0.068,0.782,0
0.259,0.573,0
0.94,0.561,1
1.039,0.541,2
0.106,0.788,0
0.222,0.558,0
0.564,0.092,3
0.443,0.747,0
0.131,0.802,0
0.996,0.492,2
1.021,0.557,4
0.253,0.549,0
0.529,0.084,3
0.166,0.716,0
0.494,0.138,3
0.979,0.545,4
0.306,0.535,0
0.511,0.042,3
0.98,0.544,4
0.13,0.8,0
0.255,0.485,0
0.412,0.777,0
0.396,0.762,0
0.477,0.073,3
0.097,0.799,0
0.128,0.782,0
0.476,0.789,0
0.139,0.827,0
0.422,0.735,0
0.426,0.052,3
0.109,0.785,0
0.021,0.796,0
1.028,0.56,4
1.022,0.587,4
0.432,0.04,3
0.499,0.723,0
0.536,0.088,3
0.064,0.831,0
0.511,0.016,3
1.033,0.493,2
0.446,0.798,0
0.99,0.512,2
0.865,0.576,1
0.926,0.565,1
0.198,0.451,0
0.422,0.751,0
0.24,0.529,0
0.263,0.525,0
0.525,0.084,3
0.405,0.081,3
0.234,0.448,0
0.485,0.112,3
0.261,0.482,0
0.103,0.773,0
0.474,0.777,0
0.446,0.743,0
0.239,0.487,0
0.455,0.1,3
1.029,0.497,2
0.383,0.473,0
0.288,0.516,0
0.529,0.137,3
0.104,0.788,0
0.501,0.079,3
0.03,0.757,0
0.3,0.471,0
0.035,0.714,0
0.54,0.016,3
0.45,0.711,0
0.491,0.043,3
0.034,0.746,0
0.485,0.017,3
0.955,0.576,4
0.99,0.517,2
0.087,0.818,0
1.05,0.488,2
0.476,0.046,3
0.939,0.535,1
0.273,0.476,0
0.531,0.102,3
0.963,0.509,1
0.313,0.584,0
0.043,0.775,0
0.505,0.763,0
0.237,0.523,0
0.99,0.499,2
0.5,0.064,3
0.288,0.584,0
0.062,0.808,0
0.251,0.486,0
0.153,0.821,0
0.053,0.697,0
0.517,0.125,3
0.298,0.521,0
0.419,0.713,0
0.379,0.729,0
0.458,0.718,0
0.499,0.027,3
0.274,0.511,0
0.398,0.763,0
0.491,0.126,3
0.914,0.537,1
0.435,0.064,3
0.441,0.778,0
0.532,0.114,3
0.487,0.059,3
0.271,0.456,0
0.997,0.507,2
1.007,0.632,4
0.005,0.76,0
0.438,0.094,3
0.293,0.456,0
0.41,0.718,0
0.595,0.148,3
0.452,0.715,0
0.524,0.1,3
0.513,0.037,3
0.074,0.717,0
0.935,0.613,4
0.083,0.869,0
0.306,0.517,0
0.084,0.804,0
0.249,0.509,0
0.413,0.719,0
0.301,0.526,0
0.433,0.094,3
0.414,0.741,0
0.261,0.526,0
0.544,0.113,3
0.498,0.076,3
0.543,0.073,3
0.048,0.764,0
0.953,0.429,2
0.014,0.789,0
0.462,0.086,3
0.49,0.119,3
0.263,0.563,0
0.103,0.773,0
0.428,0.681,0
0.13,0.874,0
0.897,0.508,1
0.261,0.435,0
0.494,0.082,3
0.292,0.483,0
0.495,0.118,3
0.424,0.63,0
0.388,0.71,0
0.071,0.772,0
1.001,0.581,4
0.092,0.793,0
0.484,0.14,3
0.225,0.509,0
0.469,0.705,0
0.094,0.845,0
1.002,0.584,4
0.254,0.451,0
0.119,0.806,0
1.013,0.574,4
0.159,0.762,0
0.261,0.441,0
0.024,0.745,0
0.944,0.528,1
0.295,0.531,0
0.288,0.523,0
0.485,0.004,3
0.104,0.783,0
0.393,0.744,0
0.998,0.551,4
0.507,0.106,3
0.402,0.02,3
0.972,0.566,4
0.417,0.691,0
0.455,0.592,0
0.121,0.749,0
0.466,0.659,0
0.245,0.508,0
0.49,0.08,3
0.279,0.494,0
0.93,0.518,1
0.534,0.067,3
0.415,0.751,0
0.409,0.679,0
0.274,0.51,0
0.513,0.06,3
0.487,0.689,0
0.402,0.714,0
0.316,0.469,0
0.095,0.733,0
1.012,0.562,4
0.452,0.677,0
0.964,0.569,4
0.966,0.597,4
0.934,0.545,1
0.022,0.767,0
0.313,0.524,0
0.068,0.789,0
1.061,0.488,2
1.001,0.51,2
0.986,0.496,2
0.484,0.046,3
0.006,0.808,0
0.233,0.49,0
0.454,0.682,0
0.436,0.722,0
0.253,0.512,0
0.297,0.523,0
0.269,0.564,0
0.401,0.706,0
0.11,0.855,0
0.415,0.773,0
0.437,0.731,0
0.953,0.551,1
0.442,0.716,0
0.285,0.563,0
0.457,0.791,0
0.46,0.697,0
0.218,0.554,0
0.119,0.737,0
0.442,0.735,0
0.255,0.488,0
0.266,0.544,0
0.406,0.81,0
0.455,0.766,0
1.018,0.512,2
0.528,0.055,3
0.064,0.788,0
0.169,0.793,0
0.496,0.027,3
1.02,0.604,4
0.253,0.522,0
0.106,0.755,0
0.064,0.811,0
0.484,0.132,3
0.937,0.553,1
0.509,0.734,0
0.454,0.758,0
1.061,0.547,4
0.2,0.468,0
0.46,0.063,3
0.5,0.12,3
0.271,0.424,0
0.466,0.761,0
0.939,0.573,1
1.06,0.582,4
0.455,0.755,0
0.433,0.719,0
0.978,0.572,4
0.901,0.589,1
0.486,0.131,3
0.43,0.721,0
0.065,0.83,0
0.518,0.041,3
0.944,0.577,1
0.105,0.734,0
0.449,0.713,0
0.214,0.503,0
0.196,0.454,0
1.021,0.537,2
0.915,0.575,1
0.063,0.861,0
0.315,0.517,0
0.57,0.085,3
0.333,0.398,0
0.449,0.723,0
0.08,0.799,0
0.251,0.47,0
0.953,0.537,1
0.495,0.074,3
0.427,0.72,0
0.514,0.037,3
0.339,0.742,0
1.039,0.602,4
0.98,0.496,2
0.237,0.555,0
0.366,0.453,0
0.317,0.473,0
0.057,0.801,0
0.907,0.502,1
0.39,0.676,0
0.039,0.82,0
0.113,0.732,0
0.468,0.073,3
0.458,0.065,3
0.252,0.503,0
0.493,0.019,3
0.495,0.047,3
0.949,0.565,1
0.932,0.522,1
0.574,0.102,3
0.314,0.51,0
0.452,0.703,0
1.037,0.634,4
0.461,0.134,3
0.585,0.091,3
0.95,0.553,1
0.464,0.7,0
0.529,0.071,3
0.301,0.54,0
0.041,0.772,0
0.231,0.499,0
1.045,0.478,2
0.925,0.58,1
0.274,0.566,0
0.5,0.047,3
0.94,0.558,1
0.49,0.054,3
0.937,0.621,4
0.462,0.082,3
0.061,0.762,0
0.058,0.752,0
1.008,0.547,4
0.275,0.54,0
0.523,0.093,3
0.059,0.767,0
1.015,0.515,2
1.037,0.55,4
0.581,0.087,3
0.401,0.682,0
0.079,0.712,0
0.439,0.741,0
0.3,0.494,0
0.445,0.722,0
0.427,0.642,0
0.447,0.731,0
0.266,0.506,0
0.969,0.486,2
0.974,0.563,4
0.96,0.53,1
0.479,0.089,3
0.521,0.692,0
0.991,0.514,2
0.258,0.542,0
0.485,0.053,3
0.525,0.054,3
0.039,0.73,0
0.089,0.781,0
0.446,0.095,3
0.422,0.691,0
0.431,0.776,0
0.904,0.623,1
0.304,0.511,0
0.312,0.499,0
0.065,0.751,0
0.235,0.497,0
0.355,0.594,0
0.099,0.782,0
0.318,0.536,0
0.395,0.727,0
0.549,0.047,3
0.216,0.445,0
0.446,0.686,0
0.484,0.108,3
0.121,0.74,0
0.483,0.122,3
0.065,0.836,0
0.57,0.106,3
0.04,0.791,0
0.472,0.002,3
1.027,0.549,4
0.51,0.103,3
0.572,0.093,3
0.314,0.481,0
1.03,0.589,4
0.175,0.794,0
0.503,0.084,3
0.946,0.545,1
0.085,0.759,0
0.523,0.027,3
0.993,0.655,4
0.967,0.614,4
0.234,0.42,0
0.606,0.064,3
0.399,0.779,0
0.035,0.812,0
0.053,0.764,0
0.055,0.741,0
0.07,0.78,0
0.986,0.561,4
0.438,0.102,3
0.956,0.529,1
0.077,0.813,0
0.257,0.497,0
0.306,0.517,0
0.214,0.5,0
1.022,0.558,4
0.995,0.504,2
0.49,0.085,3
0.518,0.142,3
0.264,0.411,0
0.216,0.532,0
0.466,0.692,0
0.266,0.483,0
0.41,0.7,0
0.149,0.781,0
0.506,0.047,3
0.068,0.829,0
0.422,0.755,0
0.496,0.129,3
1.011,0.514,2
0.193,0.45,0
0.511,0.056,3
0.462,0.092,3
0.239,0.527,0
0.388,0.706,0
0.473,0.681,0
0.407,0.78,0
0.284,0.52,0
0.24,0.553,0
0.505,0.011,3
0.471,0.796,0
0.429,0.79,0
0.553,0.005,3
0.133,0.753,0
0.126,0.785,0
0.999,0.548,4
0.54,0.017,3
0.507,0.112,3
1.026,0.533,2
0.993,0.554,4
0.277,0.532,0
0.073,0.747,0
0.945,0.523,1
0.996,0.554,4
0.561,0.108,3
0.267,0.489,0
0.224,0.479,0
0.333,0.538,0
0.377,0.75,0
0.253,0.482,0
0.216,0.486,0
0.458,0.047,3
0.46,0.72,0
0.986,0.559,4
0.467,0.119,3
1.019,0.547,4
0.443,0.716,0
0.445,0.692,0
0.461,0.683,0
0.052,0.797,0
0.265,0.465,0
0.026,0.831,0
0.439,0.752,0
0.12,0.797,0
1.033,0.503,2
0.469,0.063,3
0.223,0.471,0
0.905,0.543,1
0.366,0.552,0
0.476,0.103,3
0.031,0.788,0
0.512,0.087,3
0.03,0.793,0
0.437,0.761,0
0.961,0.535,1
0.488,0.055,3
0.996,0.545,4
0.925,0.502,1
0.081,0.77,0
0.518,0.015,3
0.285,0.492,0
0.926,0.517,1
1.005,0.541,4
0.98,0.588,4
0.477,0.097,3
1.001,0.537,2
0.426,0.679,0
0.434,0.768,0
0.962,0.517,1
0.433,0.753,0
0.032,0.829,0
0.453,0.665,0
0.236,0.53,0
0.439,0.73,0
0.973,0.539,1
0.948,0.481,1
0.032,0.784,0
0.958,0.533,1
0.973,0.576,4
0.403,0.744,0
0.449,0.715,0
0.247,0.549,0
0.474,0.759,0
0.423,0.114,3
0.267,0.549,0
0.517,0.112,3
0.277,0.499,0
0.426,0.794,0
0.949,0.539,1
0.977,0.52,2
0.272,0.545,0
0.443,0.734,0
0.958,0.553,1
0.135,0.783,0
0.954,0.558,1
0.045,0.71,0
0.96,0.503,1
0.439,0.748,0
1.005,0.535,2
0.48,0.105,3
1.007,0.473,2
0.319,0.455,0
0.188,0.409,0
0.008,0.751,0
0.47,0.78,0
0.969,0.506,2
0.562,0.026,3
0.953,0.497,1
0.951,0.522,1
0.435,0.671,0
0.361,0.653,0
0.276,0.467,0
0.447,0.126,3
0.439,0.767,0
0.405,0.102,3
0.334,0.479,0
0.46,0.786,0
0.024,0.783,0
0.08,0.808,0
0.42,0.683,0
0.414,0.052,3
0.105,0.726,0
0.281,0.546,0
0.514,0.641,0
0.345,0.46,0
1.003,0.513,2
0.459,0.769,0
0.486,0.79,0
0.95,0.519,1
1.002,0.521,2
0.424,0.074,3
0.115,0.682,0
0.393,0.751,0
0.249,0.481,0
0.468,0.002,3
0.037,0.838,0
0.455,0.047,3
0.992,0.48,2
0.271,0.462,0
0.05,0.734,0
0.556,0.103,3
0.967,0.449,2
0.525,0.757,0
0.508,0.092,3
0.418,0.687,0
0.522,0.008,3
0.303,0.522,0
0.481,0.752,0
0.474,0.042,3
0.968,0.561,4
0.137,0.804,0
0.938,0.538,1
0.102,0.698,0
0.496,0.769,0
0.956,0.488,2
1.032,0.499,2
0.117,0.757,0
0.235,0.482,0
0.244,0.518,0
0.482,0.707,0
0.252,0.558,0
0.081,0.773,0
0.281,0.525,0
0.958,0.507,1
0.044,0.757,0
0.412,0.651,0
0.517,0.054,3
1.081,0.507,2
0.95,0.522,1
0.228,0.504,0
0.404,0.731,0
0.101,0.804,0
0.907,0.538,1
0.056,0.695,0
0.229,0.496,0
0.13,0.816,0
0.307,0.496,0
0.44,0.697,0
0.113,0.855,0
0.23,0.477,0
0.53,0.065,3
0.443,0.035,3
0.957,0.576,4
0.418,0.738,0
0.495,0.073,3
0.065,0.76,0
1.018,0.509,2
0.966,0.47,2
0.181,0.514,0
0.99,0.536,2
0.937,0.556,1
0.272,0.475,0
0.32,0.491,0
0.235,0.478,0
0.043,0.789,0
0.277,0.479,0
0.144,0.788,0
0.238,0.428,0
0.137,0.724,0
0.238,0.514,0
0.986,0.596,4
0.406,0.633,0
0.024,0.741,0
0.338,0.515,0
0.113,0.7,0
0.324,0.571,0
0.971,0.548,4
0.265,0.403,0
0.382,0.692,0
0.883,0.563,1
0.458,0.753,0
0.24,0.559,0
0.536,0.062,3
0.08,0.777,0
0.402,0.076,3
0.293,0.554,0
0.981,0.552,4
0.561,0.131,3
0.075,0.78,0
0.968,0.601,4
0.297,0.515,0
0.431,0.765,0
0.449,0.745,0
0.005,0.775,0
1.009,0.584,4
0.996,0.499,2
0.442,0.754,0
1.033,0.529,2
0.256,0.529,0
0.252,0.456,0
1.02,0.553,4
0.519,0.078,3
0.24,0.466,0
0.493,0.142,3
0.266,0.529,0
0.294,0.53,0
0.117,0.758,0
0.118,0.846,0
0.093,0.794,0
0.509,0.111,3
0.486,0.712,0
0.983,0.532,2
1.017,0.559,4
0.214,0.482,0
0.023,0.813,0
0.279,0.451,0
0.289,0.464,0
0.046,0.725,0
0.449,0.785,0
0.263,0.543,0
0.443,0.732,0
0.984,0.496,2
0.012,0.732,0
0.501,0.017,3
0.517,0.077,3
0.464,0.07,3
0.528,0.065,3
0.414,0.103,3
0.447,0.109,3
0.462,0.019,3
1.012,0.523,2
0.078,0.779,0
0.274,0.484,0
0.091,0.783,0
0.389,0.683,0
0.239,0.475,0
0.066,0.77,0
0.445,0.686,0
0.503,0.083,3
0.997,0.551,4
0.491,0.707,0
0.528,0.038,3
0.97,0.552,4
0.946,0.464,2
0.045,0.805,0
0.942,0.483,1
0.463,0.721,0
0.49,0.127,3
0.473,0.706,0
0.342,0.462,0
0.474,0.09,3
0.959,0.514,1
1.088,0.556,4
0.385,0.771,0
0.532,0.007,3
0.125,0.747,0
0.55,0.111,3
0.178,0.701,0
0.455,0.159,3
0.227,0.511,0
0.536,0.132,3
0.504,0.047,3
0.238,0.463,0
0.481,0.084,3
0.146,0.851,0
0.95,0.567,1
0.379,0.712,0
0.047,0.76,0
0.355,0.661,0
0.209,0.43,0
1.002,0.477,2
0.488,0.074,3
0.505,0.769,0
0.041,0.728,0
0.467,0.062,3
0.963,0.561,4
0.922,0.537,1
0.992,0.553,4
0.04,0.716,0
0.979,0.585,4
0.568,0.077,3
0.061,0.856,0
0.966,0.564,4
0.424,0.114,3
0.949,0.604,4
0.085,0.719,0
0.281,0.468,0
0.071,0.788,0
0.971,0.525,2
0.031,0.766,0
0.259,0.518,0
0.417,0.049,3
0.051,0.763,0
1.001,0.497,2
0.464,0.787,0
0.494,0.051,3
0.017,0.848,0
1.062,0.459,2
0.437,0.684,0
0.091,0.73,0
0.959,0.584,4
0.952,0.559,1
0.119,0.789,0
0.511,0.047,3
0.435,0.679,0
0.487,0.085,3
0.473,0.674,0
0.437,0.011,3
0.455,0.019,3
0.534,0.048,3
0.516,0.105,3
0.103,0.818,0
0.322,0.472,0
0.452,0.096,3
0.306,0.569,0
0.276,0.549,0
0.971,0.503,2
0.475,0.729,0
0.536,0.105,3
0.47,0.093,3
1.007,0.546,4
0.431,0.714,0
0.27,0.511,0
0.201,0.536,0
0.49,0.045,3
0.199,0.506,0
0.45,0.046,3
0.514,0.071,3
0.954,0.527,1
0.468,0.671,0
0.274,0.515,0
0.444,0.685,0
0.977,0.487,2
0.313,0.482,0
0.081,0.811,0
0.019,0.796,0
0.511,0.77,0
0.036,0.814,0
0.576,0.105,3
0.278,0.479,0
0.439,0.712,0
0.426,0.776,0
0.508,0.131,3
0.471,0.695,0
0.073,0.771,0
0.548,0.104,3
0.256,0.498,0
0.044,0.724,0
0.512,0.094,3
0.478,0.075,3
0.451,0.708,0
0.081,0.744,0
0.034,0.777,0
0.496,0.027,3
0.432,0.66,0
0.471,0.014,3
0.969,0.523,1
0.47,0.701,0
0.001,0.805,0
0.498,0.017,3
0.533,0.056,3
0.061,0.784,0
0.28,0.494,0
0.275,0.475,0
0.062,0.812,0
0.431,0.044,3
0.226,0.479,0
0.237,0.518,0
0.073,0.794,0
0.436,0.101,3
0.588,0.01,3
0.146,0.868,0
0.51,0.025,3
0.517,0.063,3
0.27,0.459,0
1.019,0.585,4
0.104,0.781,0
0.423,0.692,0
0.137,0.819,0
0.987,0.615,4
0.538,0.027,3
0.27,0.476,0
0.481,0.027,3
1.002,0.533,2
0.32,0.535,0
0.962,0.55,1
0.146,0.525,0
0.108,0.854,0
0.251,0.515,0
0.102,0.785,0
0.331,0.483,0
0.496,0.082,3
0.412,0.669,0
0.459,0.723,0
0.988,0.589,4
0.43,0.769,0
0.978,0.592,4
0.067,0.858,0
0.326,0.447,0
0.425,0.79,0
0.426,0.712,0
0.475,0.127,3
0.285,0.467,0
0.987,0.533,2
1.041,0.501,2
0.042,0.863,0
0.464,0.718,0
0.49,0.052,3
0.975,0.553,4
0.929,0.478,1
0.492,0.079,3
0.382,0.756,0
0.426,0.729,0
0.22,0.507,0
0.486,0.094,3
0.579,0.109,3
0.025,0.765,0
0.071,0.806,0
0.402,0.694,0
0.517,0.061,3
0.959,0.512,1
0.384,0.733,0
0.136,0.765,0
0.456,0.695,0
0.09,0.775,0
0.51,0.091,3
0.978,0.56,4
0.09,0.742,0
0.103,0.764,0
0.088,0.78,0
0.506,0.119,3
1.008,0.505,2
0.911,0.531,1
0.954,0.584,4
0.928,0.559,1
0.979,0.459,2
0.462,0.111,3
0.546,0.097,3
0.12,0.747,0
0.467,0.64,0
0.018,0.774,0
0.084,0.783,0
0.485,0.088,3
0.501,0.041,3
0.28,0.525,0
0.967,0.512,2
0.088,0.759,0
0.226,0.518,0
0.502,0.041,3
0.504,0.041,3
0.294,0.473,0
0.39,0.77,0
0.944,0.582,1
0.995,0.552,4
0.508,0.074,3
0.528,0.051,3
0.491,0.736,0
1.006,0.564,4
0.872,0.539,1
1.052,0.636,4
0.382,0.717,0
0.552,0.175,3
0.179,0.801,0
0.275,0.465,0
1.008,0.622,4
0.422,0.736,0
0.035,0.842,0
0.071,0.704,0
0.482,0.745,0
0.392,0.711,0
0.513,0.132,3
0.484,0.676,0
1.023,0.535,2
0.403,0.641,0
0.529,0.102,3
0.465,0.108,3
0.378,0.746,0
0.252,0.531,0
0.453,0.743,0
0.525,0.063,3
0.511,0.077,3
0.565,0.079,3
0.021,0.73,0
0.32,0.48,0
0.409,0.662,0
0.462,0.721,0
0.986,0.594,4
0.098,0.795,0
0.294,0.473,0
0.526,0.05,3
0.419,0.707,0
0.039,0.773,0
0.207,0.507,0
0.088,0.755,0
0.507,0.085,3
0.439,0.077,3
0.366,0.707,0
0.03,0.798,0
0.086,0.714,0
0.467,0.108,3
0.97,0.529,1
0.361,0.498,0
0.033,0.78,0
0.406,0.049,3
0.001,0.849,0
0.919,0.543,1
0.052,0.809,0
0.419,0.726,0
0.502,0.074,3
0.95,0.574,1
0.301,0.477,0
0.47,0.696,0
0.024,0.722,0
0.962,0.453,2
0.504,0.081,3
0.469,0.712,0
0.399,0.749,0
0.94,0.546,1
0.351,0.749,0
0.282,0.471,0
0.07,0.8,0
0.112,0.691,0
1.006,0.514,2
0.995,0.467,2
0.199,0.464,0
0.44,0.691,0
0.943,0.543,1
1.006,0.534,2
0.504,0.075,3
1.011,0.583,4
0.517,0.852,0
0.982,0.472,2
0.592,0.037,3
0.496,0.696,0
0.446,0.711,0
0.076,0.804,0
0.865,0.556,1
0.498,0.019,3
1.019,0.493,2
0.105,0.818,0
0.309,0.422,0
0.055,0.764,0
0.33,0.432,0
0.077,0.787,0
0.444,0.782,0
1.04,0.512,2
0.078,0.763,0
0.416,0.092,3
0.497,0.664,0
0.111,0.829,0
0.132,0.796,0
0.468,0.085,3
0.289,0.534,0
0.528,0.119,3
0.322,0.504,0
0.467,0.728,0
1.037,0.519,2
0.897,0.471,1
0.156,0.786,0
0.501,0.118,3
0.535,0.065,3
0.031,0.732,0
0.438,0.118,3
0.24,0.498,0
0.557,0.049,3
0.443,0.722,0
0.036,0.794,0
0.426,0.718,0
0.24,0.486,0
0.454,0.134,3
0.957,0.526,1
0.102,0.8,0
0.27,0.55,0
0.232,0.5,0
0.498,0.013,3
0.271,0.44,0
0.081,0.724,0
0.086,0.705,0
0.983,0.534,2
0.527,0.041,3
0.297,0.503,0
0.068,0.756,0
0.473,0.043,3
0.431,0.659,0
0.237,0.479,0
1.004,0.624,4
0.291,0.435,0
0.48,0.717,0
0.019,0.794,0
1.028,0.434,2
0.539,0.101,3
0.462,0.787,0
0.077,0.744,0
0.248,0.526,0
0.415,0.898,0
0.989,0.567,4
0.484,0.121,3
1.045,0.58,4
0.261,0.499,0
0.283,0.498,0
0.525,0.084,3
0.482,0.681,0
0.571,0.051,3
0.976,0.563,4
1.023,0.528,2
0.42,0.654,0
0.518,0.081,3
0.278,0.519,0
0.244,0.501,0
0.973,0.491,2
0.963,0.542,1
0.337,0.726,0
0.949,0.565,1
0.419,0.739,0
0.026,0.763,0
0.08,0.741,0
0.424,0.706,0
0.509,0.076,3
0.487,0.038,3
0.934,0.498,1
0.894,0.563,1
0.939,0.541,1
0.181,0.542,0
0.065,0.787,0
0.095,0.769,0
0.963,0.525,1
0.23,0.435,0
0.486,0.735,0
0.087,0.755,0
0.107,0.81,0
0.223,0.51,0
0.067,0.746,0
0.415,0.702,0
0.51,0.046,3
0.3,0.513,0
0.507,0.66,0
1.051,0.489,2
0.503,0.107,3
0.465,0.072,3
0.432,0.68,0
0.999,0.53,2
0.943,0.537,1
0.024,0.784,0
1.042,0.503,2
0.455,0.096,3
0.019,0.809,0
0.536,0.053,3
0.921,0.552,1
0.029,0.792,0
1.018,0.525,2
0.038,0.761,0
0.25,0.509,0
0.519,0.109,3
0.083,0.772,0
0.963,0.573,4
0.425,0.685,0
0.101,0.811,0
0.472,0.767,0
0.062,0.762,0
0.259,0.423,0
0.289,0.491,0
0.429,0.69,0
0.467,0.801,0
0.874,0.539,1
1.014,0.567,4
0.387,0.749,0
0.011,0.827,0
0.61,0.129,3
0.41,0.667,0
0.445,0.781,0
0.998,0.51,2
0.464,0.013,3
0.441,0.667,0
0.525,0.017,3
0.459,0.076,3
1.037,0.525,2
0.068,0.777,0
0.363,0.467,0
0.468,0.639,0
0.129,0.776,0
0.031,0.796,0
0.916,0.492,1
0.418,0.704,0
1.009,0.542,4
0.035,0.821,0
0.259,0.518,0
0.242,0.463,0
0.514,0.076,3
0.456,0.749,0
0.063,0.819,0
0.934,0.495,1
0.076,0.813,0
0.419,0.705,0
0.54,0.058,3
0.392,0.769,0
0.295,0.492,0
0.22,0.572,0
0.445,0.725,0
0.984,0.582,4
0.159,0.804,0
0.441,0.802,0
0.996,0.558,4
0.027,0.754,0
0.939,0.603,4
0.493,0.75,0
0.384,0.731,0
0.229,0.602,0
0.453,0.05,3
0.137,0.827,0
0.56,0.083,3
0.45,0.752,0
0.942,0.542,1
0.186,0.441,0
0.486,0.071,3
0.087,0.802,0
0.51,0.059,3
0.542,0.108,3
0.092,0.722,0
0.507,0.044,3
0.291,0.473,0
0.949,0.558,1
0.5,0.066,3
0.444,0.769,0
0.45,0.731,0
0.426,0.728,0
0.091,0.8,0
0.426,0.649,0
0.138,0.757,0
0.26,0.514,0
1.027,0.515,2
1.012,0.576,4
0.964,0.548,1
0.992,0.563,4
0.409,0.783,0
0.067,0.796,0
0.421,0.73,0
0.141,0.799,0
0.086,0.798,0
0.293,0.421,0
0.526,0.055,3
0.447,0.722,0
0.283,0.55,0
0.485,0.738,0
0.417,0.667,0
1.028,0.517,2
0.084,0.735,0
0.261,0.531,0
0.49,0.064,3
0.281,0.534,0
0.486,0.653,0
0.236,0.484,0
0.989,0.509,2
0.502,0.048,3
0.481,0.788,0
0.239,0.471,0
0.456,0.746,0
0.449,0.728,0
0.504,0.072,3
0.97,0.6,4
0.486,0.024,3
0.296,0.582,0
0.959,0.562,1
0.493,0.01,3
0.982,0.581,4
0.273,0.507,0
0.476,0.019,3
0.502,0.052,3
0.396,0.699,0
0.254,0.523,0
0.905,0.588,1
0.965,0.52,1
0.293,0.496,0
0.502,0.059,3
0.942,0.517,1
0.055,0.765,0
0.209,0.492,0
0.216,0.464,0
0.457,0.119,3
0.067,0.796,0
0.938,0.516,1
0.085,0.757,0
0.425,0.706,0
0.499,0.058,3
0.483,0.786,0
0.299,0.473,0
0.99,0.576,4
0.529,0.001,3
0.465,0.673,0
0.544,0.1,3
0.521,0.041,3
0.491,0.052,3
0.277,0.481,0
0.03,0.743,0
0.504,0.691,0
0.109,0.774,0
0.038,0.77,0
0.223,0.422,0
0.563,0.056,3
0.915,0.5,1
0.501,0.12,3
0.422,0.738,0
0.255,0.487,0
0.526,0.071,3
0.435,0.696,0
1.027,0.54,2
1.031,0.515,2
0.55,0.075,3
0.107,0.794,0
0.506,0.078,3
0.549,0.077,3
0.585,0.106,3
0.059,0.828,0
0.948,0.563,1
0.092,0.797,0
0.471,0.082,3
0.038,0.782,0
0.459,0.747,0
1.004,0.494,2
1.001,0.516,2
0.434,0.674,0
0.502,0.119,3
0.045,0.787,0
0.098,0.776,0
0.06,0.725,0
0.933,0.597,1
0.472,0.736,0
0.027,0.791,0
0.126,0.817,0
0.935,0.53,1
0.439,0.747,0
0.064,0.767,0
0.082,0.778,0
0.446,0.743,0
0.448,0.718,0
0.023,0.786,0
0.116,0.8,0
0.491,0.094,3
0.41,0.06,3
0.501,0.039,3
0.998,0.621,4
0.324,0.496,0
0.548,0.026,3
0.206,0.503,0
0.938,0.421,2
0.538,0.041,3
0.55,0.107,3
0.088,0.845,0
0.136,0.766,0
0.298,0.484,0
0.934,0.536,1
0.483,0.722,0
0.034,0.809,0
0.226,0.545,0
0.965,0.594,4
0.321,0.517,0
0.382,0.813,0
0.255,0.517,0
0.408,0.112,3
0.22,0.484,0
0.522,0.737,0
1.056,0.517,2
0.433,0.064,3
0.085,0.762,0
0.545,0.05,3
0.412,0.736,0
0.4,0.712,0
0.429,0.681,0
0.463,0.722,0
1.062,0.495,2
0.081,0.732,0
0.281,0.534,0
0.302,0.44,0
0.109,0.903,0
0.061,0.798,0
0.918,0.544,1
0.547,0.072,3
0.243,0.494,0
0.308,0.493,0
0.458,0.759,0
0.473,0.079,3
0.562,0.048,3
0.061,0.763,0
0.377,0.685,0
0.118,0.764,0
0.382,0.708,0
0.466,0.768,0
0.093,0.815,0
0.053,0.728,0
0.878,0.536,1
0.373,0.494,0
0.075,0.742,0
0.382,0.739,0
0.531,0.729,0
0.224,0.471,0
0.553,0.656,0
0.408,0.661,0
0.501,0.14,3
0.21,0.48,0
0.369,0.7,0
1.028,0.567,4
0.268,0.481,0
0.538,0.042,3
0.287,0.545,0
0.403,0.719,0
0.411,0.653,0
0.041,0.745,0
0.393,0.755,0
0.941,0.544,1
0.044,0.745,0
1.024,0.488,2
0.475,0.716,0
0.54,0.732,0
0.431,0.693,0
0.277,0.468,0
0.234,0.333,0
1.005,0.546,4
0.52,0.017,3
0.999,0.529,2
0.259,0.556,0
0.281,0.555,0
0.236,0.561,0
0.058,0.77,0
0.206,0.446,0
0.326,0.583,0
0.395,0.715,0
0.232,0.455,0
0.086,0.732,0
0.544,0.113,3
0.482,0.12,3
1.026,0.49,2
0.432,0.781,0
0.062,0.75,0
0.324,0.529,0
0.449,0.686,0
0.309,0.566,0
0.564,0.084,3
0.411,0.777,0
1.042,0.537,2
0.461,0.06,3
0.914,0.537,1
0.514,0.044,3
0.078,0.743,0
0.015,0.831,0
0.062,0.789,0
0.234,0.483,0
0.263,0.501,0
0.495,0.046,3
0.477,0.097,3
0.513,0.761,0
0.489,0.656,0
0.306,0.504,0
0.411,0.742,0
0.112,0.746,0
0.275,0.588,0
0.292,0.493,0
0.269,0.493,0
0.946,0.501,1
0.076,0.817,0
0.456,0.078,3
0.476,0.754,0
1.009,0.456,2
0.439,0.762,0
0.385,0.711,0
0.542,0.03,3
0.197,0.525,0
0.543,0.032,3
0.118,0.737,0
0.958,0.536,1
0.45,0.687,0
0.929,0.537,1
0.018,0.813,0
0.998,0.583,4
0.414,0.734,0
0.963,0.561,4
0.553,0.071,3
0.498,0.659,0
0.329,0.47,0
0.256,0.449,0
0.416,0.768,0
1.011,0.591,4
0.102,0.816,0
0.493,0.08,3
0.443,0.759,0
0.063,0.849,0
0.064,0.778,0
0.272,0.462,0
0.339,0.488,0
0.032,0.778,0
0.493,0.09,3
0.422,0.736,0
0.527,0.008,3
1.024,0.545,4
0.454,0.683,0
0.971,0.5,2
0.1,0.823,0
0.936,0.524,1
0.41,0.726,0
0.225,0.476,0
0.289,0.494,0
0.069,0.768,0
0.45,0.735,0
0.064,0.754,0
0.555,0.045,3
0.406,0.723,0
0.495,0.129,3
0.271,0.511,0
0.005,0.772,0
0.353,0.5,0
0.95,0.595,4
0.487,0.74,0
0.959,0.576,4
0.253,0.548,0
0.044,0.803,0
0.458,0.695,0
0.439,0.755,0
0.412,0.722,0
0.501,0.121,3
0.248,0.476,0
1.002,0.558,4
0.033,0.788,0
0.452,0.136,3
0.969,0.566,4
0.994,0.483,2
0.504,0.032,3
1.007,0.553,4
0.951,0.525,1
0.555,0.131,3
0.506,0.077,3
0.403,0.795,0
0.305,0.471,0
0.085,0.803,0
0.488,0.853,0
0.403,0.752,0
0.029,0.791,0
0.075,0.868,0
0.232,0.54,0
0.538,0.091,3
0.989,0.494,2
0.55,0.029,3
0.975,0.578,4
0.027,0.739,0
0.079,0.81,0
0.184,0.549,0
0.484,0.75,0
0.28,0.494,0
0.999,0.524,2
0.051,0.788,0
0.139,0.805,0
1.028,0.528,2
0.434,0.05,3
0.372,0.095,3
0.398,0.69,0
0.253,0.507,0
0.993,0.509,2
0.415,0.778,0
0.26,0.518,0
0.513,0.072,3
0.491,0.061,3
0.506,0.043,3
1.012,0.613,4
0.414,0.7,0
0.971,0.568,4
0.964,0.569,4
0.467,0.105,3
0.533,0.069,3
0.298,0.496,0
0.958,0.483,2
0.017,0.883,0
0.441,0.716,0
0.979,0.471,2
0.882,0.537,1
1.009,0.498,2
0.466,0.056,3
0.096,0.791,0
0.222,0.469,0
0.53,0.025,3
0.573,0.063,3
0.521,0.138,3
0.495,0.073,3
0.947,0.564,1
0.057,0.737,0
0.523,0.744,0
0.501,0.044,3
0.23,0.433,0
0.486,0.155,3
0.462,0.635,0
0.284,0.554,0
0.964,0.551,1
0.438,0.713,0
0.507,0.103,3
0.489,0.071,3
0.106,0.78,0
0.041,0.808,0
0.434,0.761,0
0.284,0.489,0
0.26,0.487,0
0.473,0.114,3
0.054,0.759,0
0.358,0.582,0
0.98,0.587,4
0.227,0.502,0
0.516,0.021,3
0.092,0.839,0
0.098,0.812,0
0.034,0.816,0
0.387,0.736,0
0.51,0.016,3
0.252,0.455,0
1.009,0.587,4
0.98,0.54,4
0.427,0.691,0
0.993,0.568,4
0.139,0.747,0
0.989,0.534,2
0.574,0.006,3
0.198,0.483,0
0.047,0.781,0
0.235,0.488,0
0.484,0.103,3
0.504,0.073,3
0.073,0.702,0
0.092,0.8,0
0.103,0.843,0
0.507,0.121,3
0.403,0.749,0
0.27,0.532,0
0.51,0.023,3
0.069,0.677,0
0.068,0.821,0
0.93,0.566,1
0.466,0.061,3
0.422,0.719,0
0.919,0.579,1
0.053,0.734,0
0.448,0.688,0
0.018,0.848,0
0.436,0.765,0
0.19,0.502,0
0.99,0.513,2
0.254,0.437,0
0.493,0.645,0
0.369,0.7,0
0.462,0.705,0
0.407,0.713,0
1.011,0.51,2
0.252,0.463,0
0.032,0.858,0
1.013,0.534,2
0.995,0.503,2
0.291,0.517,0
0.109,0.762,0
0.101,0.746,0
0.119,0.733,0
0.41,0.701,0
0.402,0.09,3
0.277,0.552,0
0.082,0.71,0
0.282,0.485,0
0.111,0.761,0
0.952,0.522,1
1.038,0.533,2
0.509,0.111,3
0.311,0.534,0
0.411,0.735,0
1.005,0.581,4
0.979,0.545,4
0.393,0.06,3
0.455,0.101,3
0.307,0.539,0
0.509,0.174,3
1.026,0.502,2
0.22,0.413,0
0.513,0.034,3
0.433,0.711,0
0.22,0.452,0
0.469,0.107,3
0.932,0.523,1
0.151,0.772,0
0.075,0.721,0
0.542,0.035,3
0.285,0.513,0
0.341,0.568,0
0.148,0.761,0
0.09,0.724,0
0.279,0.53,0
0.281,0.446,0
0.398,0.724,0
0.064,0.792,0
0.528,0.008,3
0.275,0.522,0
0.422,0.786,0
0.994,0.527,2
0.25,0.526,0
0.068,0.78,0
0.252,0.527,0
0.053,0.776,0
0.084,0.801,0
0.098,0.771,0
0.946,0.549,1
0.391,0.714,0
0.975,0.549,4
1.025,0.543,4
0.264,0.482,0
0.492,0.091,3
0.452,0.697,0
0.527,0.057,3
0.563,0.068,3
0.062,0.773,0
0.424,0.723,0
0.043,0.729,0
0.967,0.493,2
0.23,0.514,0
0.563,0.077,3
0.304,0.48,0
0.23,0.52,0
0.49,0.043,3
0.21,0.458,0
0.29,0.504,0
0.403,0.65,0
0.105,0.808,0
0.578,0.042,3
0.983,0.502,2
0.447,0.742,0
0.079,0.807,0
0.63,0.07,3
0.272,0.449,0
1.004,0.532,2
0.099,0.74,0
0.065,0.802,0
0.098,0.771,0
0.094,0.764,0
0.403,0.707,0
0.24,0.548,0
0.105,0.785,0
0.272,0.447,0
0.433,0.767,0
0.441,0.756,0
0.379,0.488,0
0.444,0.643,0
0.962,0.525,1
0.582,0.08,3
0.166,0.553,0
0.081,0.743,0
0.45,0.725,0
0.477,0.097,3
0.522,0.129,3
0.917,0.528,1
1.044,0.489,2
0.248,0.564,0
0.069,0.798,0
0.448,0.078,3
0.533,0.054,3
0.252,0.433,0
0.083,0.711,0
1.025,0.564,4
0.308,0.548,0
1.076,0.554,4
0.525,0.684,0
0.97,0.587,4
0.172,0.808,0
0.248,0.566,0
0.382,0.675,0
0.515,0.707,0
0.382,0.792,0
0.973,0.571,4
0.47,0.708,0
0.495,0.129,3
0.423,0.737,0
0.026,0.785,0
0.049,0.722,0
0.949,0.542,1
0.071,0.862,0
0.307,0.481,0
0.206,0.559,0
0.486,0.767,0
0.492,0.042,3
0.885,0.561,1
0.498,0.067,3
0.552,0.073,3
0.244,0.451,0
0.084,0.741,0
0.118,0.768,0
0.426,0.704,0
1.047,0.579,4
0.965,0.511,2
0.374,0.099,3
0.425,0.752,0
0.412,0.668,0
0.24,0.496,0
1.039,0.536,2
0.117,0.74,0
0.977,0.457,2
0.252,0.469,0
0.996,0.451,2
0.483,0.046,3
0.475,0.075,3
0.513,0.03,3
0.42,0.744,0
0.495,0.075,3
0.219,0.513,0
0.476,0.104,3
0.458,0.768,0
0.271,0.57,0
1.012,0.542,4
0.424,0.683,0
0.099,0.797,0
0.372,0.696,0
0.021,0.873,0
0.26,0.528,0
0.244,0.507,0
0.992,0.61,4
0.014,0.807,0
0.42,0.7,0
0.296,0.42,0
0.477,0.069,3
1.049,0.557,4
0.999,0.546,4
0.296,0.497,0
0.296,0.487,0
1.019,0.506,2
0.475,0.755,0
0.976,0.49,2
0.459,0.09,3
0.273,0.537,0
0.28,0.52,0
1.001,0.545,4
0.448,0.743,0
0.27,0.438,0
0.983,0.541,4
0.31,0.598,0
1.056,0.521,2
0.428,0.029,3
0.482,0.027,3
0.292,0.492,0
0.266,0.484,0
0.466,0.129,3
0.26,0.493,0
0.517,0.114,3
0.469,0.723,0
0.466,0.678,0
0.375,0.789,0
0.378,0.75,0
0.507,0.748,0
0.114,0.724,0
0.468,0.742,0
0.473,0.761,0
0.99,0.517,2
0.515,0.067,3
0.268,0.48,0
1.006,0.544,4
0.263,0.486,0
0.446,0.809,0
0.528,0.068,3
0.449,0.073,3
0.452,0.071,3
0.208,0.522,0
0.493,0.099,3
0.429,0.035,3
0.493,0.118,3
0.455,0.008,3
1.003,0.494,2
0.245,0.547,0
0.437,0.782,0
0.505,0.755,0
0.966,0.51,2
0.993,0.523,2
0.034,0.849,0
0.321,0.524,0
0.076,0.742,0
0.317,0.491,0
1.01,0.57,4
0.493,0.086,3
0.5,0.085,3
0.503,0.042,3
0.486,0.044,3
0.974,0.58,4
0.915,0.495,1
0.471,0.671,0
0.273,0.539,0
0.003,0.858,0
0.504,0.041,3
0.075,0.78,0
0.273,0.53,0
0.298,0.506,0
0.472,0.775,0
0.055,0.799,0
0.022,0.726,0
0.54,0.07,3
0.102,0.837,0
0.534,0.046,3
0.977,0.537,2
0.45,0.711,0
0.474,0.185,3
0.953,0.556,1
0.021,0.77,0
0.385,0.696,0
0.041,0.803,0
0.415,0.743,0
0.386,0.688,0
0.088,0.764,0
0.098,0.784,0
0.35,0.533,0
0.549,0.113,3
0.414,0.683,0
0.968,0.592,4
0.287,0.483,0
0.423,0.765,0
1.01,0.528,2
0.97,0.564,4
0.296,0.526,0
0.433,0.728,0
0.468,0.706,0
0.073,0.795,0
0.205,0.549,0
0.921,0.485,1
0.929,0.547,1
0.503,0.032,3
1,0.546,4
0.506,0.008,3
0.458,0.677,0
0.425,0.745,0
0.476,0.082,3
0.233,0.512,0
0.511,0.151,3
0.107,0.765,0
0.98,0.528,2
0.276,0.508,0
0.084,0.747,0
0.271,0.481,0
0.47,0.731,0
1.031,0.559,4
0.01,0.783,0
0.413,0.703,0
0.936,0.478,1
1.003,0.468,2
0.533,0.074,3
0.46,0.738,0
0.305,0.456,0
0.008,0.8,0
0.934,0.528,1
0.107,0.712,0
0.472,0.747,0
0.245,0.484,0
1.001,0.532,2
0.522,0.067,3
0.518,0.06,3
0.554,0.031,3
0.529,0.079,3
0.546,0.102,3
0.115,0.785,0
0.492,0.066,3
0.948,0.524,1
1.006,0.577,4
0.248,0.522,0
0.573,0.019,3
0.418,0.699,0
0.071,0.821,0
0.015,0.756,0
0.132,0.783,0
0.569,0.03,3
0.002,0.822,0
0.982,0.581,4
0.541,0.096,3
0.075,0.751,0
0.45,0.114,3
0.509,0.075,3
0.064,0.821,0
0.437,0.698,0
0.218,0.44,0
1.072,0.599,4
0.151,0.775,0
0.958,0.6,4
0.074,0.737,0
0.316,0.472,0
0.276,0.525,0
0.244,0.532,0
0.4,0.049,3
0.412,0.659,0
0.985,0.483,2
0.445,0.047,3
0.982,0.59,4
0.479,0.77,0
0.407,0.713,0
0.069,0.735,0
0.437,0.716,0
0.272,0.348,0
0.052,0.814,0
0.314,0.481,0
0.471,0.087,3
0.083,0.719,0
0.24,0.461,0
0.962,0.525,1
0.274,0.417,0
0.065,0.766,0
0.063,0.821,0
0.981,0.568,4
0.492,0.009,3
0.296,0.455,0
0.273,0.518,0
0.132,0.738,0
0.454,0.663,0
0.482,0.697,0
0.051,0.855,0
0.438,0.726,0
0.416,0.755,0
0.963,0.574,4
0.507,0.113,3
0.529,0.096,3
0.48,0.706,0
0.094,0.817,0
0.432,0.744,0
0.404,0.745,0
1.026,0.584,4
0.954,0.55,1
0.954,0.505,1
1.005,0.567,4
0.037,0.755,0
0.481,0.717,0
0.494,0.114,3
0.065,0.789,0
0.979,0.545,4
0.088,0.798,0
0.061,0.751,0
0.525,0.074,3
0.968,0.504,2
0.479,0.678,0
0.979,0.506,2
1.014,0.54,2
0.258,0.487,0
0.422,0.684,0
0.18,0.418,0
0.373,0.801,0
0.409,0.737,0
0.275,0.51,0
0.28,0.511,0
0.004,0.743,0
0.029,0.677,0
0.591,0.101,3
0.961,0.544,1
0.407,0.68,0
0.464,0.058,3
0.992,0.571,4
0.46,0.094,3
0.312,0.596,0
0.462,0.687,0
0.349,0.512,0
0.093,0.73,0
0.508,0.091,3
0.49,0.06,3
0.494,0.669,0
0.051,0.814,0
0.947,0.534,1
0.5,0.072,3
1.023,0.525,2
1.008,0.626,4
0.904,0.593,1
0.309,0.514,0
0.475,0.066,3
0.985,0.541,4
0.433,0.044,3
0.462,0.072,3
0.293,0.447,0
1.01,0.587,4
0.949,0.544,1
0.136,0.746,0
0.491,0.72,0
0.371,0.745,0
0.222,0.449,0
0.475,0.799,0
0.11,0.812,0
0.533,0.077,3
0.468,0.04,3
0.294,0.502,0
1.016,0.536,2
0.058,0.833,0
0.257,0.449,0
0.441,0.721,0
0.217,0.501,0
0.945,0.536,1
0.525,0.093,3
0.444,0.688,0
0.1,0.754,0
0.913,0.531,1
0.411,0.627,0
0.198,0.4,0
0.456,0.715,0
1.026,0.518,2
0.995,0.572,4
0.578,0.082,3
0.921,0.601,1
0.97,0.565,4
0.899,0.605,1
0.112,0.769,0
0.987,0.567,4
0.064,0.709,0
0.445,0.076,3
0.112,0.77,0
0.911,0.575,1
0.229,0.534,0
0.075,0.772,0
0.26,0.486,0
0.186,0.482,0
0.451,0.143,3
0.475,0.079,3
1.101,0.533,2
0.372,0.827,0
0.472,0.673,0
0.09,0.891,0
0.95,0.558,1
0.939,0.51,1
0.995,0.532,2
0.944,0.529,1
0.533,0.085,3
0.445,0.742,0
0.436,0.695,0
0.206,0.505,0
0.483,0.055,3
0.134,0.841,0
0.039,0.767,0
0.532,0.761,0
0.486,0.085,3
0.115,0.708,0
0.468,0.072,3
0.429,0.722,0
0.473,0.843,0
0.424,0.712,0
0.9,0.518,1
0.513,0.051,3
0.501,0.082,3
0.933,0.532,1
0.095,0.78,0
0.447,0.695,0
0.506,0.052,3
0.434,0.695,0
0.55,0.113,3
0.462,0.72,0
0.243,0.556,0
0.187,0.723,0
0.487,0.061,3
0.409,0.737,0
0.202,0.526,0
0.264,0.491,0
0.399,0.734,0
0.466,0.757,0
0.249,0.462,0
0.506,0.025,3
0.93,0.465,1
0.973,0.612,4
0.343,0.48,0
0.502,0.107,3
0.487,0.658,0
0.08,0.776,0
0.476,0.082,3
0.905,0.557,1
0.007,0.71,0
0.24,0.516,0
0.471,0.708,0
0.149,0.787,0
0.448,0.722,0
0.273,0.552,0
0.932,0.492,1
0.943,0.581,1
0.53,0.138,3
0.102,0.776,0
0.275,0.523,0
0.444,0.049,3
0.096,0.769,0
0.251,0.489,0
0.4,0.687,0
0.967,0.518,1
0.958,0.536,1
0.052,0.739,0
0.926,0.557,1
0.522,0.053,3
0.178,0.478,0
0.27,0.562,0
0.269,0.416,0
0.223,0.462,0
0.504,0.09,3
0.01,0.745,0
0.097,0.751,0
0.521,0.092,3
0.091,0.806,0
0.415,0.756,0
1,0.564,4
0.102,0.869,0
0.563,0.051,3
0.286,0.527,0
0.944,0.571,1
0.455,0.736,0
0.499,0.042,3
0.285,0.512,0
0.237,0.502,0
0.909,0.505,1
0.117,0.667,0
0.371,0.755,0
0.473,0.756,0
0.242,0.464,0
1.015,0.564,4
0.492,0.066,3
0.29,0.533,0
0.468,0.747,0
0.385,0.758,0
0.247,0.466,0
0.313,0.452,0
0.943,0.541,1
0.473,0.78,0
0.273,0.463,0
0.406,0.765,0
0.593,0.092,3
0.09,0.764,0
0.279,0.582,0
0.334,0.424,0
0.48,0.651,0
0.936,0.549,1
0.094,0.788,0
0.896,0.519,1
0.254,0.498,0
1.005,0.447,2
0.503,0.113,3
0.35,0.7,0
0.279,0.554,0
0.237,0.553,0
0.902,0.541,1
0.284,0.496,0
0.569,0.041,3
0.448,0.052,3
0.464,0.713,0
0.452,0.043,3
0.444,0.776,0
0.379,0.761,0
0.922,0.488,1
0.965,0.481,2
0.382,0.793,0
0.381,0.774,0
0.108,0.81,0
0.472,0.719,0
0.384,0.696,0
0.517,0.708,0
0.331,0.704,0
0.059,0.801,0
0.483,0.048,3
0.255,0.501,0
0.429,0.656,0
1.024,0.477,2
0.451,0.74,0
0.531,0.09,3
0.387,0.686,0
0.023,0.757,0
0.487,0.045,3
0.148,0.746,0
0.446,0.687,0
0.078,0.711,0
0.869,0.533,1
0.516,0.123,3
0.438,0.715,0
0.214,0.526,0
0.97,0.581,4
0.961,0.592,4
0.45,0.678,0
0.408,0.055,3
0.128,0.782,0
0.37,0.724,0
0.443,0.739,0
0.557,0.059,3
0.285,0.574,0
0.261,0.552,0
0.401,0.749,0
0.941,0.484,1
1.003,0.551,4
0.538,0.067,3
0.947,0.498,1
0.541,0.067,3
0.969,0.618,4
0.247,0.534,0
0.394,0.742,0
0.937,0.512,1
0.316,0.524,0
0.435,0.737,0
0.012,0.753,0
0.508,0.073,3
0.437,0.687,0
0.223,0.579,0
0.445,0.722,0
0.52,0.1,3
0.051,0.77,0
0.122,0.841,0
0.075,0.73,0
0.514,0.149,3
0.402,0.725,0
0.44,0.023,3
0.519,0.057,3
0.122,0.73,0
0.274,0.425,0
0.223,0.449,0
0.423,0.691,0
0.436,0.677,0
0.098,0.805,0
0.05,0.744,0
0.483,0.032,3
0.394,0.699,0
0.127,0.733,0
1.027,0.592,4
0.503,0.707,0
0.532,0.105,3
0.027,0.744,0
0.614,0.022,3
0.615,0.145,3
1.01,0.551,4
0.365,0.664,0
0.461,0.7,0
0.298,0.487,0
1.078,0.588,4
0.562,0.093,3
0.295,0.532,0
0.256,0.539,0
0.139,0.831,0
0.486,0.073,3
0.39,0.726,0
0.97,0.599,4
0.955,0.52,1
0.967,0.488,2
0.451,0.148,3
0.987,0.52,2
0.28,0.578,0
0.528,0.068,3
0.279,0.536,0
0.569,0.063,3
0.053,0.731,0
0.438,0.044,3
0.907,0.55,1
0.256,0.497,0
1.014,0.549,4
0.414,0.688,0
1.009,0.557,4
0.533,0.066,3
1.046,0.48,2
0.521,0.114,3
0.997,0.536,2
0.033,0.876,0
0.407,0.721,0
0.254,0.56,0
0.275,0.494,0
0.478,0.802,0
0.202,0.467,0
0.083,0.767,0
0.499,0.795,0
0.053,0.763,0
0.969,0.522,1
0.214,0.521,0
0.937,0.567,1
0.251,0.474,0
0.115,0.786,0
0.983,0.468,2
0.951,0.468,2
0.54,0.107,3
1.033,0.556,4
0.459,0.131,3
0.066,0.676,0
0.529,0.696,0
0.53,0.036,3
0.445,0.658,0
0.17,0.786,0
0.933,0.504,1
0.975,0.6,4
0.985,0.519,2
0.253,0.495,0
0.437,0.695,0
0.241,0.488,0
0.353,0.489,0
0.305,0.577,0
0.517,0.064,3
0.054,0.784,0
0.422,0.782,0
0.427,0.737,0
0.484,0.054,3
0.594,0.096,3
0.508,0.089,3
0.562,0.128,3
0.037,0.79,0
0.986,0.55,4
0.179,0.53,0
0.107,0.888,0
0.322,0.801,0
0.257,0.526,0
0.484,0.746,0
0.253,0.448,0
0.946,0.502,1
0.283,0.52,0
0.238,0.476,0
0.466,0.728,0
0.927,0.528,1
0.964,0.597,4
0.11,0.767,0
0.093,0.739,0
0.497,0.044,3
0.527,0.034,3
0.993,0.526,2
0.462,0.775,0
0.298,0.461,0
0.291,0.46,0
0.091,0.756,0
0.495,0.077,3
0.302,0.49,0
0.1,0.787,0
0.47,0.702,0
0.487,0.054,3
0.041,0.756,0
0.446,0.75,0
0.565,0.101,3
0.331,0.699,0
0.285,0.593,0
0.469,0.121,3
0.165,0.522,0
0.496,0.736,0
0.33,0.526,0
0.446,0.063,3
0.426,0.726,0
0.046,0.726,0
0.101,0.785,0
0.434,0.692,0
0.994,0.514,2
0.199,0.562,0
0.528,0.096,3
0.239,0.501,0
1.008,0.524,2
0.29,0.483,0
0.098,0.723,0
0.507,0.051,3
0.483,0.033,3
0.077,0.717,0
0.465,0.046,3
1.006,0.537,2
0.276,0.485,0
0.088,0.788,0
0.529,0.102,3
0.316,0.415,0
0.117,0.762,0
0.291,0.501,0
0.553,0.092,3
0.519,0.046,3
0.11,0.83,0
0.267,0.476,0
0.484,0.04,3
0.399,0.714,0
0.996,0.561,4
0.502,0.036,3
0.5,0.063,3
0.536,0.093,3
0.974,0.527,2
0.444,0.691,0
0.118,0.762,0
0.424,0.671,0
1.042,0.536,2
0.44,0.779,0
0.011,0.734,0
0.157,0.508,0
1.005,0.537,2
0.381,0.714,0
0.247,0.492,0
0.541,0.062,3
0.106,0.784,0
0.529,0.112,3
0.516,0.072,3
0.078,0.768,0
0.515,0.654,0
0.557,0.073,3
0.863,0.531,1
0.965,0.498,2
0.282,0.563,0
0.478,0.022,3
0.544,0.09,3
0.472,0.06,3
0.15,0.777,0
0.998,0.484,2
0.125,0.749,0
0.306,0.551,0
0.958,0.536,1
0.268,0.512,0
0.518,0.042,3
1.018,0.533,2
0.496,0.012,3
0.429,0.715,0
0.495,0.111,3
0.133,0.775,0
0.063,0.818,0
0.271,0.548,0
0.435,0.708,0
0.152,0.742,0
1.058,0.534,2
0.455,0.72,0
0.132,0.844,0
0.062,0.738,0
0.499,0.088,3
1.021,0.477,2
0.448,0.104,3
0.353,0.756,0
0.247,0.477,0
0.466,0.082,3
0.187,0.503,0
0.211,0.54,0
0.496,0.113,3
0.484,0.73,0
0.275,0.491,0
0.284,0.526,0
0.274,0.486,0
0.948,0.609,4
0.421,0.679,0
0.095,0.767,0
0.475,0.03,3
0.283,0.503,0
0.102,0.745,0
0.022,0.707,0
0.57,0.11,3
0.401,0.747,0
0.471,0.023,3
0.47,0.734,0
0.51,0.041,3
0.913,0.59,1
0.047,0.793,0
0.474,0.717,0
1.009,0.55,4
0.953,0.616,4
0.44,0.705,0
0.022,0.749,0
0.259,0.495,0
0.455,0.745,0
0.476,0.691,0
0.957,0.548,1
0.249,0.431,0
0.024,0.763,0
0.416,0.715,0
0.419,0.67,0
0.475,0.073,3
0.44,0.737,0
0.462,0.692,0
0.094,0.813,0
0.5,0.135,3
0.958,0.5,1
0.115,0.787,0
0.301,0.513,0
0.622,0.043,3
0.281,0.519,0
0.047,0.825,0
0.494,0.076,3
0.489,0.085,3
0.033,0.736,0
0.25,0.496,0
0.495,0.151,3
0.51,0.126,3
0.451,0.088,3
0.974,0.519,2
0.255,0.439,0
0.24,0.513,0
0.433,0.703,0
0.971,0.533,1
0.975,0.534,1
0.973,0.55,4
0.948,0.553,1
1.027,0.578,4
0.969,0.514,2
0.515,0.106,3
0.107,0.776,0
0.946,0.572,1
0.508,0.77,0
0.937,0.467,1
0.274,0.456,0
0.394,0.842,0
0.995,0.52,2
0.066,0.797,0
0.225,0.567,0
0.452,0.084,3
0.471,0.706,0
0.497,0.788,0
0.968,0.519,1
1.004,0.548,4
0.093,0.685,0
0.423,0.755,0
0.332,0.598,0
0.264,0.567,0
0.268,0.467,0
0.462,0.722,0
0.498,0.79,0
0.084,0.769,0
0.453,0.682,0
0.314,0.751,0
0.55,0.06,3
0.403,0.626,0
0.249,0.53,0
0.4,0.707,0
0.226,0.427,0
0.369,0.707,0
0.948,0.521,1
0.976,0.518,2
0.237,0.546,0
0.98,0.561,4
0.517,0.112,3
0.064,0.793,0
0.977,0.553,4
1.01,0.644,4
0.071,0.742,0
0.511,0.095,3
0.098,0.792,0
0.959,0.489,2
0.32,0.485,0
0.418,0.719,0
0.455,0.019,3
0.546,0.068,3
0.437,0.68,0
1.043,0.525,2
0.934,0.561,1
0.364,0.698,0
0.318,0.468,0
0.998,0.528,2
0.277,0.503,0
0.416,0.712,0
0.547,0.072,3
0.455,0.735,0
0.231,0.489,0
0.449,0.735,0
0.054,0.764,0
0.325,0.702,0
0.469,0.757,0
0.584,0.015,3
0.277,0.46,0
0.519,0.762,0
0.525,0.079,3
0.154,0.808,0
0.304,0.502,0
1.031,0.48,2
0.11,0.786,0
0.397,0.748,0
0.955,0.489,2
0.48,0.095,3
0.497,0.081,3
0.419,0.716,0
0.491,0.75,0
0.546,0.042,3
0.17,0.771,0
0.335,0.499,0
0.983,0.553,4
0.446,0.078,3
0.491,0.677,0
0.292,0.474,0
0.506,0.115,3
0.894,0.55,1
0.258,0.556,0
0.545,0.097,3
0.431,0.727,0
0.51,0.037,3
0.056,0.798,0
0.071,0.801,0
0.922,0.58,1
0.274,0.422,0
0.066,0.8,0
0.402,0.664,0
0.99,0.573,4
0.267,0.476,0
0.254,0.549,0
0.295,0.508,0
0.971,0.487,2
0.472,0.646,0
0.98,0.509,2
0.412,0.711,0
0.48,0.084,3
0.52,0.066,3
0.381,0.706,0
0.273,0.498,0
0.071,0.804,0
0.963,0.483,2
0.54,0.037,3
0.968,0.512,2
0.544,0.107,3
0.454,0.095,3
0.434,0.709,0
0.423,0.701,0
0.259,0.539,0
0.224,0.46,0
0.248,0.549,0
0.059,0.791,0
0.267,0.487,0
0.149,0.856,0
0.35,0.465,0
0.167,0.787,0
1.013,0.545,4
0.975,0.481,2
0.414,0.753,0
0.431,0.77,0
0.532,0.084,3
0.499,0.07,3
0.237,0.524,0
0.46,0.683,0
0.491,0.032,3
0.468,0.648,0
0.228,0.499,0
0.068,0.834,0
0.432,0.705,0
0.08,0.787,0
0.076,0.835,0
0.944,0.492,1
0.547,0.134,3
0.519,0.129,3
0.284,0.505,0
0.366,0.527,0
0.022,0.783,0
0.075,0.785,0
0.13,0.762,0
0.074,0.749,0
1.033,0.524,2
0.978,0.565,4
0.575,0.083,3
0.472,0.064,3
0.204,0.541,0
0.194,0.79,0
0.52,0.051,3
0.455,0.12,3
0.458,0.041,3
0.032,0.812,0
0.511,0.679,0
0.094,0.827,0
0.996,0.583,4
0.094,0.747,0
0.025,0.757,0
0.238,0.506,0
0.217,0.523,0
0.283,0.537,0
0.419,0.668,0
0.322,0.511,0
0.31,0.534,0
0.381,0.776,0
0.944,0.594,4
0.21,0.477,0
0.27,0.489,0
0.488,0.093,3
1.022,0.519,2
0.498,0.066,3
0.485,0.019,3
0.101,0.819,0
0.313,0.422,0
0.885,0.608,1
1.029,0.577,4
0.278,0.48,0
0.218,0.489,0
0.266,0.487,0
0.519,0.016,3
0.296,0.499,0
0.996,0.587,4
0.222,0.462,0
1.054,0.567,4
1.004,0.565,4
0.446,0.634,0
0.355,0.626,0
0.014,0.824,0
0.312,0.494,0
0.507,0.129,3
0.092,0.771,0
0.143,0.54,0
0.318,0.458,0
0.069,0.872,0
0.504,0.737,0
0.482,0.709,0
0.537,0.081,3
0.477,0.1,3
0.345,0.71,0
0.413,0.716,0
0.515,0.047,3
0.302,0.479,0
1.062,0.605,4
0.057,0.75,0
0.96,0.566,4
0.482,0.708,0
0.244,0.524,0
0.237,0.474,0
0.414,0.697,0
0.041,0.791,0
0.468,0.094,3
0.237,0.5,0
0.986,0.514,2
0.513,0.768,0
1.029,0.532,2
0.11,0.798,0
0.436,0.081,3
0.217,0.573,0
0.906,0.584,1
0.304,0.551,0
0.543,0.087,3
1.031,0.539,2
0.455,0.75,0
0.151,0.761,0
0.48,0.707,0
0.985,0.599,4
0.486,0.742,0
0.99,0.565,4
0.1,0.741,0
0.97,0.537,1
0.508,0.098,3
0.23,0.594,0
0.198,0.78,0
0.029,0.754,0
0.481,0.786,0
0.453,0.109,3
0.931,0.474,1
0.05,0.782,0
0.414,0.778,0
0.478,0.696,0
0.419,0.776,0
0.085,0.74,0
0.971,0.536,1
0.483,0.705,0
0.981,0.553,4
0.041,0.746,0
0.314,0.519,0
0.952,0.513,1
0.215,0.528,0
0.265,0.581,0
0.996,0.533,2
0.43,0.744,0
0.032,0.767,0
0.964,0.568,4
0.045,0.742,0
0.074,0.853,0
0.071,0.784,0
0.274,0.477,0
0.049,0.729,0
0.061,0.835,0
0.516,0.027,3
0.443,0.766,0
0.34,0.439,0
0.472,0.731,0
0.058,0.792,0
0.999,0.521,2
0.985,0.61,4
0.475,0.09,3
0.174,0.815,0
0.528,0.05,3
0.069,0.8,0
0.072,0.81,0
0.283,0.453,0
0.226,0.483,0
0.446,0.743,0
1.031,0.559,4
0.435,0.667,0
0.078,0.798,0
0.1,0.788,0
0.256,0.501,0
0.378,0.719,0
0.437,0.679,0
0.46,0.7,0
0.347,0.512,0
0.5,0.022,3
0.48,0.058,3
0.139,0.784,0
0.267,0.539,0
1.021,0.553,4
0.459,0.762,0
0.296,0.475,0
0.395,0.717,0
1.012,0.554,4
0.083,0.784,0
0.985,0.511,2
0.949,0.496,1
0.456,0.124,3
0.099,0.698,0
0.01,0.741,0
0.11,0.765,0
0.395,0.746,0
0.016,0.844,0
0.22,0.482,0
0.228,0.49,0
0.258,0.468,0
0.247,0.484,0
0.427,0.743,0
0.532,0.091,3
0.069,0.754,0
0.986,0.581,4
0.996,0.574,4
0.052,0.816,0
0.309,0.545,0
0.497,0.051,3
0.47,0.014,3
0.942,0.467,1
1.008,0.56,4
0.071,0.8,0
0.906,0.591,1
0.234,0.509,0
0.475,0.105,3
0.088,0.752,0
0.037,0.811,0
0.296,0.492,0
0.428,0.731,0
0.121,0.775,0
0.248,0.511,0
0.499,0.74,0
0.097,0.758,0
0.469,0.019,3
0.49,0.13,3
0.416,0.686,0
0.995,0.467,2
0.521,0.1,3
0.409,0.73,0
0.283,0.527,0
0.44,0.774,0
0.992,0.561,4
0.076,0.751,0
0.439,0.1,3
0.487,0.689,0
0.489,0.767,0
0.399,0.751,0
0.036,0.79,0
0.08,0.8,0
0.034,0.76,0
0.542,0.104,3
0.087,0.761,0
0.446,0.701,0
0.04,0.8,0
0.47,0.668,0
0.52,0.059,3
0.999,0.527,2
0.131,0.801,0
0.115,0.731,0
0.492,0.092,3
0.947,0.597,4
0.236,0.484,0
0.127,0.827,0
0.457,0.719,0
0.447,0.721,0
0.539,0.075,3
0.473,0.037,3
0.428,0.761,0
0.491,0.045,3
0.896,0.561,1
0.408,0.523,0
0.277,0.491,0
0.461,0.091,3
1,0.528,2
0.436,0.694,0
0.238,0.422,0
0.446,0.692,0
0.288,0.493,0
0.057,0.791,0
0.49,0.747,0
0.994,0.539,2
0.527,0.022,3
0.351,0.483,0
0.976,0.541,4
0.522,0.074,3
0.237,0.525,0
0.475,0.061,3
0.499,0.062,3
1.042,0.479,2
0.9,0.57,1
0.385,0.706,0
0.106,0.74,0
0.434,0.716,0
0.448,0.761,0
0.285,0.48,0
0.471,0.118,3
0.345,0.701,0
0.942,0.494,1
0.49,0.073,3
0.094,0.822,0
0.44,0.719,0
1.007,0.668,4
0.951,0.531,1
0.514,0.099,3
0.935,0.509,1
0.389,0.664,0
0.31,0.439,0
0.089,0.752,0
0.567,0.745,0
0.117,0.761,0
0.994,0.55,4
0.927,0.493,1
0.466,0.049,3
0.305,0.543,0
0.061,0.728,0
0.919,0.591,1
0.967,0.531,1
1.021,0.529,2
0.895,0.524,1
0.995,0.51,2
0.98,0.477,2
0.997,0.467,2
0.893,0.573,1
0.012,0.77,0
0.466,0.067,3
0.495,0.671,0
0.203,0.555,0
0.982,0.564,4
0.55,0.022,3
1.009,0.516,2
0.112,0.738,0
0.041,0.749,0
0.061,0.8,0
0.063,0.826,0
0.416,0.745,0
0.223,0.555,0
1.042,0.47,2
0.476,0.061,3
0.905,0.511,1
0.977,0.565,4
0.528,0.066,3
1.008,0.545,4
0.085,0.796,0
0.489,0.746,0
0.948,0.561,1
0.993,0.505,2
0.954,0.558,1
0.456,0.7,0
0.412,0.765,0
0.448,0.06,3
0.489,0.041,3
0.257,0.479,0
0.304,0.514,0
0.109,0.743,0
0.44,0.727,0
0.155,0.799,0
0.506,0.051,3
0.139,0.765,0
0.287,0.539,0
0.962,0.572,4
0.479,0.157,3
0.468,0.689,0
0.266,0.431,0
0.31,0.521,0
0.481,0.749,0
0.558,0.759,0
0.054,0.764,0
0.527,0.063,3
0.519,0.087,3
0.195,0.49,0
0.981,0.572,4
0.068,0.782,0
0.964,0.567,4
0.464,0.681,0
0.096,0.735,0
0.442,0.724,0
0.005,0.76,0
0.026,0.808,0
0.524,0.675,0
0.236,0.471,0
0.483,0.736,0
0.286,0.504,0
0.436,0.644,0
0.431,0.767,0
0.448,0.038,3
0.063,0.803,0
0.471,0.765,0
0.427,0.753,0
0.111,0.754,0
0.317,0.44,0
0.509,0.041,3
0.497,0.064,3
0.022,0.799,0
0.235,0.452,0
1.004,0.488,2
0.302,0.517,0
0.292,0.551,0
0.217,0.505,0
0.556,0.074,3
0.043,0.692,0
0.44,0.723,0
0.056,0.76,0
0.273,0.474,0
1.003,0.519,2
0.462,0.04,3
0.061,0.8,0
0.562,0.058,3
0.132,0.777,0
0.268,0.552,0
0.172,0.813,0
0.282,0.514,0
0.975,0.512,2
0.979,0.51,2
1.023,0.518,2
0.527,0.117,3
0.25,0.537,0
0.313,0.501,0
0.448,0.718,0
0.507,0.049,3
0.9,0.518,1
0.416,0.099,3
0.363,0.719,0
0.958,0.605,4
0.502,0.754,0
0.982,0.541,4
0.248,0.432,0
0.979,0.499,2
0.493,0.043,3
0.057,0.796,0
0.486,0.057,3
0.487,0.132,3
0.999,0.562,4
0.45,0.746,0
0.981,0.465,2
0.521,0.712,0
0.327,0.711,0
0.251,0.526,0
0.062,0.765,0
0.41,0.778,0
0.947,0.515,1
0.41,0.741,0
0.472,0.702,0
0.056,0.756,0
0.141,0.807,0
0.573,0.101,3
0.03,0.772,0
0.135,0.79,0
0.099,0.733,0
0.415,0.686,0
0.561,0.048,3
0.452,0.035,3
0.51,0.073,3
0.471,0.102,3
0.482,0.099,3
0.957,0.492,2
0.246,0.553,0
0.125,0.889,0
0.068,0.797,0
0.473,0.092,3
0.494,0.11,3
0.102,0.695,0
0.421,0.698,0
0.489,0.708,0
0.909,0.522,1
0.508,0.094,3
0.407,0.706,0
0.231,0.488,0
0.942,0.619,4
0.108,0.803,0
0.157,0.752,0
0.458,0.028,3
0.422,0.767,0
0.084,0.802,0
0.029,0.8,0
0.303,0.47,0
1.005,0.533,2
0.299,0.458,0
0.327,0.517,0
0.107,0.75,0
0.266,0.51,0
0.059,0.777,0
0.264,0.517,0
0.083,0.774,0
0.52,0.081,3
0.523,0.06,3
0.286,0.49,0
0.303,0.447,0
0.483,0.027,3
0.335,0.513,0
0.109,0.764,0
1.011,0.523,2
1.006,0.517,2
0.414,0.703,0
0.613,0.037,3
0.552,0.068,3
0.984,0.546,4
0.267,0.554,0
0.957,0.563,1
0.984,0.592,4
0.103,0.83,0
0.96,0.554,1
0.435,0.724,0
0.936,0.607,4
0.915,0.538,1
0.529,0.034,3
0.428,0.745,0
0.379,0.724,0
0.277,0.508,0
0.95,0.486,1
0.208,0.532,0
0.312,0.53,0
0.298,0.526,0
0.07,0.762,0
0.171,0.556,0
0.493,0.102,3
0.422,0.744,0
0.093,0.736,0
0.929,0.502,1
0.49,0.051,3
0.04,0.784,0
0.224,0.531,0
0.512,0.059,3
0.424,0.717,0
0.241,0.528,0
0.974,0.55,4
0.047,0.791,0
0.026,0.717,0
0.268,0.491,0
0.535,0.131,3
0.316,0.514,0
0.083,0.757,0
0.474,0.086,3
1.006,0.516,2
0.423,0.741,0
1.02,0.561,4
0.996,0.573,4
0.448,0.722,0
0.513,0.026,3
0.408,0.123,3
0.896,0.552,1
0.509,0.092,3
0.261,0.457,0
0.047,0.804,0
0.519,0.066,3
0.277,0.434,0
0.005,0.794,0
0.516,0.794,0
0.439,0.702,0
0.196,0.441,0
0.064,0.752,0
0.01,0.722,0
0.992,0.527,2
0.509,0.134,3
0.045,0.875,0
0.457,0.683,0
0.098,0.752,0
0.035,0.786,0
0.894,0.516,1
0.481,0.138,3
0.592,0.023,3
0.584,0.113,3
0.011,0.818,0
0.463,0.728,0
0.253,0.447,0
0.495,0.095,3
0.476,0.058,3
1.047,0.56,4
0.105,0.783,0
0.957,0.538,1
1.02,0.553,4
0.937,0.561,1
1,0.51,2
0.454,0.709,0
0.005,0.81,0
0.454,0.72,0
0.516,0.016,3
0.062,0.73,0
0.322,0.463,0
0.462,0.136,3
0.52,0.078,3
0.495,0.11,3
0.978,0.55,4
0.502,0.015,3
0.068,0.847,0
0.296,0.549,0
0.297,0.533,0
0.453,0.681,0
1.003,0.597,4
0.935,0.513,1
0.297,0.547,0
0.433,0.713,0
0.389,0.683,0
0.477,0.703,0
0.075,0.725,0
0.078,0.776,0
0.43,0.702,0
0.466,0.064,3
0.465,0.105,3
0.987,0.55,4
0.278,0.521,0
0.313,0.461,0
0.931,0.517,1
0.415,0.804,0
0.429,0.708,0
0.578,0.078,3
1.006,0.539,2
0.528,0.022,3
0.026,0.709,0
0.51,0.079,3
0.046,0.828,0
0.201,0.463,0
0.471,0.687,0
0.456,0.694,0
0.048,0.826,0
0.248,0.474,0
0.492,0.143,3
0.026,0.797,0
0.949,0.555,1
0.439,0.059,3
0.513,0.718,0
0.064,0.775,0
0.461,0.781,0
0.063,0.709,0
0.165,0.739,0
0.087,0.785,0
0.462,0.076,3
0.113,0.788,0
1.002,0.555,4
0.007,0.711,0
0.006,0.745,0
0.457,0.699,0
0.523,0.073,3
0.508,0.067,3
0.444,0.84,0
0.123,0.735,0
0.111,0.784,0
0.438,0.087,3
0.532,0.104,3
0.064,0.775,0
0.949,0.52,1
0.498,0.729,0
0.235,0.441,0
0.492,0.146,3
0.404,0.757,0
0.981,0.586,4
0.104,0.763,0
0.489,0.706,0
0.451,0.086,3
0.092,0.701,0
0.959,0.517,1
0.264,0.504,0
0.091,0.743,0
0.388,0.729,0
0.523,0.075,3
0.506,0.113,3
0.077,0.822,0
1.017,0.519,2
0.044,0.754,0
0.09,0.703,0
0.499,0.733,0
1.019,0.573,4
0.366,0.559,0
0.457,0.712,0
0.968,0.519,1
0.036,0.763,0
0.378,0.667,0
0.238,0.58,0
0.43,0.701,0
0.506,0.005,3
0.471,0.087,3
0.455,0.082,3
0.237,0.532,0
0.991,0.622,4
0.304,0.477,0
0.516,0.134,3
1.039,0.534,2
0.516,0.115,3
0.499,0.075,3
0.092,0.804,0
0.96,0.512,1
0.446,0.75,0
0.987,0.55,4
0.931,0.518,1
0.985,0.545,4
0.964,0.545,1
0.21,0.529,0
0.08,0.757,0
0.984,0.588,4
0.522,0.104,3
0.494,0.752,0
0.279,0.481,0
0.389,0.756,0
0.995,0.515,2
0.072,0.771,0
0.523,0.097,3
0.428,0.723,0
1.013,0.553,4
0.157,0.798,0
0.049,0.757,0
0.519,0.034,3
0.098,0.829,0
0.072,0.759,0
0.958,0.548,1
0.074,0.777,0
0.5,0.071,3
1.017,0.601,4
0.024,0.754,0
0.356,0.493,0
0.381,0.728,0
0.476,0.067,3
0.535,0.09,3
0.28,0.499,0
1.026,0.511,2
0.096,0.79,0
0.473,0.066,3
0.353,0.733,0
0,0.806,0
0.936,0.464,1
1.043,0.537,2
0.469,0.654,0
0.096,0.776,0
0.422,0.691,0
0.082,0.706,0
0.127,0.761,0
0.111,0.793,0
0.468,0.039,3
0.457,0.752,0
0.28,0.445,0
0.276,0.478,0
0.218,0.527,0
0.068,0.817,0
0.049,0.753,0
0.236,0.444,0
1.053,0.658,4
0.884,0.456,1
0.495,0.077,3
0.271,0.483,0
0.442,0.789,0
0.359,0.468,0
0.529,0.084,3
0.461,0.672,0
0.47,0.105,3
0.381,0.778,0
0.057,0.864,0
0.401,0.686,0
0.239,0.514,0
0.951,0.587,4
0.507,0.025,3
0.463,0.171,3
0.233,0.479,0
0.54,0.133,3
0.946,0.487,1
0.973,0.536,1
0.516,0.087,3
1.004,0.543,4
0.253,0.494,0
0.487,0.074,3
0.961,0.615,4
0.199,0.511,0
0.461,0.076,3
0.467,0.103,3
0.97,0.529,1
0.389,0.763,0
0.489,0.745,0
0.985,0.603,4
0.018,0.78,0
0.289,0.506,0
0.034,0.784,0
0.281,0.501,0
0.992,0.493,2
0.559,0.075,3
0.431,0.764,0
0.476,0.136,3
0.141,0.786,0
0.426,0.596,0
0.423,0.745,0
0.216,0.468,0
0.884,0.518,1
0.532,0.028,3
0.111,0.784,0
0.435,0.072,3
0.065,0.76,0
0.048,0.733,0
0.088,0.807,0
0.451,0.698,0
0.469,0.692,0
0.025,0.768,0
0.53,0.117,3
0.422,0.7,0
0.414,0.752,0
0.134,0.874,0
0.44,0.744,0
0.28,0.471,0
1.001,0.496,2
0.621,0.031,3
0.112,0.81,0
0.102,0.804,0
0.52,0.08,3
0.99,0.535,2
0.593,0.082,3
1.009,0.437,2
0.575,0.045,3
0.536,0.073,3
0.449,0.839,0
0.084,0.75,0
0.216,0.42,0
0.221,0.486,0
0.491,0.131,3
0.275,0.47,0
0.51,0.674,0
0.386,0.717,0
0.214,0.453,0
0.442,0.11,3
0.458,0.695,0
0.925,0.548,1
0.923,0.514,1
0.448,0.766,0
0.265,0.508,0
0.311,0.467,0
0.486,0.04,3
0.251,0.517,0
0.415,0.72,0
0.283,0.485,0
0.975,0.513,2
0.297,0.487,0
0.231,0.549,0
0.561,0.033,3
0.488,0.742,0
0.307,0.545,0
0.456,0.096,3
0.005,0.787,0
0.474,0.712,0
0.051,0.715,0
0.461,0.7,0
0.044,0.735,0
0.065,0.781,0
0.467,0.692,0
0.555,0.104,3
0.97,0.517,2
1.059,0.534,2
0.498,0.08,3
0.385,0.69,0
0.262,0.577,0
0.435,0.71,0
0.103,0.765,0
0.249,0.471,0
0.967,0.463,2
0.376,0.693,0
0.965,0.54,1
0.45,0.005,3
0.073,0.718,0
0.463,0.756,0
0.495,0.065,3
0.059,0.793,0
0.249,0.527,0
0.529,0.107,3
0.277,0.464,0
0.533,0.07,3
0.428,0.653,0
0.539,0.003,3
0.404,0.732,0
0.983,0.508,2
0.404,0.77,0
0.059,0.685,0
0.979,0.583,4
0.089,0.758,0
0.298,0.469,0
0.006,0.771,0
0.427,0.737,0
1.119,0.521,2
0.45,0.782,0
1.037,0.483,2
0.083,0.717,0
0.284,0.495,0
0.948,0.522,1
0.279,0.552,0
0.319,0.484,0
0.247,0.469,0
0.507,0.075,3
0.241,0.522,0
0.945,0.51,1
0.496,0.02,3
0.268,0.502,0
0.111,0.788,0
0.074,0.749,0
0.517,0.681,0
0.244,0.49,0
0.474,0.756,0
0.396,0.837,0
0.529,0.701,0
0.482,0.735,0
0.514,0.106,3
1.032,0.476,2
0.368,0.749,0
0.435,0.717,0
0.613,0.048,3
0.441,0.688,0
0.029,0.789,0
0.062,0.757,0
0.951,0.517,1
0.066,0.776,0
0.132,0.832,0
0.488,0.112,3
0.239,0.475,0
0.548,0.017,3
0.489,0.734,0
0.048,0.768,0
0.294,0.522,0
0.043,0.763,0
0.947,0.628,4
1.001,0.535,2
0.026,0.747,0
0.298,0.506,0
0.497,0.086,3
0.007,0.775,0
0.138,0.807,0
0.469,0.076,3
1.011,0.569,4
0.435,0.756,0
0.448,0.685,0
0.932,0.543,1
0.442,0.785,0
0.503,0.028,3
0.106,0.769,0
0.063,0.807,0
0.483,0.659,0
0.517,0.078,3
0.467,0.701,0
0.286,0.465,0
1.016,0.513,2
0.021,0.797,0
0.105,0.78,0
1.035,0.521,2
0.302,0.522,0
0.475,0.027,3
0.423,0.074,3
0.085,0.76,0
0.283,0.498,0
0.981,0.51,2
0.055,0.739,0
0.46,0.026,3
0.97,0.577,4
0.97,0.572,4
0.966,0.534,1
0.457,0.782,0
0.407,0.784,0
0.001,0.779,0
0.488,0.053,3
0.368,0.719,0
0.491,0.059,3
1.001,0.528,2
0.454,0.8,0
0.952,0.504,1
0.25,0.467,0
1.022,0.559,4
0.375,0.476,0
0.093,0.818,0
0.426,0.078,3
0.431,0.721,0
0.352,0.458,0
0.504,0.02,3
0.485,0.133,3
0.26,0.467,0
0.969,0.538,1
0.476,0.128,3
0.124,0.724,0
0.44,0.078,3
0.214,0.458,0
0.5,0.036,3
0.386,0.731,0
0.533,0.088,3
0.499,0.055,3
0.238,0.517,0
0.298,0.561,0
0.087,0.819,0
1.012,0.59,4
0.189,0.508,0
0.289,0.448,0
0.455,0.069,3
0.937,0.516,1
0.448,0.683,0
0.367,0.453,0
0.488,0.711,0
0.233,0.462,0
0.233,0.439,0
0.061,0.807,0
0.526,0.066,3
1.007,0.532,2
0.487,0.118,3
0.249,0.509,0
0.106,0.819,0
0.973,0.536,1
0.098,0.77,0
0.029,0.68,0
0.173,0.477,0
0.151,0.825,0
0.497,0.71,0
0.045,0.733,0
0.963,0.571,4
0.083,0.762,0
0.431,0.717,0
0.115,0.739,0
0.247,0.527,0
1.007,0.566,4
1.022,0.491,2
0.252,0.508,0
0.923,0.52,1
0.529,0.028,3
0.252,0.492,0
0.396,0.725,0
0.975,0.569,4
0.482,0.05,3
0.39,0.685,0
0.247,0.445,0
0.996,0.604,4
0.513,0.071,3
0.275,0.58,0
0.996,0.545,4
0.442,0.085,3
0.131,0.756,0
0.478,0.696,0
0.433,0.751,0
0.466,0.07,3
0.496,0.085,3
0.494,0.099,3
0.494,0.097,3
0.239,0.541,0
0.254,0.477,0
0.057,0.823,0
0.243,0.459,0
0.431,0.63,0
0.453,0.71,0
0.291,0.495,0
0.313,0.439,0
0.497,0.115,3
0.55,0.118,3
0.426,0.777,0
0.959,0.595,4
0.271,0.485,0
0.377,0.718,0
0.421,0.739,0
0.491,0.011,3
0.065,0.775,0
0.181,0.456,0
0.941,0.481,1
0.111,0.774,0
0.232,0.459,0
0.542,0.099,3
0.062,0.737,0
0.998,0.465,2
0.245,0.51,0
0.339,0.694,0
0.465,0.688,0
0.28,0.516,0
0.902,0.543,1
0.485,0.01,3
0.979,0.458,2
0.417,0.003,3
0.213,0.522,0
0.949,0.616,4
0.434,0.717,0
0.079,0.911,0
0.22,0.555,0
0.088,0.809,0
0.414,0.74,0
0.269,0.527,0
0.487,0.739,0
0.33,0.728,0
0.422,0.059,3
0.333,0.496,0
0.504,0.09,3
0.898,0.543,1
0.47,0.68,0
0.944,0.53,1
0.126,0.809,0
0.526,0.032,3
0.368,0.692,0
0.563,0.056,3
0.474,0.079,3
0.508,0.134,3
0.511,0.065,3
0.501,0.092,3
1.002,0.494,2
0.249,0.484,0
0.487,0.091,3
0.988,0.538,2
0.586,0.639,0
0.436,0.688,0
0.059,0.791,0
1.008,0.561,4
0.283,0.446,0
0.58,0.16,3
0.072,0.81,0
0.452,0.045,3
0.164,0.774,0
0.207,0.5,0
0.498,0.076,3
0.476,0.725,0
0.458,0.77,0
0.091,0.747,0
0.444,0.022,3
0.081,0.824,0
0.083,0.708,0
0.449,0.06,3
0.077,0.789,0
0.094,0.849,0
0.101,0.817,0
1.006,0.548,4
0.504,0.051,3
0.043,0.829,0
0.569,0.003,3
0.546,0.022,3
0.995,0.558,4
0.247,0.456,0
1.005,0.555,4
0.059,0.784,0
0.426,0.736,0
0.459,0.761,0
0.037,0.768,0
0.28,0.579,0
0.359,0.514,0
0.996,0.568,4
0.533,0.068,3
0.277,0.462,0
0.428,0.713,0
1.057,0.485,2
0.079,0.724,0
0.949,0.484,1
0.531,0.09,3
0.259,0.541,0
0.057,0.819,0
0.237,0.491,0
0.288,0.506,0
0.946,0.583,1
0.586,0.098,3
0.94,0.548,1
0.065,0.72,0
0.948,0.466,2
0.247,0.526,0
0.231,0.475,0
0.525,0.075,3
0.326,0.534,0
0.3,0.609,0
0.198,0.47,0
0.486,0.818,0
0.518,0.079,3
0.465,0.732,0
0.348,0.455,0
0.997,0.505,2
0.925,0.554,1
0.247,0.491,0
0.057,0.755,0
0.293,0.527,0
0.489,0.106,3
0.482,0.73,0
0.454,0.719,0
0.494,0.037,3
0.279,0.529,0
0.083,0.782,0
0.416,0.746,0
0.278,0.549,0
0.509,0.051,3
0.398,0.776,0
0.975,0.6,4
0.484,0.696,0
1.011,0.583,4
0.485,0.118,3
0.027,0.757,0
0.429,0.702,0
0.52,0.078,3
0.229,0.452,0
0.567,0.117,3
1.023,0.497,2
0.294,0.443,0
0.29,0.509,0
0.471,0.002,3
0.574,0.052,3
1.014,0.57,4
0.113,0.748,0
0.041,0.813,0
0.424,0.775,0
0.097,0.821,0
0.384,0.727,0
0.234,0.562,0
0.918,0.548,1
0.278,0.459,0
0.462,0.183,3
0.445,0.604,0
0.999,0.539,2
0.072,0.807,0
1.08,0.572,4
0.463,0.668,0
0.97,0.558,4
0.983,0.547,4
0.524,0.064,3
1.016,0.473,2
1.009,0.532,2
0.497,0.03,3
0.985,0.576,4
0.991,0.555,4
0.292,0.531,0
0.251,0.473,0
0.109,0.822,0
0.54,0.033,3
0.478,0.117,3
0.553,0.699,0
0.25,0.498,0
0.519,0.109,3
0.053,0.772,0
0.326,0.531,0
0.116,0.802,0
0.474,0.095,3
0.16,0.808,0
0.577,0.051,3
1.055,0.511,2
0.427,0.653,0
0.407,0.73,0
0.301,0.485,0
0.447,0.715,0
0.405,0.741,0
0.451,0.743,0
0.952,0.56,1
0.32,0.735,0
0.27,0.477,0
0.299,0.521,0
0.253,0.543,0
0.394,0.768,0
0.38,0.751,0
0.417,0.648,0
0.479,0.103,3
0.475,0.717,0
1.047,0.59,4
0.502,0.058,3
0.211,0.536,0
0.448,0.713,0
0.447,0.66,0
0.951,0.574,1
0.446,0.072,3
0.396,0.612,0
0.932,0.507,1
0.976,0.515,2
0.401,0.008,3
0.28,0.478,0
0.318,0.552,0
0.275,0.496,0
0.484,0.041,3
1.006,0.62,4
0.913,0.485,1
0.396,0.709,0
0.992,0.562,4
0.35,0.451,0
0.213,0.528,0
0.369,0.789,0
1.029,0.594,4
0.285,0.489,0
0.235,0.464,0
0.077,0.68,0
0.008,0.79,0
0.113,0.795,0
0.479,0.105,3
0.229,0.514,0
0.045,0.811,0
0.47,0.089,3
0.231,0.486,0
0.518,0.043,3
0.465,0.074,3
0.415,0.694,0
0.473,0.716,0
0.26,0.513,0
0.285,0.515,0
0.255,0.505,0
0.073,0.806,0
0.512,0.059,3
0.42,0.64,0
0.394,0.791,0
0.076,0.727,0
0.514,0.055,3
0.071,0.735,0
0.305,0.468,0
0.471,0.79,0
0.338,0.726,0
0.506,0.078,3
1.003,0.524,2
0.533,0.075,3
0.52,0.714,0
0.153,0.505,0
1.055,0.505,2
1.06,0.469,2
0.477,0.057,3
0.47,0.717,0
0.021,0.821,0
0.949,0.574,1
0.916,0.511,1
0.545,0.144,3
0.998,0.556,4
0.923,0.56,1
0.466,0.755,0
0.202,0.596,0
0.087,0.784,0
0.488,0.084,3
0.062,0.766,0
0.483,0.77,0
0.303,0.485,0
0.538,0.009,3
0.106,0.887,0
0.396,0.735,0
0.378,0.776,0
0.293,0.497,0
0.926,0.584,1
0.995,0.568,4
0.534,0.112,3
0.266,0.5,0
0.347,0.501,0
0.54,0.033,3
0.953,0.445,2
0.984,0.511,2
0.395,0.754,0
0.512,0.077,3
0.439,0.647,0
0.942,0.442,2
0.411,0.69,0
0.229,0.5,0
0.44,0.674,0
0.295,0.492,0
0.079,0.781,0
0.312,0.48,0
0.069,0.728,0
0.444,0.04,3
0.07,0.837,0
0.073,0.869,0
0.462,0.73,0
0.069,0.696,0
0.504,0.054,3
0.977,0.492,2
0.956,0.563,1
0.506,0.078,3
0.423,0.715,0
0.933,0.594,1
0.04,0.777,0
1.01,0.498,2
0.486,0.075,3
0.478,0.757,0
0.549,0.043,3
0.407,0.764,0
0.5,0.113,3
0.456,0.741,0
0.501,0.073,3
0.296,0.514,0
0.373,0.784,0
0.249,0.525,0
0.925,0.501,1
0.487,0.706,0
0.143,0.826,0
0.05,0.805,0
0.021,0.753,0
0.315,0.468,0
0.437,0.083,3
0.26,0.545,0
0.371,0.733,0
0.315,0.541,0
0.008,0.763,0
0.457,0.747,0
0.09,0.817,0
0.991,0.535,2
0.045,0.783,0
0.463,0.023,3
0.433,0.685,0
0.952,0.605,4
0.411,0.724,0
0.056,0.753,0
0.096,0.76,0
0.466,0.059,3
0.074,0.74,0
0.954,0.554,1
0.294,0.509,0
0.057,0.84,0
0.511,0.104,3
0.281,0.521,0
0.998,0.53,2
0.491,0.008,3
0.081,0.85,0
0.3,0.52,0
0.152,0.802,0
0.408,0.68,0
0.033,0.737,0
0.52,0.093,3
0.122,0.755,0
0.308,0.435,0
0.438,0.753,0
0.495,0.086,3
0.026,0.783,0
0.239,0.491,0
0.01,0.763,0
1.043,0.527,2
0.5,0.107,3
0.445,0.665,0
0.104,0.815,0
0.218,0.53,0
0.478,0.723,0
0.412,0.712,0
0.495,0.043,3
0.467,0.75,0
0.068,0.813,0
0.475,0.089,3
1.044,0.589,4
0.434,0.679,0
0.98,0.581,4
0.892,0.509,1
0.242,0.484,0
0.064,0.772,0
0.067,0.794,0
0.09,0.794,0
0.426,0.742,0
0.309,0.468,0
0.504,0.061,3
1.055,0.501,2
0.285,0.486,0
0.249,0.544,0
0.461,0.117,3
0.892,0.463,1
0.434,0.732,0
0.357,0.679,0
0.306,0.549,0
0.496,0.123,3
0.553,0.092,3
0.274,0.53,0
0.345,0.464,0
1.012,0.671,4
0.51,0.726,0
0.476,0.038,3
0.101,0.789,0
0.417,0.671,0
0.252,0.558,0
0.964,0.55,1
0.501,0.11,3
0.285,0.558,0
0.416,0.661,0
1.002,0.492,2
0.09,0.74,0
0.026,0.79,0
0.994,0.54,4
0.449,0.036,3
0.239,0.368,0
0.289,0.471,0
0.089,0.76,0
0.937,0.607,4
0.462,0.761,0
0.442,0.63,0
0.384,0.73,0
0.497,0.041,3
0.232,0.508,0
0.424,0.118,3
1.044,0.556,4
0.436,0.775,0
0.207,0.514,0
0.369,0.717,0
0.948,0.51,1
0.222,0.54,0
0.256,0.501,0
1.009,0.566,4
0.306,0.509,0
0.472,0.048,3
0.984,0.494,2
0.894,0.558,1
0.452,0.057,3
0.04,0.812,0
0.539,0.076,3
0.068,0.733,0
0.433,0.101,3
0.245,0.497,0
0.443,0.803,0
0.028,0.814,0
0.478,0.085,3
0.13,0.77,0
0.464,0.154,3
0.32,0.479,0
0.134,0.774,0
0.038,0.769,0
0.439,0.722,0
0.502,0.154,3
0.472,0.716,0
0.982,0.556,4
0.419,0.12,3
0.391,0.714,0
0.452,0.08,3
0.987,0.53,2
0.301,0.416,0
0.003,0.774,0
0.414,0.03,3
0.245,0.433,0
0.252,0.539,0
0.957,0.559,1
0.211,0.531,0
1.006,0.6,4
0.224,0.471,0
1.046,0.545,4
0.114,0.816,0
0.25,0.514,0
0.998,0.556,4
1.054,0.525,2
0.437,0.688,0
0.483,0.096,3
0.216,0.505,0
0.514,0.053,3
0.063,0.805,0
0.48,0.087,3
1.021,0.522,2
0.51,0.137,3
0.572,0.014,3
0.26,0.559,0
0.059,0.755,0
0.397,0.756,0
0.033,0.792,0
0.07,0.706,0
0.931,0.539,1
1.04,0.539,2
1.005,0.544,4
0.48,0.116,3
0.542,0.108,3
0.315,0.616,0
0.961,0.6,4
0.386,0.716,0
1.004,0.464,2
0.497,0.133,3
0.284,0.592,0
0.06,0.772,0
0.006,0.801,0
0.447,0.716,0
0.328,0.55,0
0.99,0.481,2
0.548,0.06,3
1.027,0.576,4
0.077,0.758,0
0.152,0.816,0
0.479,0.644,0
0.967,0.587,4
0.492,0.726,0
0.099,0.778,0
0.473,0.074,3
0.303,0.468,0
0.248,0.515,0
0.074,0.789,0
0.984,0.552,4
1.003,0.522,2
0.485,0.039,3
0.539,0.064,3
1.028,0.5,2
0.1,0.758,0
0.388,0.506,0
0.311,0.542,0
0.487,0.726,0
0.237,0.529,0
0.052,0.861,0
0.225,0.458,0
0.307,0.492,0
0.212,0.474,0
0.935,0.602,4
0.243,0.428,0
0.08,0.929,0
0.414,0.407,0
0.898,0.504,1
0.97,0.546,1
0.548,0.015,3
0.22,0.529,0
0.005,0.813,0
0.025,0.793,0
0.45,0.094,3
0.482,0.113,3
0.244,0.439,0
0.464,0.113,3
0.138,0.754,0
0.958,0.503,1
0.325,0.535,0
0.198,0.46,0
0.469,0.695,0
0.439,0.033,3
0.519,0.674,0
0.983,0.531,2
0.473,0.692,0
0.504,0.667,0
0.267,0.548,0
0.124,0.729,0
0.487,0.03,3
0.373,0.74,0
0.327,0.802,0
0.143,0.75,0
0.05,0.77,0
0.442,0.706,0
0.965,0.529,1
0.511,0.022,3
0.448,0.799,0
0.088,0.797,0
0.066,0.711,0
0.143,0.72,0
0.202,0.478,0
0.107,0.815,0
0.52,0.099,3
0.051,0.752,0
0.123,0.781,0
0.451,0.734,0
0.046,0.728,0
0.204,0.459,0
0.929,0.545,1
0.395,0.653,0
0.084,0.826,0
0.219,0.442,0
0.993,0.538,2
0.389,0.707,0
0.338,0.446,0
0.141,0.757,0
0.052,0.782,0
0.974,0.549,4
0.465,0.112,3
0.267,0.489,0
0.527,0.061,3
0.428,0.743,0
0.322,0.511,0
0.554,0.021,3
0.226,0.478,0
0.258,0.426,0
0.381,0.693,0
0.419,0.791,0
0.565,0.037,3
0.231,0.478,0
0.254,0.539,0
0.951,0.561,1
0.468,0.741,0
1.053,0.54,2
0.396,0.731,0
1.007,0.542,4
0.959,0.537,1
0.041,0.805,0
0.56,0.081,3
0.131,0.829,0
0.058,0.735,0
0.147,0.747,0
0.086,0.812,0
0.384,0.782,0
0.144,0.777,0
0.479,0.002,3
0.435,0.713,0
0.113,0.784,0
0.088,0.761,0
0.997,0.533,2
0.252,0.504,0
0.95,0.591,4
0.522,0.078,3
0.467,0.76,0
0.098,0.781,0
0.459,0.042,3
0.948,0.459,2
0.998,0.557,4
0.068,0.857,0
0.989,0.492,2
0.042,0.799,0
0.099,0.835,0
0.228,0.466,0
0.245,0.5,0
0.324,0.53,0
0.488,0.108,3
0.929,0.569,1
0.998,0.526,2
0.248,0.445,0
0.399,0.718,0
0.982,0.464,2
0.28,0.518,0
0.242,0.485,0
0.477,0.117,3
0.223,0.516,0
0.319,0.483,0
0.046,0.723,0
0.23,0.517,0
0.237,0.481,0
0.243,0.511,0
0.451,0.663,0
0.499,0.085,3
0.487,0.05,3
1.001,0.574,4
0.965,0.519,1
0.47,0.025,3
0.4,0.039,3
0.481,0.744,0
0.267,0.515,0
0.418,0.797,0
0.513,0.742,0
0.448,0.07,3
0.253,0.501,0
0.529,0.069,3
0.998,0.476,2
0.255,0.484,0
1.019,0.6,4
1.035,0.567,4
0.511,0.034,3
0.267,0.487,0
0.117,0.736,0
0.097,0.797,0
0.484,0.122,3
0.901,0.608,1
0.301,0.507,0
0.41,0.76,0
0.325,0.467,0
0.431,0.79,0
0.38,0.69,0
0.07,0.773,0
0.079,0.721,0
0.42,0.778,0
0.316,0.491,0
0.349,0.498,0
0.097,0.8,0
0.488,0.02,3
0.23,0.569,0
0.949,0.546,1
0.137,0.74,0
0.5,0.733,0
0.478,0.07,3
0.414,0.08,3
0.046,0.781,0
0.259,0.48,0
0.543,0.71,0
0.279,0.531,0
0.272,0.51,0
0.04,0.861,0
0.394,0.722,0
0.048,0.76,0
0.926,0.562,1
0.493,0.064,3
0.449,0.757,0
0.106,0.753,0
0.038,0.804,0
0.571,0.033,3
0.368,0.468,0
0.23,0.485,0
0.421,0.087,3
0.393,0.686,0
0.281,0.534,0
0.073,0.764,0
0.325,0.459,0
0.096,0.683,0
0.929,0.534,1
0.481,0.021,3
0.48,0.79,0
0.938,0.623,4
0.998,0.57,4
0.469,0.783,0
0.304,0.758,0
0.918,0.548,1
0.282,0.461,0
0.948,0.515,1
0.249,0.42,0
0.04,0.819,0
0.46,0.754,0
0.124,0.727,0
0.307,0.472,0
1.017,0.537,2
0.427,0.699,0
0.12,0.789,0
0.077,0.766,0
0.915,0.543,1
0.441,0.711,0
0.456,0.806,0
0.147,0.775,0
0.357,0.751,0
0.511,0.101,3
0.462,0.782,0
0.088,0.784,0
0.123,0.819,0
0.481,0.008,3
0.246,0.502,0
0.018,0.769,0
1.005,0.576,4
0.5,0.082,3
0.058,0.781,0
0.481,0.054,3
0.416,0.675,0
0.417,0.698,0
0.423,0.701,0
0.074,0.851,0
0.028,0.842,0
0.365,0.744,0
1.017,0.512,2
0.454,0.747,0
0.248,0.487,0
0.07,0.759,0
0.137,0.782,0
0.423,0.644,0
0.975,0.546,4
0.07,0.799,0
0.282,0.574,0
0.307,0.515,0
0.272,0.484,0
0.041,0.766,0
0.557,0.619,0
0.963,0.532,1
0.986,0.482,2
0.985,0.558,4
0.017,0.791,0
0.052,0.81,0
0.372,0.496,0
0.481,0.063,3
0.4,0.057,3
0.986,0.559,4
0.064,0.79,0
0.436,0.051,3
0.511,0.065,3
0.986,0.507,2
0.438,0.738,0
0.946,0.529,1
0.553,0.047,3
1.006,0.452,2
0.122,0.751,0
0.961,0.569,4
0.325,0.543,0
0.074,0.725,0
0.302,0.417,0
0.284,0.5,0
0.606,0.1,3
0.911,0.566,1
0.213,0.486,0
0.016,0.7,0
0.997,0.536,2
1.002,0.619,4
0.486,0.693,0
0.433,0.105,3
0.451,0.731,0
0.462,0.084,3
0.475,0.112,3
1.023,0.506,2
0.958,0.478,2
0.445,0.763,0
0.483,0.081,3
0.444,0.015,3
0.4,0.707,0
0.281,0.55,0
0.46,0.762,0
0.471,0.744,0
0.384,0.748,0
0.953,0.618,4
0.461,0.714,0
0.468,0.076,3
0.52,0.76,0
0.995,0.542,4
0.52,0.073,3
0.298,0.516,0
0.087,0.746,0
0.413,0.72,0
0.393,0.81,0
0.03,0.746,0
0.44,0.116,3
0.345,0.701,0
0.55,0.028,3
0.453,0.7,0
0.119,0.754,0
0.062,0.81,0
0.979,0.488,2
0.903,0.521,1
0.108,0.793,0
0.461,0.021,3
0.51,0.683,0
0.266,0.489,0
0.508,0.097,3
0.368,0.677,0
1.027,0.544,4
0.452,0.109,3
0.912,0.442,1
0.248,0.524,0
0.268,0.529,0
0.3,0.476,0
0.01,0.729,0
0.606,0.001,3
0.013,0.771,0
0.449,0.756,0
1.028,0.594,4
0.506,0.094,3
1.002,0.53,2
0.504,0.696,0
0.283,0.452,0
0.436,0.602,0
0.948,0.485,1
0.521,0.123,3
0.373,0.73,0
0.033,0.811,0
0.425,0.73,0
0.254,0.438,0
0.42,0.724,0
0.489,0.718,0
0.472,0.74,0
0.056,0.839,0
0.466,0.036,3
0.067,0.759,0
0.54,0.081,3
0.256,0.496,0
0.014,0.825,0
0.027,0.759,0
1.033,0.547,4
0.606,0.099,3
0.082,0.851,0
0.935,0.593,1
0.381,0.473,0
0.087,0.755,0
0.947,0.541,1
0.482,0.707,0
0.451,0.682,0
0.276,0.515,0
0.94,0.579,1
0.959,0.5,2
0.058,0.795,0
0.554,0.073,3
0.989,0.534,2
0.974,0.527,2
0.481,0.743,0
0.21,0.525,0
0.062,0.877,0
0.085,0.805,0
0.447,0.674,0
0.487,0.72,0
0.465,0.062,3
0.981,0.524,2
0.487,0.046,3
0.937,0.534,1
0.917,0.584,1
0.307,0.518,0
0.516,0.046,3
0.461,0.71,0
0.955,0.46,2
1.059,0.547,4
0.379,0.757,0
0.552,0.087,3
1.017,0.528,2
0.08,0.739,0
0.482,0.724,0
0.471,0.733,0
1.027,0.552,4
0.501,0.652,0
0.504,0.056,3
0.417,0.752,0
0.574,0.077,3
0.432,0.759,0
0.242,0.523,0
0.073,0.785,0
0.488,0.738,0
0.037,0.736,0
0.278,0.479,0
0.094,0.768,0
0.007,0.775,0
0.468,0.75,0
0.25,0.463,0
0.251,0.56,0
0.275,0.513,0
0.507,0.712,0
0.521,0.106,3
0.296,0.529,0
0.493,0.019,3
1.002,0.562,4
0.305,0.528,0
0.481,0.728,0
0.105,0.791,0
0.486,0.072,3
0.571,0.082,3
0.417,0.71,0
0.278,0.513,0
0.986,0.496,2
0.426,0.643,0
0.311,0.487,0
0.127,0.738,0
0.477,0.107,3
0.312,0.534,0
0.137,0.764,0
0.195,0.482,0
0.074,0.733,0
0.247,0.517,0
0.461,0.705,0
0.266,0.578,0
0.501,0.064,3
0.329,0.564,0
0.229,0.473,0
0.499,0.056,3
0.044,0.752,0
0.532,0.104,3
0.118,0.824,0
0.363,0.744,0
0.235,0.533,0
0.979,0.557,4
0.083,0.803,0
0.274,0.49,0
0.07,0.764,0
0.074,0.785,0
0.234,0.471,0
0.052,0.811,0
0.951,0.535,1
1.045,0.543,4
0.992,0.563,4
0.484,0.708,0
0.39,0.754,0
0.491,0.072,3
0.467,0.7,0
0.989,0.544,4
0.287,0.458,0
0.425,0.1,3
0.956,0.502,1
0.492,0.129,3
0.528,0.81,0
0.171,0.558,0
0.447,0.719,0
0.932,0.494,1
0.505,0.1,3
0.049,0.717,0
0.467,0.106,3
0.509,0.089,3
0.086,0.823,0
0.266,0.576,0
0.024,0.78,0
0.156,0.787,0
0.268,0.592,0
0.488,0.098,3
1.019,0.488,2
0.348,0.76,0
0.069,0.762,0
0.413,0.726,0
0.474,0.089,3
0.397,0.652,0
0.95,0.547,1
0.031,0.798,0
0.492,0.777,0
1.033,0.564,4
0.249,0.447,0
0.935,0.581,1
0.425,0.727,0
0.93,0.636,4
0.477,0.002,3
0.511,0.056,3
0.338,0.566,0
0.986,0.547,4
0.242,0.552,0
0.162,0.717,0
0.489,0.747,0
0.977,0.586,4
0.043,0.838,0
0.978,0.535,2
0.464,0.772,0
0.978,0.537,2
0.096,0.783,0
0.269,0.455,0
0.974,0.551,4
0.324,0.496,0
0.282,0.427,0
0.411,0.757,0
1.004,0.452,2
0.233,0.526,0
0.051,0.854,0
0.093,0.739,0
0.076,0.731,0
0.273,0.396,0
0.546,0.076,3
0.459,0.733,0
0.25,0.447,0
0.265,0.536,0
0.948,0.566,1
0.246,0.517,0
0.926,0.504,1
0.052,0.777,0
0.951,0.516,1
0.413,0.723,0
0.963,0.548,1
0.423,0.627,0
0.106,0.82,0
0.464,0.163,3
0.208,0.462,0
0.566,0.115,3
0.265,0.481,0
1.001,0.553,4
0.068,0.782,0
1.012,0.552,4
0.97,0.471,2
0.543,0.096,3
0.961,0.523,1
0.532,0.087,3
0.274,0.415,0
0.275,0.451,0
0.988,0.55,4
0.287,0.472,0
0.351,0.698,0
0.558,0.134,3
0.058,0.793,0
0.128,0.809,0
0.455,0.742,0
0.405,0.722,0
0.41,0.768,0
0.452,0.08,3
0.503,0.109,3
0.036,0.832,0
0.252,0.474,0
0.477,0.08,3
0.465,0.706,0
0.418,0.057,3
0.344,0.618,0
0.983,0.493,2
0.399,0.702,0
0.042,0.8,0
0.567,0.022,3
0.963,0.578,4
0.087,0.795,0
0.428,0.744,0
0.479,0.024,3
0.433,0.715,0
0.038,0.771,0
0.372,0.458,0
0.38,0.657,0
0.224,0.474,0
1.008,0.474,2
1.035,0.485,2
0.039,0.775,0
0.936,0.57,1
0.441,0.618,0
1.014,0.512,2
0.234,0.469,0
0.063,0.818,0
0.463,0.047,3
0.254,0.505,0
0.072,0.814,0
0.208,0.697,0
0.532,0.041,3
0.4,0.73,0
0.425,0.693,0
0.209,0.507,0
0.074,0.763,0
0.228,0.428,0
0.48,0.691,0
0.241,0.522,0
0.133,0.813,0
0.973,0.612,4
0.417,0.773,0
0.485,0.08,3
0.491,0.118,3
0.508,0.002,3
0.24,0.507,0
0.972,0.581,4
0.009,0.745,0
0.457,0.06,3
0.319,0.488,0
0.988,0.486,2
0.039,0.851,0
0.116,0.793,0
0.258,0.553,0
0.419,0.73,0
0.423,0.655,0
0.125,0.846,0
0.036,0.82,0
0.461,0.692,0
0.057,0.812,0
0.229,0.451,0
0.406,0.739,0
0.276,0.543,0
0.549,0.079,3
0.291,0.413,0
0.314,0.485,0
1.053,0.503,2
0.401,0.67,0
0.376,0.693,0
0.981,0.552,4
0.395,0.78,0
0.989,0.566,4
0.247,0.471,0
0.072,0.755,0
0.1,0.856,0
0.258,0.513,0
0.309,0.519,0
1.024,0.563,4
0.104,0.783,0
0.214,0.539,0
0.426,0.785,0
0.051,0.722,0
0.266,0.528,0
0.496,0.716,0
0.469,0.035,3
1.017,0.474,2
0.291,0.536,0
0.131,0.826,0
0.311,0.466,0
1.07,0.525,2
0.437,0.043,3
0.117,0.72,0
0.461,0.038,3
0.326,0.53,0
1.037,0.501,2
0.205,0.463,0
0.077,0.781,0
0.547,0.07,3
0.27,0.415,0
0.251,0.575,0
0.036,0.813,0
0.305,0.529,0
0.495,0.101,3
0.199,0.456,0
0.445,0.69,0
0.021,0.776,0
0.401,0.788,0
0.499,0.695,0
0.338,0.503,0
0.103,0.758,0
0.53,0.7,0
0.058,0.778,0
0.298,0.481,0
0.042,0.779,0
0.978,0.538,2
0.226,0.53,0
0.43,0.729,0
0.418,0.09,3
0.067,0.79,0
0.466,0.037,3
0.413,0.713,0
0.415,0.751,0
0.27,0.493,0
0.192,0.48,0
0.373,0.755,0
0.556,0.071,3
0.993,0.576,4
0.5,0.693,0
0.479,0.081,3
0.513,0.811,0
0.303,0.538,0
0.437,0.776,0
0.492,0.057,3
0.456,0.726,0
0.041,0.811,0
0.033,0.77,0
0.462,0.759,0
0.505,0.02,3
0.496,0.057,3
0.954,0.586,4
0.1,0.798,0
0.422,0.714,0
1.005,0.578,4
0.147,0.795,0
0.943,0.55,1
0.312,0.48,0
0.433,0.708,0
0.473,0.05,3
0.392,0.757,0
0.14,0.789,0
0.263,0.494,0
0.053,0.773,0
1.049,0.503,2
0.147,0.738,0
0.348,0.456,0
0.507,0.138,3
0.076,0.773,0
0.964,0.569,4
0.072,0.832,0
0.976,0.605,4
0.441,0.772,0
0.102,0.8,0
0.441,0.747,0
0.263,0.512,0
0.226,0.476,0
0.463,0.111,3
0.467,0.095,3
0.505,0.086,3
0.086,0.78,0
0.399,0.68,0
0.128,0.816,0
0.116,0.814,0
0.427,0.723,0
0.501,0.687,0
0.195,0.447,0
1.04,0.489,2
0.948,0.522,1
0.979,0.568,4
0.494,0.095,3
0.271,0.541,0
0.439,0.726,0
0.461,0.147,3
0.381,0.465,0
0.548,0.135,3
0.191,0.532,0
0.048,0.757,0
0.465,0.677,0
0.989,0.572,4
0.999,0.554,4
0.485,0.128,3
0.013,0.877,0
0.246,0.505,0
1.047,0.486,2
0.38,0.754,0
0.077,0.772,0
0.412,0.67,0
0.993,0.545,4
0.45,0.03,3
0.028,0.747,0
0.019,0.763,0
1.047,0.504,2
1.007,0.514,2
0.407,0.688,0
0.509,0.03,3
0.918,0.547,1
1.042,0.506,2
0.996,0.548,4
0.915,0.516,1
0.245,0.534,0
0.136,0.824,0
0.908,0.549,1
0.542,0.05,3
0.092,0.812,0
0.378,0.653,0
0.421,0.146,3
0.048,0.798,0
0.504,0.06,3
0.315,0.501,0
0.419,0.824,0
0.994,0.474,2
0.01,0.759,0
0.462,0.772,0
0.467,0.76,0
0.226,0.79,0
0.47,0.718,0
0.015,0.823,0
0.478,0.167,3
0.992,0.572,4
0.466,0.725,0
0.01,0.764,0
0.079,0.789,0
0.295,0.421,0
0.071,0.829,0
0.299,0.522,0
0.391,0.674,0
0.058,0.81,0
0.077,0.751,0
0.356,0.527,0
0.931,0.554,1
0.445,0.77,0
0.022,0.748,0
0.541,0.079,3
0.486,0.131,3
0.429,0.128,3
1.018,0.548,4
0.254,0.493,0
0.993,0.513,2
0.568,0.05,3
0.26,0.538,0
0.34,0.473,0
0.069,0.746,0
0.523,0.112,3
0.97,0.581,4
1.004,0.582,4
0.467,0.064,3
0.317,0.477,0
0.464,0.058,3
0.375,0.719,0
0.293,0.483,0
0.239,0.5,0
0.08,0.798,0
0.069,0.766,0
0.932,0.566,1
0.256,0.55,0
0.492,0.071,3
0.564,0.085,3
0.004,0.747,0
0.403,0.751,0
0.187,0.552,0
0.145,0.752,0
0.273,0.529,0
0.977,0.491,2
0.504,0.073,3
0.093,0.722,0
0.437,0.769,0
0.938,0.559,1
0.415,0.73,0
0.957,0.554,1
0.461,0.739,0
0.317,0.484,0
0.069,0.774,0
0.414,0.668,0
0.471,0.755,0
0.543,0.59,0
0.566,0.082,3
0.47,0.681,0
0.959,0.58,4
0.442,0.021,3
0.334,0.468,0
0.45,0.684,0
0.28,0.513,0
0.414,0.688,0
0.079,0.764,0
0.012,0.808,0
0.968,0.477,2
0.13,0.719,0
0.338,0.503,0
0.491,0.701,0
0.496,0.111,3
0.428,0.766,0
0.287,0.496,0
0.129,0.736,0
0.296,0.541,0
0.378,0.682,0
0.489,0.106,3
0.029,0.745,0
0.417,0.713,0
0.998,0.529,2
1.005,0.463,2
0.969,0.531,1
0.404,0.755,0
0.114,0.731,0
0.139,0.78,0
0.079,0.74,0
0.981,0.592,4
0.238,0.556,0
0.089,0.801,0
0.392,0.769,0
0.533,0.056,3
0.487,0.742,0
0.033,0.762,0
0.949,0.588,4
0.482,0.004,3
0.148,0.79,0
0.425,0.768,0
0.504,0.065,3
0.034,0.781,0
0.094,0.771,0
0.442,0.74,0
0.109,0.836,0
0.29,0.603,0
0.498,0.746,0
0.484,0.083,3
0.399,0.72,0
0.311,0.494,0
0.956,0.565,1
0.503,0.08,3
0.469,0.082,3
0.985,0.551,4
0.135,0.815,0
0.399,0.716,0
0.97,0.622,4
0.089,0.763,0
0.503,0.092,3
0.328,0.455,0
0.108,0.784,0
0.475,0.745,0
0.472,0.104,3
1.023,0.449,2
0.285,0.451,0
0.054,0.827,0
0.333,0.582,0
0.298,0.464,0
0.492,0.055,3
0.535,0.08,3
0.537,0.128,3
0.227,0.509,0
0.239,0.493,0
0.515,0.038,3
0.394,0.737,0
0.28,0.523,0
0.443,0.746,0
0.265,0.486,0
0.578,0.154,3
0.155,0.764,0
0.353,0.48,0
0.528,0.063,3
0.193,0.518,0
0.438,0.775,0
0.443,0.08,3
0.047,0.74,0
0.284,0.504,0
0.331,0.473,0
0.224,0.431,0
0.954,0.591,4
0.501,0.04,3
0.053,0.737,0
0.528,0.1,3
0.029,0.75,0
0.957,0.566,1
0.968,0.491,2
0.375,0.491,0
0.341,0.473,0
0.438,0.705,0
0.134,0.767,0
0.328,0.542,0
0.457,0.062,3
0.44,0.675,0
0.925,0.532,1
0.477,0.704,0
1.031,0.549,4
0.364,0.456,0
0.292,0.5,0
0.454,0.064,3
0.484,0.715,0
0.942,0.553,1
0.248,0.536,0
0.438,0.756,0
0.949,0.506,1
0.056,0.783,0
1.053,0.513,2
0.094,0.783,0
0.169,0.498,0
0.506,0.094,3
0.269,0.492,0
0.034,0.76,0
0.522,0.083,3
0.27,0.503,0
0.263,0.448,0
0.45,0.739,0
0.069,0.804,0
0.245,0.54,0
0.459,0.786,0
0.482,0.638,0
0.99,0.523,2
0.303,0.473,0
0.366,0.706,0
0.544,0.014,3
0.326,0.551,0
0.007,0.74,0
0.394,0.754,0
0.414,0.745,0
0.095,0.741,0
0.51,0.034,3
0.508,0.068,3
0.526,0.112,3
0.97,0.61,4
0.284,0.512,0
0.449,0.721,0
0.248,0.489,0
0.334,0.437,0
0.455,0.112,3
0.581,0.134,3
0.025,0.813,0
0.202,0.465,0
0.458,0.707,0
1.001,0.556,4
0.12,0.841,0
0.034,0.819,0
0.089,0.738,0
0.048,0.791,0
0.523,0.036,3
1.049,0.508,2
0.947,0.511,1
0.099,0.806,0
0.542,0.01,3
0.997,0.613,4
0.06,0.673,0
0.475,0.091,3
0.073,0.83,0
0.433,0.005,3
0.969,0.543,1
0.51,0.071,3
0.116,0.772,0
0.513,0.072,3
0.498,0.141,3
0.046,0.762,0
0.306,0.482,0
0.254,0.561,0
0.241,0.478,0
0.242,0.472,0
0.102,0.785,0
0.468,0.043,3
0.448,0.744,0
0.253,0.54,0
0.517,0.006,3
1.053,0.523,2
0.045,0.777,0
0.515,0.016,3
0.486,0.084,3
0.422,0.065,3
0.227,0.45,0
1.053,0.581,4
1.051,0.551,4
0.527,0.023,3
0.413,0.707,0
0.417,0.724,0
0.501,0.047,3
0.277,0.46,0
0.526,0.062,3
0.94,0.531,1
0.242,0.557,0
0.333,0.518,0
0.956,0.546,1
0.427,0.155,3
0.058,0.828,0
0.473,0.645,0
0.967,0.534,1
0.083,0.79,0
0.961,0.496,2
0.444,0.682,0
0.905,0.571,1
0.434,0.746,0
0.085,0.724,0
0.464,0.111,3
0.939,0.619,4
0.11,0.796,0
0.468,0.055,3
0.984,0.572,4
0.449,0.716,0
0.286,0.52,0
0.267,0.554,0
0.511,0.046,3
0.237,0.494,0
0.486,0.101,3
0.27,0.527,0
0.084,0.81,0
0.437,0.041,3
0.234,0.467,0
0.485,0.724,0
0.461,0.705,0
0.436,0.698,0
0.034,0.776,0
0.008,0.756,0
0.502,0.142,3
0.24,0.537,0
0.403,0.719,0
0.03,0.779,0
0.929,0.547,1
0.563,0.061,3
0.415,0.699,0
0.268,0.506,0
0.506,0.724,0
1.036,0.577,4
0.446,0.073,3
0.112,0.793,0
0.926,0.571,1
0.521,0.04,3
0.955,0.532,1
0.114,0.808,0
0.552,0.044,3
0.521,0.045,3
0.23,0.515,0
0.457,0.658,0
1.03,0.515,2
0.974,0.566,4
1.034,0.514,2
0.955,0.52,1
0.491,0.044,3
0.521,0.06,3
0.396,0.711,0
0.08,0.771,0
0.099,0.698,0
0.508,0.023,3
0.202,0.523,0
0.485,0.725,0
0.323,0.544,0
0.546,0.675,0
0.632,0.116,3
0.513,0.045,3
0.379,0.696,0
0.452,0.706,0
1.025,0.493,2
0.542,0.076,3
0.475,0.696,0
0.448,0.696,0
0.284,0.497,0
0.256,0.48,0
0.918,0.511,1
0.324,0.448,0
0.083,0.739,0
0.436,0.066,3
0.551,0.037,3
0.974,0.577,4
0.493,0.044,3
0.976,0.569,4
0.942,0.571,1
0.066,0.8,0
0.994,0.534,2
0.238,0.445,0
1.048,0.59,4
0.906,0.562,1
0.528,0.009,3
0.104,0.744,0
0.545,0.099,3
0.378,0.498,0
0.495,0.138,3
0.889,0.527,1
0.568,0.017,3
0.092,0.857,0
0.482,0.8,0
0.073,0.809,0
0.447,0.072,3
0.322,0.417,0
0.334,0.513,0
0.074,0.779,0
0.026,0.843,0
0.968,0.482,2
0.946,0.505,1
1.039,0.531,2
0.065,0.707,0
0.446,0.101,3
0.445,0.694,0
0.97,0.497,2
0.214,0.472,0
0.453,0.1,3
1.004,0.573,4
0.299,0.543,0
0.468,0.751,0
0.353,0.49,0
0.072,0.789,0
0.969,0.576,4
0.423,0.73,0
0.904,0.547,1
0.043,0.837,0
1,0.573,4
1.002,0.52,2
0.444,0.704,0
0.306,0.465,0
0.172,0.498,0
0.08,0.771,0
0.542,0.114,3
0.993,0.511,2
0.31,0.533,0
0.52,0.079,3
0.177,0.783,0
0.491,0.722,0
1.089,0.547,4
0.116,0.787,0
0.394,0.059,3
0.059,0.812,0
0.499,0.019,3
0.981,0.523,2
0.094,0.798,0
0.233,0.489,0
0.492,0.073,3
0.52,0.089,3
0.907,0.601,1
0.958,0.485,2
0.047,0.829,0
0.287,0.478,0
0.955,0.55,1
0.263,0.548,0
0.529,0.015,3
0.269,0.466,0
0.417,0.743,0
0.087,0.762,0
0.306,0.544,0
0.477,0.737,0
0.958,0.512,1
0.081,0.696,0
0.36,0.669,0
0.416,0.765,0
1,0.54,4
0.957,0.546,1
0.3,0.5,0
0.477,0.728,0
0.073,0.793,0
0.93,0.604,1
0.391,0.658,0
0.404,0.741,0
0.934,0.498,1
0.913,0.47,1
0.078,0.775,0
0.47,0.147,3
0.08,0.79,0
0.487,0.06,3
0.441,0.772,0
0.476,0.695,0
0.973,0.541,1
0.48,0.776,0
0.137,0.76,0
0.087,0.831,0
0.475,0.194,3
0.213,0.54,0
0.247,0.512,0
0.506,0.07,3
0.232,0.549,0
0.982,0.588,4
0.101,0.764,0
0.923,0.523,1
0.217,0.508,0
0.024,0.787,0
0.326,0.473,0
0.487,0.143,3
0.304,0.513,0
0.081,0.798,0
0.138,0.81,0
0.269,0.553,0
0.925,0.524,1
0.96,0.54,1
0.247,0.494,0
0.293,0.466,0
0.536,0.094,3
0.996,0.483,2
0.347,0.46,0
0.995,0.568,4
0.068,0.771,0
0.08,0.849,0
0.422,0.737,0
0.043,0.758,0
0.048,0.8,0
0.241,0.475,0
0.539,0.028,3
0.255,0.481,0
0.453,0.769,0
0.072,0.82,0
0.484,0.784,0
0.094,0.862,0
0.089,0.715,0
0.313,0.49,0
0.968,0.579,4
0.09,0.821,0
0.501,0.087,3
0.323,0.533,0
0.53,0.103,3
0.99,0.556,4
0.106,0.71,0
0.879,0.513,1
0.229,0.509,0
0.029,0.794,0
1.042,0.522,2
0.909,0.589,1
0.522,0.007,3
0.212,0.528,0
1.02,0.557,4
0.499,0.059,3
0.397,0.741,0
0.514,0.069,3
0.547,0.066,3
0.145,0.792,0
0.979,0.525,2
0.221,0.509,0
0.285,0.477,0
0.934,0.524,1
0.537,0.145,3
0.42,0.71,0
0.449,0.718,0
0.446,0.122,3
0.082,0.772,0
0.154,0.754,0
0.429,0.677,0
0.279,0.456,0
0.968,0.601,4
0.211,0.531,0
0.236,0.473,0
0.506,0.759,0
0.341,0.563,0
0.057,0.791,0
0.476,0.132,3
0.524,0.059,3
0.365,0.549,0
0.237,0.49,0
0.23,0.539,0
0.196,0.557,0
0.332,0.396,0
0.412,0.793,0
0.082,0.825,0
0.266,0.436,0
0.499,0.111,3
0.952,0.495,1
0.397,0.747,0
0.052,0.843,0
0.349,0.513,0
0.124,0.763,0
0.081,0.783,0
0.28,0.493,0
0.253,0.466,0
0.251,0.458,0
1.059,0.505,2
0.905,0.621,1
1,0.594,4
0.036,0.766,0
0.954,0.559,1
0.29,0.528,0
0.917,0.474,1
0.107,0.803,0
0.446,0.72,0
0.1,0.822,0
0.467,0.123,3
0.1,0.816,0
0.411,0.696,0
1.019,0.532,2
0.258,0.471,0
0.479,0.087,3
0.454,0.664,0
0.97,0.53,1
0.017,0.834,0
1.003,0.621,4
0.132,0.757,0
0.29,0.413,0
0.962,0.529,1
0.072,0.741,0
0.516,0.081,3
0.46,0.139,3
0.577,0.114,3
0.272,0.526,0
0.517,0.051,3
0.48,0.675,0
0.89,0.597,1
1.026,0.524,2
0.975,0.547,4
0.516,0.118,3
0.259,0.534,0
0.985,0.522,2
0.062,0.704,0
0.503,0.049,3
0.08,0.854,0
0.027,0.759,0
0.231,0.493,0
0.288,0.483,0
0.211,0.474,0
0.123,0.681,0
0.975,0.58,4
0.406,0.727,0
0.22,0.537,0
0.019,0.726,0
0.452,0.117,3
0.256,0.532,0
0.278,0.429,0
0.082,0.792,0
0.418,0.661,0
0.996,0.561,4
0.233,0.462,0
0.011,0.74,0
1.001,0.588,4
0.347,0.49,0
0.43,0.701,0
1.058,0.543,2
0.444,0.739,0
0.366,0.752,0
0.97,0.523,2
0.488,0.035,3
0.112,0.762,0
1.012,0.535,2
0.435,0.652,0
0.575,0.064,3
0.095,0.71,0
0.49,0.644,0
0.074,0.741,0
0.025,0.81,0
0.107,0.842,0
0.457,0.665,0
0.001,0.788,0
0.991,0.44,2
0.437,0.74,0
1.02,0.593,4
0.014,0.756,0
1.02,0.523,2
0.269,0.494,0
0.921,0.563,1
0.204,0.461,0
0.445,0.075,3
0.04,0.815,0
0.284,0.516,0
0.472,0.736,0
0.426,0.725,0
0.424,0.708,0
0.233,0.496,0
0.475,0.096,3
0.054,0.807,0
0.511,0.106,3
0.049,0.734,0
1.04,0.545,4
0.462,0.095,3
1.033,0.524,2
0.425,0.643,0
0.952,0.54,1
0.47,0.06,3
0.946,0.523,1
0.446,0.728,0
0.393,0.737,0
0.992,0.543,4
0.041,0.781,0
0.005,0.804,0
0.515,0.063,3
0.488,0.767,0
0.908,0.567,1
0.479,0.052,3
0.079,0.77,0
0.478,0.095,3
0.037,0.765,0
0.552,0.099,3
0.918,0.599,1
0.952,0.482,2
0.413,0.729,0
0.202,0.499,0
0.555,0.076,3
0.036,0.799,0
0.24,0.498,0
0.981,0.56,4
0.956,0.484,2
0.051,0.821,0
0.532,0.072,3
0.098,0.731,0
0.437,0.78,0
0.036,0.74,0
0.43,0.695,0
0.509,0.087,3
0.212,0.483,0
0.24,0.46,0
0.909,0.546,1
0.476,0.095,3
0.433,0.683,0
0.428,0.737,0
0.43,0.724,0
0.085,0.714,0
0.252,0.466,0
0.53,0.073,3
0.099,0.773,0
0.123,0.769,0
0.39,0.658,0
0.949,0.523,1
0.226,0.426,0
0.44,0.138,3
0.148,0.825,0
0.475,0.054,3
0.265,0.504,0
0.112,0.816,0
1.024,0.559,4
0.41,0.782,0
0.014,0.715,0
0.278,0.423,0
0.997,0.527,2
1.02,0.502,2
0.572,0,3
0.554,0.045,3
0.424,0.697,0
0.929,0.505,1
0.044,0.823,0
0.986,0.557,4
0.43,0.764,0
0.917,0.527,1
0.989,0.509,2
0.972,0.552,4
0.387,0.8,0
0.047,0.811,0
0.06,0.846,0
0.456,0.687,0
0.962,0.489,2
0.476,0.072,3
0.507,0.062,3
0.43,0.065,3
1.025,0.544,4
0.489,0.682,0
0.565,0.079,3
1.002,0.503,2
0.21,0.527,0
1.022,0.535,2
0.104,0.76,0
0.032,0.715,0
0.068,0.808,0
0.931,0.507,1
0.241,0.574,0
1.026,0.528,2
0.17,0.49,0
0.405,0.048,3
0.311,0.497,0
0.463,0.064,3
0.254,0.503,0
0.425,0.644,0
0.24,0.507,0
0.515,0.023,3
1.027,0.549,4
0.967,0.545,1
0.232,0.501,0
0.453,0.725,0
0.104,0.763,0
0.254,0.443,0
0.487,0.627,0
0.281,0.552,0
0.932,0.603,1
0.04,0.802,0
0.528,0.01,3
0.411,0.113,3
0.49,0.132,3
0.961,0.592,4
0.522,0.085,3
0.506,0.72,0
0.538,0.042,3
0.346,0.421,0
0.967,0.583,4
0.271,0.528,0
0.195,0.468,0
0.443,0.721,0
0.499,0.14,3
0.069,0.734,0
0.417,0.701,0
0.095,0.769,0
0.286,0.525,0
0.949,0.533,1
0.079,0.792,0
0.455,0.014,3
0.992,0.591,4
0.425,0.76,0
1.009,0.489,2
0.5,0.01,3
0.284,0.504,0
0.035,0.752,0
0.089,0.691,0
0.297,0.452,0
0.048,0.694,0
0.303,0.496,0
0.252,0.552,0
0.065,0.795,0
0.471,0.11,3
0.965,0.54,1
0.547,0.1,3
0.521,0.046,3
0.987,0.629,4
0.423,0.775,0
0.565,0.006,3
0.469,0.694,0
0.509,0.073,3
0.49,0.741,0
0.017,0.785,0
0.481,0.041,3
0.303,0.472,0
0.466,0.043,3
0.425,0.696,0
0.957,0.478,2
0.933,0.499,1
0.328,0.497,0
0.057,0.749,0
0.531,0.05,3
0.53,0.022,3
0.447,0.015,3
0.499,0.043,3
0.488,0.074,3
0.996,0.439,2
0.486,0.08,3
0.963,0.529,1
1.111,0.556,4
0.327,0.432,0
0.504,0.026,3
0.086,0.732,0
0.512,0.112,3
0.192,0.467,0
0.517,0.051,3
0.093,0.776,0
0.443,0.716,0
0.287,0.519,0
0.291,0.495,0
0.286,0.537,0
0.22,0.514,0
0.49,0.715,0
0.405,0.712,0
0.436,0.764,0
0.099,0.761,0
0.997,0.553,4
0.506,0.74,0
0.985,0.563,4
0.979,0.5,2
0.23,0.523,0
0.085,0.799,0
0.992,0.491,2
0.03,0.868,0
0.029,0.8,0
0.275,0.523,0
0.256,0.506,0
0.954,0.512,1
0.067,0.768,0
0.935,0.539,1
1.116,0.59,4
0.961,0.492,2
0.974,0.555,4
1.024,0.536,2
0.508,0.058,3
0.287,0.498,0
0.976,0.542,4
0.546,0.02,3
0.132,0.792,0
1.008,0.604,4
0.096,0.716,0
0.113,0.784,0
0.393,0.734,0
0.473,0.106,3
0.474,0.012,3
0.504,0.071,3
0.059,0.809,0
0.446,0.099,3
0.519,0.005,3
0.191,0.463,0
0.58,0.071,3
0.587,0.048,3
0.452,0.81,0
0.415,0.682,0
0.042,0.829,0
0.979,0.579,4
0.297,0.552,0
0.321,0.511,0
0.048,0.734,0
0.569,0.013,3
0.468,0.099,3
0.472,0.055,3
0.487,0.065,3
0.045,0.73,0
0.062,0.848,0
0.965,0.58,4
0.923,0.524,1
0.053,0.744,0
0.119,0.854,0
0.546,0.054,3
0.457,0.738,0
0.247,0.519,0
0.416,0.757,0
0.052,0.696,0
0.458,0.098,3
0.933,0.457,1
0.284,0.476,0
0.126,0.756,0
0.445,0.075,3
0.155,0.708,0
0.168,0.51,0
0.549,0.061,3
0.475,0.726,0
0.538,0.119,3
0.025,0.711,0
0.578,0.151,3
0.555,0.041,3
0.225,0.483,0
0.327,0.568,0
0.419,0.087,3
0.213,0.513,0
0.976,0.562,4
0.076,0.759,0
0.088,0.774,0
1.032,0.521,2
0.503,0.094,3
0.308,0.543,0
0.495,0.719,0
0.985,0.492,2
0.268,0.503,0
0.501,0.798,0
0.364,0.774,0
1.052,0.589,4
0.537,0.124,3
0.069,0.792,0
0.148,0.79,0
0.928,0.577,1
1.03,0.595,4
0.469,0.719,0
0.037,0.797,0
0.055,0.801,0
0.51,0.117,3
0.548,0.087,3
0.939,0.565,1
0.264,0.511,0
0.41,0.719,0
0.259,0.495,0
0.518,0.038,3
0.229,0.512,0
0.061,0.734,0
0.444,0.693,0
0.499,0.045,3
0.05,0.827,0
0.514,0.081,3
0.271,0.505,0
0.292,0.486,0
0.05,0.751,0
0.552,0.056,3
0.255,0.515,0
0.1,0.805,0
0.067,0.821,0
0.414,0.714,0
0.474,0.698,0
0.502,0.05,3
0.31,0.518,0
0.106,0.772,0
0.101,0.789,0
0.46,0.037,3
1.03,0.54,2
0.258,0.458,0
0.434,0.71,0
0.135,0.743,0
0.503,0.143,3
0.532,0.744,0
1.016,0.513,2
0.529,0.066,3
0.986,0.6,4
0.383,0.748,0
0.47,0.016,3
0.316,0.481,0
0.073,0.796,0
0.046,0.818,0
0.993,0.587,4
0.112,0.825,0
0.435,0.792,0
0.362,0.727,0
0.024,0.782,0
0.987,0.545,4
0.267,0.488,0
0.237,0.484,0
0.121,0.757,0
0.474,0.072,3
0.481,0.017,3
0.985,0.498,2
0.523,0.055,3
0.255,0.486,0
0.441,0.743,0
1.014,0.554,4
0.104,0.761,0
0.542,0.044,3
0.395,0.692,0
0.028,0.776,0
0.119,0.797,0
0.52,0.026,3
0.394,0.705,0
0.938,0.562,1
0.537,0.082,3
0.088,0.808,0
0.013,0.768,0
0.507,0.156,3
0.089,0.743,0
0.047,0.844,0
0.451,0.041,3
0.294,0.508,0
0.284,0.518,0
0.544,0.013,3
0.322,0.534,0
0.559,0.07,3
0.958,0.511,1
0.418,0.691,0
0.96,0.475,2
0.484,0.69,0
0.484,0.073,3
0.979,0.575,4
0.981,0.545,4
0.113,0.851,0
0.282,0.487,0
0.122,0.807,0
0.972,0.558,4
0.976,0.556,4
0.09,0.73,0
0.213,0.482,0
0.22,0.424,0
0.466,0.692,0
0.231,0.479,0
0.211,0.548,0
0.389,0.753,0
0.401,0.715,0
0.249,0.514,0
0.426,0.707,0
0.972,0.599,4
0.133,0.761,0
0.33,0.469,0
0.501,0.032,3
0.352,0.641,0
0.288,0.441,0
0.542,0.109,3
0.105,0.795,0
0.96,0.546,1
0.096,0.773,0
0.029,0.823,0
0.541,0.049,3
0.988,0.55,4
0.526,0.747,0
0.089,0.806,0
0.065,0.774,0
1.02,0.505,2
0.069,0.836,0
0.497,0.756,0
0.946,0.561,1
0.533,0.133,3
0.258,0.452,0
0.582,0.038,3
0.441,0.762,0
1.009,0.425,2
0.231,0.493,0
0.46,0.709,0
0.532,0.047,3
0.474,0.77,0
1.005,0.569,4
0.416,0.665,0
0.012,0.768,0
1.012,0.515,2
0.051,0.766,0
0.431,0.761,0
0.509,0.093,3
0.533,0.028,3
0.46,0.116,3
0.092,0.803,0
0.104,0.714,0
0.038,0.76,0
0.989,0.526,2
0.308,0.534,0
0.915,0.562,1
0.399,0.722,0
0.439,0.798,0
0.924,0.502,1
0.029,0.778,0
0.276,0.47,0
1.021,0.602,4
0.192,0.481,0
0.28,0.442,0
0.419,0.729,0
0.082,0.809,0
0.919,0.489,1
0.989,0.489,2
0.512,0.067,3
0.469,0.74,0
0.032,0.782,0
0.522,0.09,3
0.509,0.695,0
0.446,0.109,3
0.323,0.539,0
0.482,0.007,3
0.322,0.526,0
1.025,0.484,2
0.229,0.519,0
0.407,0.725,0
0.525,0.054,3
0.105,0.718,0
0.452,0.815,0
0.077,0.791,0
0.4,0.734,0
0.187,0.538,0
0.307,0.503,0
0.949,0.548,1
0.482,0.751,0
0.546,0.035,3
0.973,0.547,4
0.319,0.538,0
0.948,0.508,1
0.439,0.124,3
1.035,0.496,2
0.281,0.5,0
0.39,0.73,0
0.279,0.487,0
0.454,0.717,0
0.997,0.531,2
0.518,0.089,3
0.103,0.742,0
0.343,0.465,0
0.236,0.536,0
0.253,0.527,0
0.244,0.516,0
0.956,0.49,2
0.341,0.537,0
0.044,0.793,0
0.392,0.683,0
0.516,0.056,3
0.465,0.659,0
0.956,0.582,4
0.062,0.758,0
0.069,0.737,0
0.278,0.503,0
0.893,0.579,1
0.939,0.553,1
0.492,0.021,3
0.19,0.506,0
0.975,0.563,4
0.239,0.453,0
0.248,0.504,0
0.458,0.086,3
0.099,0.812,0
0.338,0.837,0
0.287,0.548,0
0.454,0.639,0
0.427,0.683,0
0.917,0.486,1
0.966,0.571,4
0.219,0.544,0
0.07,0.832,0
0.505,0.091,3
0.963,0.59,4
0.502,0.716,0
0.417,0.703,0
0.508,0.06,3
0.349,0.494,0
0.065,0.79,0
0.307,0.442,0
0.498,0.738,0
0.538,0.131,3
0.473,0.071,3
0.443,0.742,0
0.395,0.797,0
0.14,0.777,0
0.932,0.523,1
0.544,0.136,3
0.26,0.435,0
0.417,0.036,3
0.978,0.505,2
0.93,0.565,1
0.966,0.532,1
0.254,0.515,0
0.063,0.806,0
1.054,0.504,2
0.109,0.75,0
0.518,0.102,3
0.926,0.574,1
0.515,0.078,3
1.011,0.593,4
0.486,0.66,0
0.968,0.571,4
0.077,0.822,0
0.108,0.772,0
0.213,0.491,0
0.962,0.56,1
0.473,0.144,3
0.507,0.017,3
0.465,0.646,0
0.97,0.508,2
0.05,0.822,0
0.238,0.554,0
0.091,0.806,0
1.018,0.533,2
0.239,0.464,0
0.515,0.029,3
0.483,0.013,3
0.497,0.729,0
0.288,0.539,0
0.186,0.529,0
0.063,0.721,0
0.93,0.586,1
0.417,0.116,3
0.068,0.808,0
0.407,0.668,0
0.381,0.739,0
0.53,0.035,3
0.486,0.091,3
0.57,0.077,3
0.431,0.019,3
0.888,0.634,1
0.155,0.818,0
0.514,0.033,3
0.455,0.773,0
1.033,0.55,4
0.547,0.078,3
0.978,0.504,2
0.465,0.032,3
0.093,0.794,0
0.257,0.472,0
0.38,0.704,0
0.462,0.722,0
0.456,0.718,0
0.469,0.023,3
0.067,0.796,0
0.549,0.123,3
0.242,0.532,0
0.524,0.689,0
0.297,0.538,0
0.197,0.789,0
0.283,0.434,0
0.271,0.474,0
0.468,0.693,0
0.327,0.495,0
0.948,0.517,1
0.296,0.485,0
0.937,0.539,1
0.123,0.744,0
0.007,0.771,0
0.214,0.543,0
0.486,0.034,3
0.107,0.731,0
0.514,0.084,3
0.243,0.542,0
0.382,0.768,0
0.091,0.818,0
0.059,0.78,0
0.423,0.75,0
0.203,0.462,0
0.425,0.057,3
0.975,0.573,4
0.933,0.487,1
1.001,0.537,2
0.488,0.029,3
0.445,0.086,3
0.928,0.447,1
0.405,0.698,0
0.111,0.832,0
0.516,0.116,3
0.299,0.456,0
0.424,0.745,0
0.046,0.821,0
0.434,0.064,3
0.324,0.551,0
0.479,0.081,3
0.954,0.535,1
0.105,0.787,0
0.52,0.039,3
0.476,0.724,0
0.552,0.062,3
0.096,0.812,0
0.234,0.458,0
0.419,0.723,0
0.419,0.783,0
0.452,0.735,0
0.435,0.675,0
0.245,0.522,0
0.465,0.101,3
0.133,0.786,0
0.124,0.798,0
0.015,0.783,0
0.27,0.547,0
0.98,0.5,2
0.986,0.455,2
0.507,0.737,0
0.524,0.117,3
0.14,0.837,0
0.962,0.568,4
0.559,0.128,3
0.935,0.526,1
0.252,0.491,0
0.537,0.035,3
0.126,0.809,0
0.468,0.712,0
0.912,0.479,1
0.607,0.09,3
0.977,0.612,4
0.001,0.84,0
0.475,0.134,3
0.94,0.587,1
0.254,0.53,0
0.944,0.49,1
0.538,0.122,3
0.525,0.717,0
0.412,0.146,3
0.471,0.031,3
0.49,0.058,3
0.19,0.536,0
0.243,0.466,0
0.965,0.631,4
0.981,0.535,2
0.445,0.795,0
0.302,0.52,0
0.503,0.737,0
0.509,0.015,3
0.075,0.755,0
0.471,0.151,3
0.524,0.102,3
0.486,0.054,3
1.022,0.557,4
0.31,0.586,0
0.526,0.009,3
0.428,0.722,0
0.095,0.798,0
0.28,0.435,0
0.029,0.825,0
0.462,0.749,0
0.526,0.022,3
0.435,0.673,0
0.496,0.085,3
0.917,0.57,1
0.407,0.688,0
0.957,0.583,4
0.459,0.696,0
0.418,0.679,0
0.049,0.803,0
0.498,0.069,3
1.012,0.52,2
0.447,0.084,3
0.941,0.588,1
0.496,0.687,0
0.177,0.53,0
0.419,0.778,0
0.228,0.497,0
0.294,0.504,0
0.967,0.458,2
0.422,0.08,3
0.542,0.07,3
0.273,0.46,0
0.974,0.506,2
0.222,0.482,0
0.557,0.124,3
0.522,0.022,3
0.47,0.061,3
0.418,0.79,0
0.96,0.586,4
0.135,0.803,0
0.279,0.505,0
0.476,0.051,3
0.48,0.06,3
0.459,0.145,3
1.012,0.604,4
0.413,0.765,0
1.057,0.622,4
0.982,0.535,2
0.088,0.73,0
0.319,0.533,0
0.446,0.737,0
0.525,0.042,3
0.397,0.724,0
0.527,0.129,3
0.515,0.042,3
0.411,0.712,0
0.559,0.019,3
0.311,0.491,0
0.297,0.461,0
0.927,0.551,1
0.065,0.762,0
0.464,0.074,3
0.963,0.524,1
0.084,0.786,0
0.488,0.722,0
0.321,0.544,0
0.248,0.506,0
0.971,0.49,2
0.476,0.72,0
0.068,0.785,0
0.252,0.504,0
0.138,0.807,0
0.067,0.808,0
0.541,0.063,3
0.371,0.731,0
0.491,0.128,3
0.245,0.51,0
0.989,0.527,2
0.02,0.867,0
0.184,0.803,0
0.309,0.52,0
0.293,0.533,0
0.284,0.454,0
0.06,0.769,0
0.467,0.745,0
0.499,0.726,0
0.454,0.698,0
0.228,0.499,0
0.442,0.766,0
0.459,0.805,0
0.278,0.491,0
0.429,0.755,0
0.228,0.482,0
0.117,0.787,0
0.32,0.502,0
1.009,0.505,2
0.474,0.084,3
0.488,0.062,3
0.224,0.492,0
0.048,0.841,0
0.077,0.875,0
0.446,0.721,0
0.278,0.517,0
0.407,0.715,0
0.329,0.518,0
0.495,0.054,3
0.253,0.481,0
0.123,0.797,0
0.506,0.092,3
0.572,0.082,3
0.146,0.808,0
0.296,0.539,0
0.268,0.452,0
0.133,0.737,0
0.531,0.111,3
0.454,0.67,0
0.538,0.091,3
0.535,0.084,3
0.086,0.765,0
0.988,0.519,2
0.046,0.75,0
0.298,0.527,0
0.487,0.105,3
0.022,0.818,0
0.034,0.761,0
0.512,0.024,3
0.981,0.613,4
0.985,0.552,4
0.315,0.471,0
0.281,0.503,0
0.544,0.044,3
0.313,0.493,0
0.444,0.053,3
0.279,0.481,0
0.526,0.061,3
0.956,0.589,4
0.47,0.715,0
0.051,0.781,0
0.416,0.725,0
0.055,0.804,0
0.413,0.069,3
0.381,0.661,0
0.972,0.556,4
0.49,0.071,3
1.012,0.523,2
0.229,0.496,0
0.046,0.716,0
0.484,0.108,3
0.501,0.822,0
0.239,0.466,0
0.405,0.687,0
0.405,0.814,0
0.265,0.508,0
0.313,0.526,0
1.062,0.521,2
0.987,0.524,2
0.521,0.052,3
0.501,0.073,3
0.086,0.757,0
0.971,0.588,4
0.497,0.08,3
0.093,0.879,0
0.462,0.672,0
0.465,0.692,0
0.568,0.027,3
0.246,0.531,0
0.556,0.09,3
0.331,0.542,0
0.254,0.545,0
0.515,0.053,3
0.436,0.746,0
0.538,0.084,3
0.632,0.054,3
0.518,0.11,3
0.466,0.108,3
0.192,0.756,0
0.489,0.134,3
0.478,0.622,0
0.287,0.503,0
0.351,0.526,0
0.404,0.755,0
0.072,0.747,0
0.396,0.461,0
0.943,0.58,1
0.969,0.51,2
0.443,0.056,3
0.957,0.495,2
0.277,0.466,0
0.99,0.595,4
0.386,0.74,0
0.916,0.532,1
0.417,0.665,0
0.995,0.516,2
0.228,0.515,0
0.042,0.724,0
0.921,0.588,1
1.005,0.539,2
0.227,0.473,0
0.448,0.745,0
0.526,0.065,3
0.496,0.717,0
0.477,0.074,3
0.499,0.752,0
1.049,0.545,4
0.07,0.723,0
0.483,0.692,0
0.397,0.783,0
0.463,0.695,0
0.497,0.033,3
0.472,0.77,0
0.386,0.715,0
0.55,0.023,3
0.479,0.09,3
0.445,0.06,3
0.481,0.098,3
0.513,0.089,3
0.415,0.739,0
0.099,0.72,0
0.238,0.555,0
0.027,0.846,0
0.389,0.657,0
1.049,0.594,4
0.475,0.692,0
0.465,0.138,3
0.983,0.551,4
0.282,0.613,0
0.425,0.74,0
0.294,0.564,0
0.967,0.507,2
0.035,0.791,0
0.058,0.781,0
0.379,0.71,0
0.249,0.51,0
0.199,0.495,0
1.01,0.569,4
0.437,0.641,0
0.218,0.493,0
0.402,0.695,0
0.539,0.031,3
0.983,0.488,2
0.068,0.798,0
0.975,0.574,4
0.382,0.765,0
0.349,0.498,0
0.12,0.742,0
0.436,0.658,0
0.265,0.54,0
0.271,0.536,0
0.002,0.724,0
0.47,0.745,0
0.045,0.72,0
0.259,0.504,0
0.093,0.805,0
1.023,0.489,2
0.536,0.02,3
0.232,0.46,0
0.454,0.06,3
0.447,0.703,0
0.958,0.552,1
0.38,0.765,0
0.452,0.816,0
0.252,0.568,0
0.252,0.491,0
0.427,0.772,0
0.362,0.641,0
0.292,0.592,0
0.437,0.038,3
0.488,0.06,3
0.365,0.455,0
0.43,0.716,0
1.023,0.475,2
0.479,0.595,0
0.255,0.516,0
0.955,0.578,4
0.938,0.568,1
0.977,0.556,4
0.272,0.421,0
0.539,0.054,3
0.14,0.733,0
1.015,0.444,2
0.257,0.556,0
0.028,0.834,0
0.473,0.082,3
0.413,0.706,0
0.433,0.748,0
0.376,0.735,0
0.982,0.477,2
0.111,0.657,0
0.251,0.544,0
0.434,0.694,0
0.058,0.692,0
1.016,0.526,2
0.103,0.777,0
0.254,0.448,0
0.155,0.857,0
0.421,0.772,0
0.27,0.532,0
0.51,0.019,3
0.101,0.773,0
0.389,0.702,0
0.242,0.538,0
0.321,0.454,0
0.415,0.701,0
0.458,0.627,0
0.371,0.505,0
0.091,0.796,0
0.174,0.479,0
0.075,0.81,0
1.005,0.557,4
0.308,0.48,0
0.418,0.683,0
0.984,0.523,2
0.063,0.796,0
0.091,0.743,0
0.314,0.495,0
0.958,0.588,4
0.304,0.462,0
0.388,0.739,0
0.949,0.527,1
1.04,0.597,4
1.022,0.542,4
0.931,0.613,4
0.161,0.823,0
0.048,0.778,0
0.552,0.05,3
0.056,0.761,0
0.524,0.069,3
0.481,0.107,3
0.43,0.739,0
0.458,0.042,3
1.026,0.533,2
0.973,0.551,4
0.262,0.574,0
0.518,0.03,3
1.008,0.521,2
0.537,0.028,3
0.966,0.569,4
1.044,0.588,4
0.209,0.505,0
0.479,0.074,3
0.082,0.776,0
0.256,0.395,0
0.305,0.52,0
0.248,0.458,0
0.071,0.796,0
0.572,0.019,3
0.488,0.068,3
0.44,0.017,3
0.507,0.099,3
0.094,0.762,0
0.948,0.598,4
0.026,0.77,0
1.011,0.51,2
0.068,0.81,0
0.401,0.657,0
0.979,0.585,4
0.434,0.776,0
0.909,0.503,1
0.453,0.112,3
0.433,0.647,0
0.276,0.487,0
0.479,0.802,0
0.49,0.03,3
0.48,0.7,0
0.183,0.501,0
0.491,0.003,3
0.389,0.055,3
0.264,0.501,0
0.456,0.758,0
0.461,0.022,3
0.28,0.517,0
0.498,0.038,3
0.099,0.763,0
0.977,0.508,2
0.498,0.031,3
0.066,0.808,0
0.448,0.717,0
0.441,0.707,0
0.482,0.686,0
0.517,0.135,3
0.912,0.532,1
0.413,0.789,0
1.013,0.538,2
0.024,0.767,0
0.277,0.509,0
0.177,0.827,0
0.939,0.525,1
0.291,0.521,0
0.504,0.129,3
0.063,0.76,0
0.227,0.407,0
0.982,0.49,2
0.093,0.759,0
0.994,0.524,2
0.005,0.795,0
0.166,0.808,0
0.447,0.725,0
0.113,0.774,0
1.028,0.531,2
1.005,0.522,2
0.433,0.698,0
0.484,0.7,0
0.379,0.802,0
0.431,0.65,0
0.463,0.774,0
0.311,0.472,0
0.038,0.789,0
0.418,0.701,0
0.267,0.497,0
0.996,0.532,2
0.538,0.142,3
0.461,0.772,0
0.077,0.789,0
0.026,0.753,0
0.504,0.718,0
0.04,0.728,0
1.022,0.543,4
0.486,0.09,3
0.52,0.024,3
0.084,0.776,0
0.393,0.657,0
0.286,0.554,0
0.987,0.496,2
0.517,0.039,3
0.042,0.802,0
0.432,0.767,0
0.017,0.763,0
0.099,0.829,0
0.48,0.69,0
0.506,0.067,3
0.293,0.539,0
0.246,0.468,0
0.505,0.061,3
0.222,0.527,0
0.09,0.777,0
0.413,0.687,0
0.258,0.482,0
0.286,0.462,0
0.422,0.703,0
0.066,0.734,0
0.303,0.401,0
0.899,0.562,1
0.391,0.763,0
0.496,0.739,0
0.532,0.075,3
0.496,0.058,3
0.057,0.873,0
0.393,0.688,0
1.009,0.508,2
1.009,0.533,2
0.11,0.799,0
0.314,0.566,0
0.257,0.455,0
0.981,0.538,2
0.114,0.856,0
0.087,0.764,0
0.412,0.691,0
0.042,0.791,0
0.284,0.467,0
0.491,0.717,0
0.232,0.581,0
0.943,0.588,1
0.048,0.803,0
0.944,0.501,1
0.411,0.802,0
0.036,0.838,0
0.439,0.723,0
0.434,0.719,0
0.363,0.689,0
0.499,0.091,3
0.416,0.625,0
0.531,0.078,3
0.938,0.514,1
0.451,0.087,3
0.562,0.046,3
0.984,0.591,4
0.24,0.492,0
0.502,0.025,3
0.522,0.082,3
0.06,0.787,0
0.099,0.81,0
0.075,0.763,0
0.942,0.541,1
0.045,0.784,0
0.104,0.834,0
0.06,0.889,0
0.938,0.654,4
0.935,0.52,1
0.086,0.772,0
0.901,0.569,1
0.463,0.645,0
0.279,0.497,0
0.52,0.079,3
1.01,0.492,2
0.368,0.75,0
0.272,0.536,0
0.156,0.796,0
1.042,0.471,2
0.115,0.751,0
0.315,0.478,0
0.409,0.694,0
0.968,0.557,4
0.342,0.694,0
0.037,0.753,0
0.511,0.098,3
0.498,0.664,0
0.465,0.091,3
0.258,0.532,0
1.03,0.592,4
0.451,0.117,3
0.975,0.5,2
0.494,0.12,3
0.272,0.446,0
0.99,0.584,4
1.062,0.555,4
0.279,0.488,0
0.426,0.724,0
0.062,0.727,0
1.01,0.556,4
1.024,0.558,4
0.456,0.727,0
0.283,0.496,0
0.051,0.73,0
0.001,0.825,0
0.238,0.452,0
0.267,0.55,0
0.973,0.55,4
1.026,0.567,4
0.507,0.091,3
0.396,0.75,0
0.447,0.724,0
0.269,0.463,0
1.003,0.549,4
0.506,0.046,3
0.005,0.791,0
1,0.568,4
0.984,0.567,4
0.286,0.551,0
0.411,0.772,0
0.049,0.76,0
0.993,0.562,4
0.289,0.495,0
1.006,0.566,4
0.535,0.088,3
0.238,0.428,0
0.932,0.584,1
0.533,0.048,3
0.458,0.732,0
1.034,0.522,2
0.452,0.096,3
0.972,0.535,1
0.915,0.529,1
0.339,0.497,0
0.985,0.512,2
0.508,0.122,3
0.432,0.747,0
1.076,0.545,2
0.031,0.8,0
0.481,0.021,3
0.986,0.499,2
0.434,0.037,3
1.042,0.538,2
0.982,0.516,2
0.071,0.81,0
0.384,0.749,0
0.306,0.544,0
0.059,0.783,0
0.018,0.817,0
0.235,0.444,0
0.083,0.838,0
0.035,0.749,0
0.019,0.808,0
0.511,0.081,3
0.966,0.59,4
0.329,0.517,0
0.391,0.726,0
0.064,0.761,0
0.341,0.497,0
0.414,0.692,0
0.484,0.733,0
1.012,0.561,4
0.471,0.694,0
0.008,0.762,0
0.436,0.748,0
0.228,0.49,0
0.281,0.565,0
0.48,0.022,3
0.468,0.829,0
0.453,0.712,0
0.214,0.471,0
0.419,0.815,0
0.4,0.717,0
0.53,0.078,3
0.11,0.815,0
0.273,0.547,0
0.251,0.526,0
0.046,0.76,0
0.505,0.073,3
0.505,0.077,3
0.521,0.069,3
0.472,0.626,0
0.467,0.109,3
0.047,0.775,0
0.475,0.741,0
0.891,0.488,1
0.497,0.075,3
0.07,0.714,0
0.481,0.109,3
0.4,0.72,0
0.315,0.529,0
0.057,0.841,0
0.995,0.58,4
0.283,0.508,0
0.378,0.752,0
0.236,0.542,0
0.477,0.071,3
0.994,0.518,2
0.522,0.094,3
0.303,0.528,0
0.51,0.693,0
0.035,0.762,0
0.989,0.611,4
0.194,0.494,0
0.406,0.746,0
0.456,0.698,0
0.98,0.542,4
0.46,0.714,0
0.495,0.064,3
0.509,0.627,0
0.966,0.537,1
0.516,0.081,3
0.419,0.699,0
0.487,0.795,0
0.972,0.57,4
0.061,0.776,0
0.431,0.751,0
0.553,0.098,3
0.458,0.679,0
0.265,0.54,0
0.513,0.069,3
0.111,0.732,0
0.923,0.608,1
0.484,0.045,3
0.119,0.769,0
0.124,0.774,0
0.063,0.768,0
0.07,0.709,0
0.287,0.455,0
0.963,0.47,2
0.274,0.464,0
0.363,0.558,0
0.131,0.81,0
0.282,0.43,0
0.449,0.68,0
0.252,0.476,0
1.011,0.536,2
0.184,0.737,0
0.519,0.117,3
0.498,0.747,0
0.001,0.739,0
0.932,0.528,1
0.272,0.48,0
0.919,0.539,1
0.497,0.75,0
0.342,0.458,0
0.899,0.604,1
0.037,0.725,0
0.19,0.515,0
0.096,0.815,0
0.455,0.742,0
0.263,0.469,0
0.507,0.097,3
0.406,0.731,0
0.243,0.535,0
0.291,0.466,0
0.451,0.625,0
0.332,0.539,0
0.447,0.107,3
0.073,0.828,0
0.588,0.029,3
0.298,0.556,0
0.375,0.718,0
0.245,0.492,0
0.212,0.514,0
0.502,0.019,3
0.972,0.495,2
0.269,0.53,0
0.508,0.035,3
0.247,0.521,0
0.13,0.751,0
0.53,0.107,3
0.312,0.52,0
0.868,0.572,1
0.406,0.795,0
0.499,0.075,3
0.441,0.736,0
0.396,0.735,0
0.351,0.699,0
0.035,0.77,0
0.98,0.605,4
0.045,0.836,0
0.284,0.484,0
0.531,0.093,3
0.913,0.564,1
1.043,0.545,4
0.98,0.57,4
0.298,0.5,0
0.934,0.549,1
0.115,0.735,0
0.556,0.047,3
0.405,0.739,0
0.299,0.478,0
0.453,0.015,3
0.407,0.75,0
0.261,0.46,0
0.11,0.786,0
0.416,0.094,3
0.442,0.71,0
0.52,0.046,3
0.506,0.039,3
0.46,0.016,3
0.263,0.463,0
0.519,0.059,3
0.267,0.445,0
0.258,0.53,0
0.956,0.593,4
0.404,0.791,0
1,0.552,4
0.979,0.603,4
0.023,0.823,0
0.282,0.46,0
0.462,0.068,3
0.451,0.07,3
0.942,0.591,4
0.467,0.735,0
0.387,0.755,0
0.536,0.109,3
0.485,0.01,3
0.25,0.528,0
0.113,0.766,0
0.58,0.058,3
0.46,0.719,0
0.29,0.473,0
0.478,0.731,0
0.554,0.006,3
0.509,0.108,3
0.903,0.528,1
0.122,0.815,0
0.449,0.68,0
1.069,0.47,2
0.981,0.521,2
0.511,0.048,3
0.442,0.725,0
0.48,0.116,3
0.18,0.441,0
0.448,0.668,0
1.035,0.546,4
0.276,0.489,0
0.439,0.779,0
1.022,0.564,4
0.512,0.065,3
0.99,0.463,2
0.554,0.066,3
0.273,0.505,0
0.241,0.442,0
0.48,0.104,3
0.031,0.847,0
0.027,0.803,0
0.205,0.462,0
1.048,0.494,2
0.106,0.753,0
0.955,0.538,1
0.94,0.551,1
0.444,0.022,3
0.458,0.739,0
0.412,0.1,3
0.508,0.106,3
0.309,0.468,0
0.352,0.498,0
0.574,0.136,3
0.262,0.494,0
0.949,0.486,1
0.498,0.083,3
0.465,0.082,3
1.028,0.554,4
0.012,0.742,0
0.453,0.724,0
0.212,0.487,0
0.577,0.108,3
0.286,0.465,0
0.962,0.518,1
0.541,0.043,3
0.301,0.501,0
0.048,0.783,0
0.406,0.769,0
0.013,0.794,0
0.481,0.161,3
0.311,0.53,0
0.492,0.011,3
0.496,0.029,3
1.094,0.548,4
0.457,0.72,0
0.399,0.748,0
0.441,0.743,0
0.246,0.504,0
0.362,0.748,0
0.116,0.719,0
0.491,0.097,3
0.932,0.547,1
0.239,0.511,0
0.022,0.794,0
0.433,0.824,0
0.544,0.076,3
0.328,0.468,0
0.288,0.472,0
0.441,0.728,0
0.96,0.541,1
0.068,0.759,0
0.47,0.703,0
0.909,0.633,1
0.45,0.675,0
0.44,0.717,0
0.541,0.041,3
0.438,0.663,0
0.24,0.45,0
0.46,0.791,0
0.957,0.62,4
0.239,0.505,0
0.5,0.084,3
1.024,0.52,2
0.529,0.038,3
0.978,0.605,4
1.002,0.574,4
0.066,0.791,0
0.48,0.763,0
0.307,0.525,0
0.116,0.774,0
0.547,0.012,3
0.316,0.488,0
0.123,0.811,0
0.132,0.73,0
0.081,0.806,0
0.213,0.558,0
0.041,0.872,0
0.475,0.138,3
1.002,0.528,2
0.07,0.802,0
0.545,0.121,3
0.1,0.715,0
0.098,0.747,0
0.524,0.052,3
0.135,0.775,0
0.966,0.508,2
0.06,0.749,0
0.427,0.747,0
0.055,0.77,0
0.488,0.055,3
0.473,0.635,0
0.004,0.769,0
0.555,0.051,3
0.982,0.555,4
0.11,0.753,0
1.011,0.515,2
0.919,0.494,1
0.302,0.522,0
0.396,0.689,0
0.249,0.465,0
0.394,0.786,0
0.505,0.047,3
0.949,0.571,1
0.445,0.741,0
0.948,0.5,1
0.242,0.504,0
0.436,0.724,0
0.118,0.858,0
0.25,0.488,0
0.281,0.571,0
0.065,0.823,0
0.029,0.727,0
0.526,0.077,3
0.03,0.752,0
0.074,0.79,0
0.471,0.078,3
0.986,0.551,4
0.053,0.764,0
0.47,0.71,0
0.093,0.722,0
0.539,0.092,3
0.025,0.794,0
0.422,0.776,0
0.941,0.535,1
0.458,0.077,3
0.152,0.846,0
0.472,0.059,3
0.492,0.129,3
0.464,0.217,3
0.071,0.724,0
0.466,0.669,0
0.989,0.58,4
0.305,0.464,0
0.446,0.063,3
0.41,0.708,0
0.108,0.753,0
0.845,0.557,1
0.183,0.787,0
0.475,0.175,3
0.929,0.539,1
0.417,0.763,0
0.466,0.74,0
0.259,0.511,0
0.461,0.733,0
0.488,0.089,3
0.103,0.78,0
0.989,0.577,4
0.439,0.715,0
0.057,0.765,0
0.526,0.009,3
0.495,0.044,3
0.404,0.703,0
0.486,0.083,3
0.065,0.778,0
0.077,0.734,0
0.438,0.063,3
0.067,0.792,0
0.022,0.779,0
0.434,0.666,0
0.119,0.73,0
0.284,0.507,0
0.411,0.73,0
0.932,0.62,4
0.503,0.107,3
0.092,0.824,0
0.983,0.582,4
0.048,0.748,0
0.312,0.596,0
0.482,0.733,0
1.005,0.565,4
0.533,0.073,3
0.461,0.072,3
0.416,0.775,0
0.89,0.525,1
0.077,0.768,0
0.959,0.501,1
0.445,0.705,0
0.525,0.04,3
0.385,0.724,0
0.483,0.786,0
0.49,0.785,0
0.542,0.025,3
0.025,0.797,0
0.472,0.766,0
0.531,0.041,3
0.584,0.143,3
0.411,0.026,3
0.097,0.759,0
1.008,0.44,2
0.906,0.478,1
0.414,0.755,0
0.491,0.655,0
0.46,0.688,0
0.391,0.731,0
0.974,0.559,4
0.523,0.035,3
0.291,0.475,0
0.281,0.519,0
0.971,0.495,2
0.977,0.559,4
0.515,0.099,3
0.29,0.468,0
0.117,0.717,0
0.487,0.773,0
0.441,0.686,0
0.489,0.759,0
0.256,0.496,0
0.295,0.526,0
0.211,0.541,0
0.278,0.44,0
0.977,0.517,2
0.98,0.583,4
1.025,0.511,2
0.107,0.753,0
0.487,0.761,0
0.136,0.817,0
0.001,0.786,0
0.284,0.476,0
0.491,0.758,0
0.239,0.492,0
0.481,0.094,3
0.106,0.763,0
0.118,0.801,0
0.477,0.043,3
1.02,0.552,4
0.952,0.552,1
0.463,0.103,3
1.058,0.612,4
0.949,0.587,4
0.48,0.694,0
0.997,0.569,4
0.98,0.586,4
0.4,0.764,0
0.46,0.679,0
0.448,0.689,0
0.941,0.465,1
0.489,0.012,3
0.134,0.808,0
0.479,0.079,3
0.329,0.775,0
0.395,0.716,0
0.16,0.812,0
0.485,0.741,0
0.937,0.617,4
0.1,0.727,0
0.974,0.497,2
0.509,0.041,3
0.483,0.055,3
0.285,0.503,0
0.075,0.741,0
0.551,0.071,3
0.101,0.754,0
0.297,0.451,0
0.259,0.589,0
0.414,0.671,0
0.53,0.07,3
0.973,0.507,2
0.501,0.696,0
1.011,0.614,4
0.047,0.72,0
0.483,0.077,3
0.279,0.46,0
0.486,0.117,3
0.464,0.752,0
0.452,0.031,3
0.228,0.524,0
0.391,0.676,0
0.416,0.724,0
0.379,0.682,0
0.227,0.494,0
0.254,0.412,0
0.453,0.074,3
0.48,0.08,3
0.583,0.031,3
0.471,0.034,3
0.518,0.133,3
0.961,0.629,4
0.468,0.673,0
0.989,0.479,2
0.891,0.57,1
0.511,0.14,3
0.562,0.082,3
0.615,0.062,3
0.245,0.491,0
0.517,0.011,3
0.275,0.476,0
0.318,0.491,0
1.042,0.5,2
0.455,0.102,3
0.898,0.604,1
0.438,0.755,0
0.597,0.069,3
0.973,0.545,4
0.242,0.569,0
0.998,0.477,2
0.491,0.003,3
0.49,0.089,3
0.263,0.527,0
0.995,0.561,4
0.491,0.026,3
0.468,0.742,0
0.052,0.775,0
0.959,0.478,2
0.484,0,3
0.05,0.789,0
0.464,0.083,3
0.463,0.71,0
1.017,0.477,2
0.97,0.459,2
0.968,0.583,4
0.537,0.051,3
0.95,0.542,1
0.125,0.734,0
0.107,0.787,0
0.942,0.603,4
0.424,0.76,0
0.05,0.817,0
0.131,0.743,0
0.073,0.74,0
0.506,0.187,3
0.383,0.734,0
0.333,0.507,0
0.479,0.783,0
0.37,0.684,0
0.976,0.511,2
0.495,0.122,3
0.32,0.463,0
0.522,0.086,3
0.532,0.092,3
0.236,0.514,0
0.522,0.111,3
0.455,0.711,0
1.002,0.479,2
0.478,0.001,3
0.081,0.75,0
0.502,0.042,3
0.265,0.524,0
0.437,0.716,0
0.995,0.542,4
0.555,0.075,3
0.097,0.77,0
0.268,0.455,0
0.54,0.038,3
0.016,0.812,0
0.991,0.58,4
0.113,0.801,0
0.4,0.725,0
0.421,0.687,0
0.427,0.747,0
0.042,0.809,0
0.108,0.789,0
0.145,0.761,0
0.11,0.814,0
0.472,0.718,0
0.471,0.716,0
0.46,0.784,0
0.077,0.8,0
0.497,0.712,0
0.978,0.539,4
0.997,0.6,4
0.283,0.444,0
0.227,0.55,0
0.07,0.785,0
0.318,0.473,0
0.037,0.719,0
0.991,0.553,4
0.484,0.714,0
0.25,0.422,0
0.403,0.684,0
1.028,0.534,2
0.58,0.03,3
0.544,0.012,3
0.981,0.557,4
0.449,0.721,0
0.25,0.471,0
0.966,0.512,2
0.999,0.538,2
0.064,0.766,0
0.01,0.783,0
0.285,0.491,0
0.585,0.006,3
0.973,0.503,2
0.403,0.709,0
0.45,0.079,3
0.474,0.103,3
1,0.446,2
0.435,0.694,0
0.223,0.537,0
0.245,0.498,0
0.992,0.486,2
0.954,0.572,1
0.221,0.505,0
0.996,0.584,4
1.007,0.554,4
0.344,0.72,0
0.058,0.797,0
0.291,0.462,0
0.478,0.683,0
0.489,0.005,3
0.347,0.679,0
0.064,0.775,0
1.009,0.545,4
0.477,0.697,0
0.473,0.636,0
1.014,0.468,2
0.031,0.751,0
0.218,0.453,0
0.482,0.125,3
0.49,0.156,3
1.007,0.51,2
0.942,0.553,1
0.948,0.586,4
0.426,0.02,3
0.238,0.421,0
0.264,0.519,0
0.282,0.438,0
0.546,0.082,3
0.239,0.511,0
1.005,0.499,2
1.012,0.489,2
0.024,0.775,0
0.276,0.485,0
0.449,0.758,0
0.094,0.812,0
0.492,0.026,3
0.974,0.541,1
0.406,0.724,0
0.473,0.749,0
0.486,0.048,3
0.964,0.462,2
0.223,0.521,0
0.495,0.072,3
0.042,0.833,0
0.004,0.788,0
1.077,0.514,2
0.037,0.802,0
0.039,0.739,0
0.546,0.166,3
0.074,0.784,0
0.953,0.731,4
0.284,0.414,0
0.924,0.544,1
0.548,0.032,3
0.273,0.518,0
0.073,0.783,0
0.48,0.1,3
0.413,0.729,0
0.563,0.016,3
0.41,0.788,0
0.052,0.772,0
0.484,0.072,3
0.576,0.119,3
0.192,0.548,0
0.033,0.772,0
0.91,0.559,1
0.537,0.061,3
0.235,0.481,0
0.528,0.041,3
1.007,0.609,4
0.607,0.078,3
0.401,0.767,0
0.521,0.12,3
0.487,0.067,3
0.464,0.777,0
0.311,0.462,0
0.448,0.837,0
0.078,0.778,0
0.518,0.151,3
0.395,0.765,0
0.929,0.494,1
0.014,0.733,0
0.511,0.022,3
0.915,0.457,1
0.297,0.523,0
0.248,0.51,0
0.273,0.506,0
0.119,0.751,0
0.343,0.576,0
0.489,0.728,0
0.387,0.731,0
1.011,0.542,4
0.243,0.539,0
0.443,0.631,0
0.927,0.511,1
0.918,0.47,1
0.929,0.591,1
0.464,0.699,0
0.995,0.578,4
0.285,0.455,0
0.046,0.795,0
0.065,0.773,0
0.942,0.534,1
0.999,0.524,2
0.086,0.766,0
0.462,0.597,0
0.913,0.502,1
0.497,0.01,3
0.918,0.504,1
0.021,0.753,0
0.079,0.759,0
0.417,0.691,0
0.281,0.537,0
0.022,0.722,0
0.518,0.111,3
0.289,0.527,0
0.516,0.049,3
0.223,0.465,0
0.083,0.791,0
0.527,0.001,3
0.406,0.713,0
0.1,0.786,0
0.99,0.547,4
0.994,0.529,2
0.293,0.496,0
0.22,0.488,0
0.409,0.754,0
0.28,0.477,0
0.412,0.805,0
1.044,0.601,4
0.539,0.047,3
0.505,0.094,3
0.057,0.772,0
0.948,0.522,1
1.018,0.571,4
0.077,0.807,0
0.431,0.741,0
0.079,0.768,0
0.302,0.542,0
0.465,0.065,3
0.086,0.822,0
0.514,0.069,3
0.417,0.757,0
0.154,0.522,0
0.099,0.79,0
0.268,0.56,0
0.4,0.755,0
0.897,0.456,1
0.297,0.536,0
1.042,0.518,2
0.512,0.707,0
0.098,0.809,0
0.483,0.043,3
0.992,0.503,2
0.286,0.437,0
0.465,0.727,0
0.488,0.765,0
0.235,0.458,0
0.974,0.572,4
1.021,0.518,2
0.53,0.134,3
0.492,0.133,3
0.444,0.716,0
0.505,0.116,3
0.494,0.126,3
0.136,0.723,0
0.911,0.513,1
0.493,0.057,3
0.272,0.508,0
0.476,0.037,3
0.055,0.728,0
0.232,0.606,0
0.16,0.818,0
0.459,0.065,3
0.308,0.478,0
1.066,0.532,2
1.015,0.546,4
0.131,0.848,0
0.257,0.547,0
0.29,0.535,0
0.401,0.7,0
0.981,0.515,2
0.102,0.689,0
0.072,0.808,0
0.278,0.475,0
0.133,0.798,0
0.492,0.037,3
0.266,0.48,0
0.445,0.735,0
0.284,0.537,0
0.937,0.568,1
0.428,0.727,0
0.928,0.498,1
0.02,0.747,0
0.454,0.031,3
0.296,0.525,0
0.486,0.078,3
1.026,0.632,4
0.164,0.808,0
0.476,0.719,0
0.953,0.477,2
0.316,0.577,0
0.424,0.769,0
0.457,0.077,3
0.527,0.112,3
0.978,0.577,4
0.461,0.691,0
0.963,0.541,1
0.531,0.079,3
0.474,0.06,3
0.479,0.058,3
0.476,0.725,0
0.067,0.819,0
0.211,0.509,0
0.401,0.649,0
0.133,0.787,0
0.234,0.534,0
0.978,0.469,2
0.12,0.828,0
0.465,0.764,0
0.462,0.025,3
0.088,0.767,0
0.926,0.487,1
1.028,0.567,4
0.928,0.555,1
0.526,0.021,3
0.412,0.075,3
0.267,0.508,0
0.356,0.673,0
1.043,0.51,2
0.469,0.09,3
0.47,0.031,3
0.359,0.689,0
0.091,0.771,0
0.528,0.018,3
0.917,0.428,1
0.03,0.774,0
1.008,0.511,2
0.266,0.481,0
0.466,0.747,0
0.13,0.813,0
0.309,0.478,0
0.5,0.105,3
0.482,0.709,0
0.952,0.502,1
0.261,0.473,0
0.098,0.795,0
0.498,0.014,3
0.392,0.714,0
0.062,0.75,0
0.25,0.556,0
0.526,0.037,3
0.906,0.567,1
0.048,0.855,0
0.979,0.526,2
0.481,0.74,0
0.245,0.49,0
0.578,0.049,3
1.077,0.589,4
0.954,0.542,1
0.099,0.813,0
0.101,0.823,0
0.514,0.097,3
0.56,0.067,3
0.01,0.783,0
0.525,0.099,3
1.015,0.516,2
0.417,0.731,0
0.407,0.8,0
0.577,0,3
0.465,0.673,0
0.465,0.668,0
0.377,0.706,0
0.997,0.59,4
0.45,0.753,0
0.369,0.72,0
0.967,0.559,4
0.074,0.715,0
0.288,0.484,0
0.258,0.482,0
0.038,0.822,0
0.219,0.477,0
0.964,0.535,1
0.981,0.566,4
0.041,0.741,0
0.465,0.76,0
0.984,0.516,2
0.491,0.09,3
0.096,0.789,0
1.061,0.502,2
0.884,0.488,1
0.324,0.464,0
0.969,0.48,2
0.097,0.804,0
0.516,0.037,3
0.936,0.591,1
0.48,0.108,3
0.458,0.104,3
0.469,0.771,0
0.338,0.658,0
0.298,0.411,0
0.544,0.097,3
0.035,0.79,0
0.481,0.736,0
0.075,0.789,0
0.414,0.65,0
0.238,0.495,0
0.442,0.012,3
0.501,0.087,3
0.442,0.035,3
0.113,0.806,0
0.552,0.053,3
0.411,0.735,0
0.525,0.136,3
0.392,0.733,0
0.975,0.543,4
0.058,0.768,0
0.992,0.58,4
0.497,0.071,3
0.116,0.696,0
0.555,0.108,3
0.351,0.52,0
0.4,0.698,0
0.152,0.831,0
0.56,0.053,3
0.287,0.505,0
0.095,0.82,0
0.502,0.073,3
0.406,0.787,0
0.978,0.567,4
0.498,0.076,3
0.519,0.116,3
0.046,0.802,0
0.887,0.544,1
0.23,0.49,0
0.224,0.63,0
0.978,0.543,4
0.106,0.834,0
0.374,0.731,0
0.372,0.717,0
0.11,0.823,0
0.052,0.798,0
0.957,0.563,1
0.479,0.155,3
0.242,0.551,0
1.022,0.484,2
0.416,0.063,3
0.466,0.727,0
0.415,0.731,0
0.389,0.69,0
0.467,0.091,3
0.461,0.089,3
0.353,0.729,0
0.985,0.512,2
0.262,0.584,0
0.454,0.805,0
0.274,0.571,0
0.432,0.644,0
0.236,0.536,0
0.547,0.735,0
0.312,0.517,0
0.471,0.162,3
0.246,0.586,0
1.061,0.588,4
0.428,0.711,0
0.525,0.082,3
0.224,0.473,0
0.432,0.702,0
0.031,0.774,0
0.232,0.466,0
0.409,0.707,0
0.304,0.521,0
0.909,0.463,1
1.035,0.568,4
0.065,0.772,0
0.1,0.783,0
0.072,0.819,0
0.053,0.83,0
0.57,0.055,3
0.476,0.071,3
0.498,0.118,3
0.089,0.768,0
0.514,0.036,3
0.092,0.787,0
0.551,0.077,3
0.412,0.679,0
0.432,0.092,3
1.012,0.532,2
0.532,0.022,3
0.469,0.051,3
0.083,0.804,0
0.205,0.512,0
0.112,0.729,0
0.145,0.789,0
0.011,0.767,0
0.969,0.606,4
0.269,0.543,0
0.393,0.716,0
0.975,0.525,2
0.454,0.75,0
0.279,0.403,0
0.913,0.598,1
0.263,0.514,0
0.288,0.451,0
0.441,0.77,0
0.026,0.714,0
0.521,0.054,3
0.508,0.694,0
0.415,0.668,0
0.515,0.087,3
0.203,0.513,0
0.5,0.057,3
0.47,0.708,0
0.488,0.004,3
0.975,0.549,4
0.248,0.495,0
0.967,0.547,1
0.295,0.449,0
0.252,0.464,0
0.035,0.815,0
0.419,0.04,3
0.259,0.474,0
0.421,0.715,0
0.405,0.739,0
0.511,0.053,3
1.013,0.554,4
0.533,0.047,3
0.254,0.49,0
0.495,0.744,0
0.026,0.81,0
0.035,0.788,0
0.931,0.517,1
0.244,0.536,0
0.02,0.754,0
0.035,0.835,0
0.502,0.141,3
0.973,0.555,4
0.145,0.778,0
0.482,0.732,0
0.883,0.497,1
0.071,0.773,0
0.995,0.565,4
0.501,0.07,3
0.463,0.118,3
0.997,0.558,4
0.236,0.463,0
0.045,0.773,0
0.47,0.672,0
0.025,0.795,0
0.453,0.672,0
0.293,0.46,0
0.26,0.406,0
0.492,0.729,0
1.034,0.454,2
0.186,0.432,0
0.434,0.748,0
1.013,0.485,2
0.038,0.862,0
0.987,0.595,4
0.467,0.013,3
0.022,0.81,0
0.445,0.754,0
0.211,0.52,0
0.119,0.812,0
0.455,0.068,3
0.24,0.467,0
0.414,0.718,0
0.957,0.52,1
0.302,0.495,0
0.097,0.747,0
0.941,0.493,1
0.241,0.546,0
0.924,0.558,1
0.261,0.443,0
0.044,0.793,0
0.985,0.548,4
0.427,0.799,0
0.502,0.091,3
0.402,0.775,0
0.316,0.508,0
0.415,0.731,0
0.065,0.772,0
0.918,0.507,1
1.093,0.44,2
0.181,0.529,0
0.109,0.706,0
0.291,0.526,0
0.421,0.686,0
0.581,0.095,3
0.997,0.574,4
0.975,0.511,2
0.086,0.756,0
0.277,0.552,0
0.05,0.769,0
0.516,0.046,3
0.425,0.71,0
0.033,0.75,0
0.439,0.729,0
0.384,0.705,0
0.268,0.522,0
0.449,0.105,3
0.128,0.861,0
0.467,0.746,0
0.413,0.747,0
0.509,0.087,3
0.001,0.776,0
0.952,0.633,4
0.887,0.55,1
0.001,0.846,0
0.455,0.062,3
0.546,0.06,3
0.092,0.829,0
0.444,0.68,0
0.395,0.665,0
0.461,0.058,3
0.258,0.521,0
0.476,0.677,0
0.983,0.521,2
0.07,0.769,0
0.277,0.427,0
0.456,0.653,0
0.478,0.69,0
0.236,0.521,0
0.227,0.446,0
1.006,0.504,2
0.26,0.528,0
0.251,0.5,0
1.041,0.564,4
0.979,0.526,2
0.526,0.099,3
0.134,0.781,0
0.382,0.717,0
0.509,0.06,3
0.438,0.757,0
0.087,0.793,0
0.019,0.776,0
1.045,0.423,2
0.096,0.843,0
0.359,0.717,0
0.972,0.537,1
0.212,0.413,0
1.021,0.593,4
0.987,0.522,2
0.47,0.749,0
0.02,0.798,0
0.533,0.013,3
0.063,0.84,0
0.255,0.392,0
0.423,0.709,0
0.023,0.797,0
0,0.665,0
0.028,0.808,0
0.944,0.568,1
0.981,0.564,4
0.059,0.765,0
0.428,0.676,0
0.241,0.469,0
0.236,0.527,0
0.971,0.536,1
0.272,0.469,0
1.015,0.413,2
0.363,0.55,0
0.345,0.696,0
0.997,0.518,2
0.251,0.514,0
0.396,0.741,0
0.047,0.823,0
0.033,0.73,0
0.264,0.488,0
0.478,0.057,3
0.111,0.858,0
0.063,0.934,0
0.234,0.471,0
0.115,0.788,0
0.939,0.557,1
0.012,0.818,0
0.983,0.515,2
0.521,0.055,3
0.991,0.587,4
0.56,0.062,3
0.946,0.527,1
0.983,0.51,2
0.632,0.084,3
0.982,0.484,2
0.973,0.517,2
0.96,0.447,2
1.011,0.526,2
0.099,0.774,0
0.505,0.128,3
0.077,0.806,0
0.381,0.713,0
0.445,0.092,3
0.929,0.544,1
0.974,0.502,2
0.323,0.527,0
0.445,0.663,0
0.148,0.727,0
0.489,0.809,0
0.511,0.079,3
0.302,0.523,0
0.426,0.739,0
0.412,0.682,0
0.913,0.564,1
0.428,0.709,0
0.045,0.82,0
1.087,0.514,2
0.276,0.537,0
0.097,0.804,0
0.102,0.787,0
0.499,0.719,0
0.238,0.504,0
0.566,0.029,3
0.481,0.047,3
0.976,0.515,2
0.987,0.49,2
0.268,0.509,0
0.233,0.442,0
0.09,0.765,0
0.999,0.528,2
0.301,0.483,0
0.97,0.521,2
0.241,0.493,0
0.289,0.528,0
0.992,0.57,4
1.012,0.498,2
0.975,0.626,4
0.262,0.462,0
0.225,0.495,0
0.972,0.486,2
0.472,0.095,3
0.497,0.037,3
1.046,0.569,4
0.478,0.095,3
0.979,0.525,2
0.488,0.015,3
0.55,0.01,3
0.488,0.062,3
0.966,0.635,4
0.558,0.06,3
0.463,0.733,0
1.111,0.518,2
0.242,0.488,0
0.372,0.707,0
1.025,0.461,2
0.096,0.741,0
0.06,0.818,0
0.552,0.048,3
0.08,0.779,0
0.454,0.097,3
0.245,0.479,0
0.537,0.09,3
0.989,0.53,2
0.448,0.701,0
0.535,0.072,3
0.314,0.55,0
0.918,0.579,1
0.932,0.546,1
0.095,0.776,0
0.058,0.822,0
0.935,0.513,1
0.477,0.711,0
0.985,0.534,2
0.391,0.726,0
0.087,0.691,0
0.254,0.471,0
0.919,0.523,1
0.449,0.763,0
0.973,0.529,2
0.279,0.499,0
0.301,0.549,0
0.558,0.02,3
0.523,0.133,3
0.995,0.551,4
0.44,0.715,0
0.529,0.659,0
0.435,0.697,0
0.448,0.06,3
0.454,0.117,3
0.252,0.47,0
0.492,0.057,3
0.977,0.532,2
1.019,0.527,2
0.986,0.523,2
0.446,0.713,0
1.067,0.526,2
0.391,0.003,3
0.272,0.605,0
0.241,0.517,0
0.514,0.154,3
0.053,0.783,0
0.399,0.73,0
0.467,0.706,0
0.332,0.67,0
0.51,0.128,3
0.508,0.128,3
0.96,0.551,1
0.987,0.531,2
1.019,0.579,4
0.067,0.764,0
1.019,0.559,4
0.275,0.485,0
1.01,0.603,4
1.024,0.574,4
0.978,0.59,4
0.029,0.726,0
0.089,0.833,0
0.993,0.55,4
0.076,0.814,0
0.476,0.135,3
1.043,0.531,2
0.982,0.559,4
0.406,0.795,0
0.508,0.128,3
0.32,0.539,0
0.257,0.528,0
0.483,0.017,3
0.469,0.055,3
0.441,0.704,0
0.285,0.589,0
0.484,0.746,0
0.889,0.586,1
0.473,0.06,3
0.056,0.876,0
0.488,0.085,3
0.974,0.518,2
0.075,0.761,0
0.459,0.041,3
1.027,0.533,2
0.207,0.528,0
0.583,0.037,3
0.989,0.487,2
0.458,0.074,3
0.468,0.103,3
0.252,0.512,0
0.54,0.063,3
0.499,0.041,3
0.374,0.698,0
0.39,0.673,0
0.995,0.565,4
0.298,0.469,0
0.401,0.715,0
0.078,0.746,0
0.414,0.76,0
0.967,0.63,4
0.473,0.719,0
0.058,0.822,0
1.047,0.567,4
0.53,0.102,3
0.445,0.673,0
0.513,0.034,3
0.325,0.449,0
0.242,0.499,0
0.401,0.681,0
0.529,0.096,3
0.306,0.457,0
0.447,0.688,0
0.073,0.863,0
0.134,0.794,0
0.977,0.546,4
0.451,0.739,0
0.528,0.017,3
0.282,0.488,0
0.456,0.71,0
0.28,0.507,0
0.258,0.497,0
0.423,0.68,0
0.993,0.546,4
0.416,0.646,0
0.117,0.757,0
0.513,0.703,0
0.077,0.799,0
0.507,0.135,3
0.226,0.505,0
0.432,0.764,0
0.095,0.784,0
0.094,0.8,0
0.243,0.493,0
0.253,0.481,0
0.112,0.777,0
0.058,0.747,0
0.497,0.048,3
0.062,0.78,0
0.043,0.823,0
0.346,0.505,0
0.922,0.534,1
0.255,0.466,0
0.103,0.713,0
0.481,0.723,0
0.392,0.75,0
0.976,0.587,4
0.485,0.089,3
0.124,0.783,0
0.916,0.514,1
0.106,0.794,0
0.247,0.423,0
0.237,0.518,0
1.027,0.568,4
0.038,0.776,0
0.501,0.108,3
0.228,0.575,0
0.948,0.575,1
0.549,0.057,3
0.368,0.711,0
0.561,0.085,3
0.098,0.783,0
0.422,0.762,0
0.094,0.81,0
0.44,0.693,0
0.143,0.78,0
0.499,0.107,3
0.277,0.488,0
0.447,0.706,0
0.144,0.793,0
0.515,0.128,3
0.276,0.475,0
0.527,0.08,3
0.29,0.467,0
0.03,0.739,0
0.996,0.494,2
0.374,0.488,0
0.477,0.753,0
0.224,0.517,0
0.479,0.073,3
0.449,0.709,0
0.429,0.634,0
0.415,0.641,0
0.495,0.049,3
0.456,0.112,3
0.274,0.501,0
0.485,0.042,3
0.209,0.517,0
0.437,0.665,0
0.457,0.124,3
0.115,0.738,0
0.527,0.025,3
0.94,0.442,2
0.44,0.733,0
0.502,0.068,3
0.488,0.725,0
0.539,0.082,3
0.486,0.762,0
0.492,0.057,3
0.52,0.095,3
0.973,0.505,2
0.057,0.718,0
0.255,0.561,0
0.516,0.088,3
0.489,0.051,3
0.121,0.835,0
0.428,0.693,0
0.162,0.505,0
0.557,0.1,3
0.002,0.789,0
0.448,0.672,0
0.461,0.076,3
0.18,0.499,0
0.312,0.497,0
1.023,0.643,4
0.492,0.163,3
0.487,0.1,3
0.103,0.737,0
0.89,0.521,1
0.979,0.57,4
0.489,0.727,0
0.109,0.78,0
0.28,0.488,0
0.196,0.494,0
0.25,0.588,0
1.059,0.533,2
0.994,0.495,2
0.54,0.063,3
0.294,0.479,0
0.413,0.709,0
0.273,0.54,0
0.537,0.072,3
0.369,0.548,0
0.043,0.813,0
0.241,0.567,0
0.409,0.701,0
0.986,0.511,2
0.112,0.814,0
0.195,0.534,0
0.307,0.769,0
1.004,0.536,2
0.25,0.41,0
0.443,0.677,0
0.438,0.749,0
1.027,0.615,4
0.527,0.079,3
0.484,0.721,0
1.038,0.502,2
0.548,0.07,3
0.258,0.552,0
0.535,0.053,3
1.004,0.567,4
0.447,0.787,0
0.461,0.714,0
0.275,0.513,0
0.243,0.47,0
0.496,0.138,3
0.432,0.1,3
0.234,0.459,0
0.934,0.553,1
0.502,0.736,0
0.488,0.697,0
0.362,0.482,0
0.445,0.064,3
0.073,0.835,0
0.466,0.742,0
0.192,0.437,0
0.502,0.027,3
0.222,0.514,0
0.122,0.82,0
0.038,0.743,0
0.107,0.736,0
0.495,0.057,3
0.976,0.585,4
0.204,0.47,0
0.337,0.569,0
0.212,0.466,0
0.445,0.721,0
1.017,0.526,2
0.296,0.465,0
0.455,0.108,3
0.527,0.093,3
0.931,0.531,1
0.97,0.559,4
1.022,0.576,4
1.023,0.596,4
0.262,0.45,0
0.179,0.479,0
0.42,0.148,3
0.407,0.71,0
0.091,0.761,0
0.222,0.505,0
0.036,0.749,0
0.233,0.518,0
0.985,0.524,2
0.93,0.56,1
0.261,0.477,0
0.951,0.53,1
0.982,0.544,4
0.207,0.483,0
0.083,0.758,0
0.538,0.08,3
0.454,0.064,3
0.11,0.781,0
1.043,0.593,4
0.47,0.146,3
0.078,0.748,0
0.439,0.711,0
0.456,0.09,3
0.264,0.458,0
0.989,0.502,2
0.239,0.487,0
0.459,0.121,3
0.266,0.461,0
0.913,0.571,1
0.388,0.707,0
0.929,0.544,1
1.055,0.579,4
0.981,0.521,2
0.888,0.534,1
0.275,0.501,0
0.527,0.042,3
0.515,0.704,0
0.334,0.478,0
0.429,0.117,3
0.027,0.741,0
0.522,0.704,0
1.024,0.544,4
0.274,0.457,0
0.063,0.812,0
0.093,0.743,0
1.066,0.614,4
0.295,0.466,0
0.571,0.066,3
0.231,0.491,0
1.043,0.513,2
0.491,0.725,0
0.981,0.582,4
0.998,0.583,4
0.486,0.781,0
0.985,0.584,4
0.065,0.734,0
0.924,0.506,1
0.517,0.757,0
0.103,0.827,0
0.508,0.11,3
0.493,0.762,0
0.291,0.537,0
0.944,0.585,1
0.314,0.518,0
0.44,0.697,0
0.394,0.727,0
0.367,0.734,0
0.256,0.497,0
0.478,0.099,3
0.085,0.835,0
0.478,0.058,3
0.291,0.442,0
0.441,0.032,3
0.11,0.791,0
0.433,0.708,0
0.555,0.084,3
0.277,0.518,0
0.946,0.543,1
0.201,0.52,0
0.523,0.114,3
1.003,0.512,2
0.492,0.744,0
0.447,0.084,3
0.189,0.542,0
0.517,0.692,0
0.091,0.831,0
0.245,0.555,0
0.08,0.736,0
0.121,0.728,0
0.029,0.851,0
0.48,0.051,3
0.078,0.842,0
0.098,0.77,0
0.249,0.419,0
0.523,0.092,3
0.247,0.533,0
0.495,0.683,0
0.491,0.1,3
0.108,0.805,0
0.127,0.717,0
0.111,0.794,0
0.436,0.768,0
0.926,0.457,1
0.366,0.732,0
0.215,0.52,0
0.551,0.098,3
0.427,0.107,3
0.457,0.157,3
1.003,0.543,4
0.223,0.524,0
0.961,0.461,2
0.074,0.753,0
0.534,0.099,3
0.454,0.697,0
0.944,0.544,1
0.979,0.528,2
0.475,0.033,3
0.444,0.68,0
1.024,0.574,4
0.408,0.73,0
0.497,0.039,3
0.299,0.478,0
0.542,0.06,3
0.003,0.805,0
0.004,0.799,0
0.525,0.042,3
0.963,0.514,1
0.918,0.495,1
0.491,0.044,3
0.146,0.805,0
0.3,0.52,0
0.907,0.544,1
0.488,0.108,3
0.218,0.45,0
0.111,0.762,0
0.481,0.027,3
0.287,0.504,0
0.421,0.729,0
0.927,0.591,1
1.023,0.489,2
0.262,0.498,0
0.306,0.48,0
0.016,0.787,0
0.483,0.783,0
0.523,0.005,3
0.577,0.112,3
0.454,0.012,3
0.269,0.481,0
0.455,0.65,0
0.556,0.045,3
0.095,0.771,0
0.098,0.784,0
0.481,0.783,0
0.099,0.755,0
0.057,0.86,0
0.394,0.7,0
0.259,0.488,0
0.973,0.563,4
0.261,0.487,0
0.998,0.507,2
0.114,0.786,0
0.938,0.519,1
0.994,0.533,2
0.449,0.698,0
1.007,0.507,2
0.478,0.022,3
0.518,0.131,3
0.132,0.73,0
0.972,0.61,4
0.094,0.74,0
0.085,0.758,0
0.341,0.433,0
0.473,0.741,0
0.007,0.807,0
0.457,0.751,0
0.451,0.718,0
0.419,0.689,0
0.208,0.487,0
0.987,0.537,2
0.456,0.142,3
1.023,0.503,2
0.516,0.058,3
0.244,0.469,0
0.1,0.773,0
0.485,0.655,0
0.994,0.496,2
1.045,0.599,4
0.053,0.781,0
0.476,0.703,0
0.986,0.534,2
0.452,0.709,0
0.11,0.761,0
0.003,0.736,0
0.585,0.147,3
0.139,0.864,0
0.544,0.104,3
0.207,0.517,0
0.529,0.092,3
0.469,0.058,3
0.455,0.132,3
0.287,0.458,0
0.997,0.528,2
0.471,0.017,3
0.48,0.748,0
1.034,0.572,4
0.447,0.679,0
0.256,0.55,0
0.479,0.113,3
0.492,0.754,0
0.24,0.541,0
0.453,0.061,3
0.503,0.744,0
0.99,0.563,4
0.277,0.436,0
0.324,0.445,0
0.995,0.59,4
0.127,0.773,0
0.255,0.453,0
0.418,0.796,0
0.434,0.128,3
0.466,0.032,3
0.297,0.526,0
0.51,0.774,0
0.289,0.476,0
0.435,0.744,0
0.321,0.531,0
0.95,0.581,4
0.451,0.051,3
1.041,0.524,2
0.383,0.781,0
0.061,0.744,0
0.464,0.75,0
0.541,0.726,0
0.085,0.728,0
0.467,0.662,0
0.524,0.009,3
0.41,0.714,0
0.032,0.767,0
0.236,0.415,0
0.212,0.481,0
0.269,0.57,0
0.504,0.043,3
0.383,0.678,0
0.447,0.714,0
1.051,0.596,4
0.267,0.532,0
0.277,0.55,0
0.254,0.472,0
0.037,0.848,0
0.199,0.554,0
0.487,0.076,3
0.434,0.699,0
0.979,0.592,4
0.457,0.774,0
0.508,0.042,3
0.444,0.724,0
0.476,0.081,3
0.967,0.508,2
0.271,0.486,0
0.062,0.784,0
0.446,0.048,3
1.027,0.526,2
0.473,0.705,0
0.449,0.637,0
0.251,0.497,0
0.404,0.75,0
0.465,0.672,0
0.523,0.076,3
0.075,0.805,0
0.484,0.074,3
0.286,0.537,0
1.004,0.56,4
0.488,0.718,0
0.518,0.081,3
0.423,0.708,0
0.007,0.699,0
1.019,0.591,4
0.887,0.584,1
0.378,0.799,0
0.372,0.724,0
0.489,0.083,3
0.031,0.838,0
0.491,0.091,3
0.536,0.055,3
1.023,0.542,4
0.309,0.52,0
0.289,0.522,0
0.565,0.024,3
1.059,0.556,4
0.018,0.757,0
0.091,0.811,0
0.095,0.745,0
0.49,0.739,0
0.392,0.715,0
1.005,0.465,2
0.495,0.05,3
0.548,0.058,3
0.149,0.738,0
0.967,0.582,4
0.287,0.547,0
0.911,0.53,1
0.054,0.838,0
0.422,0.728,0
0.087,0.727,0
0.45,0.614,0
0.511,0.144,3
0.47,0.061,3
0.447,0.14,3
0.499,0.144,3
0.46,0.672,0
0.913,0.493,1
0.056,0.853,0
0.131,0.798,0
1.011,0.6,4
0.98,0.519,2
0.099,0.753,0
0.098,0.787,0
0.38,0.765,0
0.331,0.529,0
1.028,0.497,2
0.098,0.743,0
0.327,0.78,0
0.532,0.049,3
0.984,0.541,4
0.04,0.828,0
0.113,0.803,0
0.479,0.028,3
0.069,0.798,0
0.062,0.772,0
0.106,0.819,0
0.044,0.817,0
0.037,0.771,0
0.385,0.762,0
1.034,0.522,2
0.455,0.692,0
0.106,0.824,0
0.97,0.508,2
0.199,0.421,0
0.489,0.74,0
0.96,0.507,1
0.481,0.068,3
0.524,0.092,3
0.064,0.762,0
0.497,0.09,3
0.114,0.713,0
0.099,0.768,0
0.953,0.595,4
1.003,0.518,2
0.992,0.527,2
0.533,0.009,3
0.505,0.06,3
0.321,0.54,0
0.163,0.762,0
0.469,0.736,0
0.264,0.529,0
0.098,0.777,0
0.252,0.449,0
0.251,0.497,0
1.045,0.573,4
0.123,0.81,0
0.39,0.742,0
0.924,0.506,1
0.396,0.766,0
0.514,0.061,3
0.941,0.579,1
0.462,0.07,3
0.056,0.822,0
0.426,0.832,0
0.31,0.54,0
0.248,0.499,0
0.064,0.836,0
0.084,0.747,0
1.037,0.542,2
0.96,0.549,1
0.512,0.118,3
0.471,0.7,0
0.484,0.831,0
0.947,0.544,1
0.522,0.04,3
0.095,0.796,0
0.108,0.737,0
0.075,0.77,0
0.987,0.566,4
0.047,0.772,0
0.53,0.1,3
0.494,0.034,3
0.06,0.781,0
0.072,0.738,0
0.245,0.483,0
0.011,0.876,0
0.057,0.764,0
0.524,0.067,3
0.033,0.679,0
0.083,0.733,0
0.513,0.057,3
0.086,0.771,0
0.493,0.045,3
0.496,0.696,0
0.047,0.802,0
0.321,0.472,0
0.979,0.553,4
0.072,0.724,0
0.425,0.673,0
0.421,0.705,0
0.973,0.537,1
0.492,0.115,3
0.36,0.449,0
0.251,0.429,0
0.16,0.83,0
0.915,0.628,1
0.494,0.038,3
0.115,0.827,0
0.258,0.521,0
0.491,0.639,0
0.038,0.763,0
0.499,0.04,3
0.227,0.521,0
0.496,0.096,3
0.26,0.576,0
0.477,0.11,3
0.548,0.094,3
1,0.521,2
0.963,0.572,4
1.009,0.485,2
0.235,0.433,0
0.538,0.017,3
0.428,0.746,0
0.394,0.744,0
0.238,0.441,0
1.006,0.576,4
0.502,0.124,3
0.433,0.799,0
0.246,0.511,0
0.068,0.729,0
0.306,0.496,0
0.434,0.755,0
0.953,0.587,4
0.048,0.744,0
1.023,0.536,2
0.429,0.77,0
0.294,0.448,0
0.517,0.102,3
0.461,0.734,0
0.186,0.504,0
0.054,0.742,0
0.985,0.513,2
0.218,0.506,0
0.988,0.544,4
1.077,0.506,2
0.44,0.774,0
0.293,0.492,0
0.055,0.769,0
0.247,0.509,0
0.498,0.028,3
1.025,0.599,4
0.943,0.526,1
0.414,0.677,0
0.421,0.681,0
0.292,0.467,0
0.983,0.591,4
0.935,0.471,1
0.951,0.575,1
0.097,0.734,0
0.413,0.706,0
0.529,0.006,3
0.55,0.063,3
0.402,0.739,0
0.271,0.412,0
0.332,0.527,0
0.25,0.562,0
0.069,0.768,0
0.222,0.515,0
0.503,0.746,0
0.03,0.742,0
0.051,0.844,0
0.049,0.763,0
0.521,0.063,3
0.259,0.518,0
0.481,0.06,3
0.072,0.807,0
0.296,0.487,0
0.292,0.595,0
0.561,0.072,3
0.393,0.779,0
0.223,0.484,0
0.315,0.453,0
0.309,0.467,0
0.469,0.034,3
0.512,0.07,3
0.598,0.044,3
0.255,0.513,0
0.105,0.857,0
0.48,0.101,3
0.543,0.085,3
0.071,0.728,0
0.895,0.56,1
0.962,0.601,4
0.5,0.712,0
0.503,0.124,3
0.483,0.776,0
0.395,0.744,0
0.574,0.144,3
0.482,0.698,0
0.264,0.53,0
0.484,0.691,0
0.422,0.059,3
0.411,0.784,0
0.509,0.128,3
0.473,0.681,0
1.043,0.529,2
0.287,0.49,0
0.38,0.734,0
0.142,0.793,0
0.419,0.728,0
0.247,0.521,0
0.974,0.575,4
0.085,0.719,0
0.929,0.507,1
0.487,0.74,0
0.219,0.561,0
0.586,0.058,3
0.107,0.782,0
0.426,0.722,0
0.913,0.484,1
0.46,0.709,0
0.083,0.783,0
0.512,0.083,3
0.274,0.463,0
0.952,0.549,1
0.452,0.043,3
0.501,0.051,3
0.345,0.773,0
0.512,0.062,3
0.471,0.016,3
0.293,0.493,0
0.098,0.808,0
0.018,0.792,0
0.109,0.77,0
0.29,0.492,0
0.459,0.73,0
0.594,0.02,3
0.426,0.683,0
0.265,0.534,0
0.993,0.522,2
0.495,0.036,3
1.037,0.567,4
0.107,0.75,0
0.437,0.745,0
0.36,0.781,0
0.255,0.477,0
0.224,0.531,0
1.066,0.555,4
0.473,0.07,3
0.291,0.46,0
0.508,0.66,0
0.502,0.056,3
0.938,0.494,1
0.04,0.776,0
0.502,0.089,3
0.177,0.84,0
0.526,0.081,3
0.429,0.731,0
0.023,0.791,0
0.504,0.06,3
0.311,0.552,0
0.96,0.613,4
0.495,0.724,0
0.032,0.676,0
0.536,0.032,3
0.272,0.491,0
0.322,0.445,0
0.352,0.73,0
0.957,0.531,1
0.431,0.722,0
0.423,0.712,0
0.108,0.767,0
0.522,0.075,3
0.083,0.747,0
0.406,0.691,0
0.382,0.737,0
0.341,0.112,3
0.512,0.696,0
0.051,0.823,0
0.939,0.501,1
0.048,0.799,0
0.313,0.487,0
0.401,0.746,0
0.477,0.116,3
0.923,0.506,1
0.41,0.653,0
0.234,0.466,0
0.334,0.505,0
0.028,0.847,0
0.439,0.018,3
0.996,0.429,2
0.049,0.822,0
0.066,0.691,0
0.005,0.781,0
0.266,0.509,0
0.428,0.77,0
0.443,0.803,0
0.471,0.733,0
0.264,0.483,0
0.976,0.483,2
0.45,0.112,3
0.226,0.53,0
0.471,0.093,3
0.501,0.072,3
0.446,0.734,0
0.118,0.866,0
0.552,0.094,3
0.907,0.6,1
0.469,0.713,0
0.452,0.089,3
0.48,0.078,3
0.239,0.49,0
0.334,0.511,0
0.232,0.487,0
0.884,0.528,1
0.476,0.759,0
0.082,0.726,0
0.425,0.726,0
0.976,0.494,2
0.506,0.137,3
0.562,0.036,3
0.312,0.453,0
0.069,0.797,0
0.499,0.072,3
0.284,0.547,0
0.225,0.48,0
0.972,0.516,2
0.608,0.093,3
0.448,0.734,0
0.07,0.845,0
0.981,0.594,4
0.033,0.775,0
0.52,0.112,3
0.29,0.518,0
0.08,0.806,0
0.492,0.753,0
0.495,0.021,3
0.503,0.087,3
0.283,0.531,0
0.982,0.596,4
0.997,0.567,4
0.472,0.802,0
0.056,0.791,0
0.248,0.453,0
0.493,0.038,3
0.465,0.709,0
0.388,0.736,0
0.461,0.736,0
0.105,0.702,0
0.474,0.114,3
0.998,0.526,2
0.905,0.582,1
0.03,0.8,0
0.447,0.689,0
0.54,0.091,3
0.465,0.752,0
0.957,0.6,4
0.28,0.514,0
0.43,0.682,0
0.034,0.78,0
0.128,0.813,0
0.096,0.794,0
0.527,0.077,3
0.506,0.658,0
0.493,0.008,3
0.989,0.551,4
0.057,0.746,0
0.591,0.038,3
0.081,0.778,0
0.402,0.756,0
0.429,0.709,0
0.292,0.447,0
0.381,0.67,0
0.235,0.51,0
1.018,0.48,2
1.002,0.479,2
0.507,0.063,3
0.289,0.526,0
0.024,0.819,0
0.074,0.752,0
0.257,0.509,0
0.439,0.088,3
0.016,0.772,0
0.464,0.055,3
0.051,0.816,0
0.054,0.811,0
0.06,0.807,0
0.296,0.557,0
0.311,0.434,0
0.306,0.546,0
0.402,0.706,0
0.381,0.523,0
0.04,0.81,0
1.087,0.534,2
0.31,0.482,0
0.075,0.745,0
0.508,0.75,0
0.004,0.789,0
0.504,0.085,3
0.979,0.486,2
0.432,0.064,3
0.196,0.504,0
0.225,0.518,0
0.327,0.55,0
0.281,0.507,0
0.121,0.781,0
0.443,0.092,3
0.997,0.599,4
1.028,0.524,2
0.104,0.824,0
0.465,0.707,0
0.216,0.483,0
0.002,0.769,0
0.475,0.122,3
0.356,0.745,0
0.454,0.724,0
0.052,0.776,0
0.052,0.772,0
0.219,0.501,0
0.275,0.535,0
0.045,0.751,0
0.364,0.71,0
1.001,0.549,4
0.489,0.102,3
0.264,0.528,0
0.356,0.513,0
0.456,0.71,0
0.978,0.559,4
1.02,0.564,4
0.968,0.485,2
0.941,0.558,1
1.027,0.553,4
1.03,0.537,2
0.525,0.094,3
0.449,0.088,3
0.515,0.007,3
0.289,0.478,0
0.407,0.687,0
0.3,0.443,0
0.554,0.174,3
1.002,0.501,2
0.099,0.75,0
0.967,0.529,1
0.476,0.731,0
0.531,0.01,3
0.96,0.537,1
0.306,0.481,0
0.972,0.549,4
1.043,0.529,2
1.028,0.573,4
0.346,0.516,0
0.218,0.475,0
0.279,0.491,0
0.471,0.723,0
0.07,0.763,0
0.507,0.044,3
1.022,0.562,4
0.482,0.107,3
0.269,0.428,0
0.407,0.727,0
0.446,0.762,0
0.297,0.5,0
0.088,0.766,0
0.957,0.529,1
0.493,0.069,3
0.451,0.696,0
0.491,0.732,0
0.255,0.5,0
0.472,0.067,3
0.431,0.662,0
0.475,0.726,0
0.974,0.534,1
0.509,0.062,3
0.062,0.787,0
0.97,0.555,4
0.46,0.101,3
0.495,0.089,3
0.992,0.528,2
0.46,0.709,0
0.51,0.086,3
0.427,0.705,0
0.464,0.141,3
0.168,0.768,0
0.997,0.576,4
0.464,0.788,0
0.25,0.467,0
0.501,0.036,3
0.068,0.809,0
0.102,0.818,0
0.428,0.791,0
0.939,0.534,1
0.1,0.84,0
0.094,0.799,0
0.213,0.533,0
0.46,0.731,0
0.047,0.71,0
0.951,0.562,1
0.42,0.7,0
0.494,0.732,0
0.958,0.561,1
0.526,0.011,3
0.995,0.548,4
0.092,0.809,0
0.299,0.461,0
0.473,0.686,0
0.559,0.052,3
0.257,0.513,0
0.015,0.792,0
0.403,0.692,0
0.492,0.813,0
0.377,0.662,0
0.249,0.488,0
0.947,0.487,1
0.228,0.464,0
0.227,0.505,0
0.441,0.03,3
0.959,0.535,1
0.083,0.742,0
0.551,0.063,3
0.931,0.558,1
0.461,0.714,0
0.475,0.746,0
0.507,0.129,3
0.944,0.551,1
0.269,0.407,0
0.263,0.422,0
0.087,0.799,0
0.516,0.102,3
0.251,0.502,0
0.993,0.519,2
0.31,0.487,0
0.994,0.535,2
0.017,0.731,0
0.51,0.08,3
0.446,0.72,0
0.505,0.115,3
0.511,0.717,0
0.244,0.477,0
0.251,0.511,0
0.089,0.79,0
0.065,0.761,0
0.059,0.773,0
0.477,0.798,0
0.129,0.77,0
0.54,0.082,3
0.44,0.759,0
0.051,0.782,0
0.263,0.534,0
0.484,0.08,3
0.28,0.508,0
0.09,0.738,0
0.491,0.07,3
0.476,0.763,0
0.095,0.803,0
0.471,0.715,0
0.527,0.106,3
0.02,0.756,0
0.455,0.72,0
0.012,0.812,0
0.98,0.559,4
0.513,0.018,3
0.479,0.131,3
0.482,0.712,0
0.022,0.837,0
0.231,0.467,0
0.481,0.7,0
0.168,0.487,0
0.251,0.518,0
0.939,0.468,1
0.492,0.029,3
0.511,0.038,3
0.051,0.777,0
0.237,0.583,0
1.044,0.598,4
0.533,0.002,3
0.489,0.054,3
0.462,0.749,0
0.088,0.74,0
0.517,0.05,3
0.483,0.101,3
0.394,0.06,3
0.05,0.844,0
0.403,0.717,0
0.31,0.465,0
0.229,0.47,0
0.543,0.046,3
0.529,0.039,3
0.316,0.502,0
0.307,0.486,0
0.315,0.511,0
1.048,0.5,2
0.32,0.512,0
0.27,0.558,0
0.273,0.46,0
0.432,0.762,0
1.004,0.576,4
0.379,0.804,0
0.215,0.485,0
0.442,0.742,0
0.279,0.549,0
0.202,0.502,0
0.249,0.564,0
0.324,0.444,0
0.242,0.46,0
0.288,0.526,0
0.994,0.561,4
1.045,0.529,2
0.037,0.825,0
0.113,0.824,0
0.49,0.74,0
1.032,0.541,2
0.541,0.047,3
0.995,0.542,4
0.26,0.457,0
0.502,0.097,3
0.264,0.547,0
0.482,0.114,3
0.445,0.729,0
0.483,0.006,3
0.312,0.516,0
0.477,0.052,3
0.102,0.83,0
0.406,0.711,0
0.416,0.767,0
0.495,0.057,3
0.552,0.051,3
0.443,0.687,0
1.001,0.553,4
0.069,0.805,0
0.281,0.503,0
0.987,0.576,4
0.99,0.581,4
0.498,0.131,3
0.224,0.495,0
0.214,0.398,0
0.261,0.497,0
1.04,0.515,2
0.572,0.072,3
0.506,0.046,3
0.461,0.716,0
0.988,0.515,2
1.008,0.596,4
0.278,0.525,0
0.048,0.818,0
0.393,0.706,0
0.453,0.727,0
0.309,0.595,0
0.525,0.73,0
0.382,0.69,0
0.437,0.713,0
0.054,0.791,0
0.491,0.097,3
0.302,0.532,0
0.265,0.49,0
0.506,0.048,3
0.093,0.76,0
0.965,0.56,4
0.371,0.737,0
0.142,0.81,0
0.034,0.864,0
0.283,0.539,0
1.01,0.572,4
0.533,0.094,3
0.442,0.714,0
0.435,0.701,0
0.528,0.048,3
0.903,0.478,1
0.543,0.068,3
0.222,0.513,0
0.546,0.133,3
0.521,0.128,3
0.481,0.045,3
0.071,0.743,0
0.199,0.479,0
0.03,0.742,0
0.94,0.422,2
0.295,0.486,0
0.002,0.815,0
0.967,0.583,4
0.291,0.506,0
0.22,0.514,0
0.32,0.534,0
0.881,0.56,1
0.046,0.732,0
0.31,0.515,0
1.063,0.584,4
0.111,0.756,0
0.272,0.506,0
0.103,0.74,0
0.506,0.124,3
0.492,0.038,3
0.552,0.096,3
0.872,0.529,1
0.47,0.084,3
0.49,0.077,3
1.01,0.544,4
0.043,0.787,0
0.047,0.748,0
0.514,0.099,3
0.408,0.692,0
0.296,0.509,0
0.234,0.493,0
0.234,0.523,0
0.252,0.482,0
0.469,0.072,3
0.926,0.554,1
0.535,0.151,3
0.271,0.51,0
0.271,0.445,0
0.086,0.898,0
1.005,0.549,4
0.484,0.058,3
0.927,0.571,1
0.44,0.663,0
0.458,0.713,0
0.986,0.576,4
0.078,0.854,0
0.442,0.708,0
1.011,0.598,4
0.478,0.091,3
0.028,0.821,0
0.577,0.14,3
1.06,0.558,4
0.197,0.496,0
0.49,0.094,3
0.477,0.036,3
0.493,0.722,0
0.282,0.548,0
0.238,0.459,0
0.967,0.505,2
0.586,0.074,3
0.41,0.68,0
1.015,0.508,2
0.464,0.068,3
0.466,0.082,3
0.465,0.72,0
0.991,0.538,2
0.307,0.475,0
0.213,0.525,0
1.007,0.566,4
0.05,0.766,0
0.059,0.799,0
0.214,0.573,0
0.445,0.724,0
0.224,0.531,0
0.912,0.575,1
0.259,0.503,0
0.105,0.81,0
0.073,0.817,0
0.33,0.519,0
0.094,0.834,0
0.405,0.708,0
0.237,0.502,0
0.408,0.67,0
0.012,0.807,0
0.309,0.503,0
0.531,0.064,3
0.03,0.764,0
0.25,0.508,0
0.94,0.561,1
1.069,0.515,2
0.527,0.079,3
0.05,0.748,0
0.469,0.027,3
0.33,0.5,0
0,0.813,0
0.039,0.869,0
0.524,0.067,3
0.518,0.067,3
0.998,0.514,2
0.13,0.752,0
0.561,0.037,3
0.262,0.493,0
0.558,0.055,3
0.518,0.714,0
0.512,0.787,0
0.884,0.592,1
0.099,0.73,0
0.283,0.536,0
0.004,0.81,0
0.243,0.461,0
0.247,0.511,0
0.377,0.735,0
0.543,0.074,3
0.56,0.016,3
0.982,0.553,4
0.445,0.685,0
0.982,0.534,2
0.99,0.512,2
0.443,0.747,0
0.573,0.041,3
0.418,0.693,0
0.433,0.763,0
0.461,0.07,3
0.453,0.667,0
0.086,0.761,0
0.247,0.497,0
0.474,0.064,3
1.006,0.522,2
0,0.819,0
0.42,0.737,0
1.014,0.569,4
0.893,0.554,1
0.426,0.683,0
0.244,0.469,0
0.476,0.026,3
0.41,0.731,0
0.55,0.105,3
0.084,0.752,0
0.466,0.085,3
0.521,0.75,0
0.049,0.819,0
1.007,0.564,4
0.266,0.458,0
0.59,0.132,3
0.089,0.75,0
0.089,0.794,0
0.938,0.513,1
0.378,0.679,0
0.11,0.833,0
0.299,0.5,0
0.987,0.54,4
0.504,0.723,0
0.207,0.476,0
0.353,0.719,0
0.909,0.555,1
0.399,0.024,3
0.961,0.584,4
0.283,0.445,0
0.292,0.527,0
0.298,0.543,0
0.525,0.022,3
0.291,0.456,0
0.529,0.061,3
0.109,0.8,0
0.501,0.149,3
0.95,0.637,4
0.448,0.628,0
0.237,0.477,0
0.301,0.479,0
0.3,0.538,0
0.449,0.036,3
0.436,0.647,0
0.028,0.682,0
0.955,0.555,1
0.941,0.524,1
0.036,0.717,0
0.118,0.769,0
0.469,0.069,3
0.408,0.752,0
0.083,0.705,0
0.495,0.12,3
0.33,0.485,0
0.402,0.739,0
0.362,0.647,0
0.221,0.451,0
0.231,0.475,0
0.093,0.826,0
0.551,0.117,3
0.092,0.772,0
0.438,0.663,0
0.414,0.732,0
0.527,0.079,3
0.456,0.704,0
0.031,0.787,0
0.54,0.062,3
0.054,0.774,0
0.478,0.092,3
0.982,0.565,4
0.512,0.037,3
0.039,0.73,0
0.215,0.5,0
0.548,0.038,3
0.454,0.754,0
0.25,0.525,0
0.922,0.543,1
0.325,0.555,0
0.49,0.077,3
0.149,0.775,0
0.504,0.016,3
0.289,0.485,0
0.944,0.502,1
0.504,0.766,0
0.043,0.787,0
0.986,0.586,4
0.541,0.681,0
0.272,0.505,0
0.139,0.758,0
0.044,0.817,0
1.012,0.51,2
0.978,0.526,2
0.926,0.525,1
0.491,0.207,3
0.467,0.651,0
0.084,0.771,0
0.445,0.121,3
0.966,0.596,4
0.417,0.725,0
0.519,0.117,3
0.519,0.109,3
0.409,0.731,0
1.072,0.553,4
0.038,0.894,0
0.409,0.731,0
0.43,0.7,0
0.042,0.765,0
0.252,0.496,0
0.078,0.796,0
0.462,0.705,0
0.109,0.849,0
0.063,0.77,0
0.027,0.785,0
0.368,0.682,0
0.075,0.778,0
0.472,0.718,0
0.074,0.749,0
0.041,0.76,0
0.274,0.505,0
0.239,0.542,0
0.519,0.01,3
0.03,0.771,0
0.327,0.46,0
0.196,0.533,0
0.064,0.794,0
1.024,0.506,2
0.236,0.516,0
0.986,0.596,4
0.236,0.501,0
0.38,0.767,0
0.262,0.554,0
0.432,0.773,0
0.118,0.779,0
0.096,0.802,0
0.475,0.028,3
0.51,0.052,3
0.486,0.116,3
0.123,0.746,0
0.414,0.765,0
0.42,0.053,3
0.484,0.038,3
0.982,0.538,2
0.105,0.781,0
0.495,0.066,3
0.14,0.816,0
0.307,0.484,0
0.072,0.751,0
0.57,0.078,3
0.945,0.549,1
0.983,0.536,2
1.048,0.437,2
0.098,0.723,0
0.463,0.702,0
0.53,0.05,3
0.29,0.583,0
0.321,0.531,0
0.114,0.764,0
0.493,0.029,3
0.362,0.539,0
0.38,0.66,0
0.094,0.789,0
0.447,0.734,0
0.112,0.817,0
0.195,0.507,0
0.497,0.07,3
0.45,0.761,0
0.385,0.671,0
1.043,0.571,4
1.054,0.519,2
0.259,0.436,0
0.452,0.113,3
0.247,0.526,0
0.464,0.077,3
0.976,0.511,2
0.468,0.683,0
0.449,0.679,0
0.262,0.448,0
0.293,0.472,0
0.429,0.695,0
0.974,0.51,2
0.412,0.146,3
0.474,0.049,3
0.288,0.459,0
0.262,0.384,0
0.002,0.708,0
0.458,0.004,3
0.444,0.718,0
0.438,0.078,3
0.955,0.619,4
0.059,0.901,0
0.461,0.04,3
0.501,0.045,3
0.476,0.639,0
0.881,0.578,1
1.047,0.531,2
0.52,0.705,0
0.276,0.477,0
0.25,0.494,0
0.278,0.461,0
0.437,0.713,0
0.419,0.028,3
0.34,0.505,0
0.303,0.516,0
0.635,0.107,3
0.449,0.013,3
0.089,0.796,0
0.499,0.769,0
0.281,0.466,0
0.499,0.027,3
0.208,0.516,0
0.494,0.727,0
0.047,0.74,0
0.983,0.579,4
0.975,0.6,4
0.287,0.463,0
0.099,0.806,0
0.137,0.789,0
1,0.621,4
0.986,0.53,2
0.961,0.526,1
0.494,0.003,3
0.511,0.049,3
0.301,0.581,0
0.889,0.491,1
0.267,0.427,0
0.155,0.766,0
0.449,0.718,0
0.469,0.711,0
0.253,0.47,0
0.489,0.785,0
0.31,0.5,0
0.566,0.05,3
1.003,0.553,4
0.966,0.481,2
0.454,0.126,3
0.484,0.712,0
0.42,0.707,0
0.365,0.515,0
0.064,0.77,0
0.242,0.468,0
1.005,0.581,4
0.466,0.761,0
0.511,0.12,3
0.493,0.054,3
0.492,0.063,3
0.486,0.11,3
0.221,0.591,0
0.545,0.015,3
0.347,0.523,0
0.444,0.766,0
0.53,0.115,3
0.516,0.019,3
0.535,0.124,3
0.025,0.804,0
0.44,0.119,3
0.026,0.831,0
1.004,0.524,2
0.074,0.792,0
0.959,0.501,1
0.537,0.068,3
0.533,0.053,3
1.023,0.501,2
1.001,0.592,4
0.29,0.604,0
0.465,0.052,3
0.508,0.094,3
0.917,0.504,1
0.476,0.086,3
0.453,0.74,0
0.566,0.031,3
0.034,0.804,0
0.446,0.748,0
0.067,0.762,0
0.933,0.509,1
0.459,0.793,0
0.196,0.481,0
0.134,0.844,0
0.495,0.097,3
0.539,0.106,3
0.11,0.76,0
0.129,0.786,0
0.077,0.699,0
0.492,0.114,3
0.941,0.598,4
0.205,0.489,0
0.448,0.741,0
1.036,0.506,2
0.245,0.48,0
0.99,0.482,2
0.411,0.698,0
0.071,0.872,0
0.275,0.448,0
0.455,0.684,0
0.256,0.546,0
0.23,0.462,0
0.967,0.417,2
0.54,0.004,3
0.46,0.804,0
0.273,0.485,0
0.459,0.818,0
1.001,0.519,2
1.006,0.452,2
0.132,0.833,0
0.282,0.495,0
0.319,0.492,0
0.482,0.73,0
0.458,0.747,0
0.144,0.819,0
0.964,0.552,1
0.227,0.435,0
0.462,0.034,3
0.401,0.721,0
0.398,0.721,0
0.095,0.822,0
0.405,0.717,0
0.013,0.806,0
0.09,0.787,0
0.26,0.473,0
0.293,0.503,0
0.971,0.571,4
0.336,0.546,0
0.276,0.473,0
0.557,0.128,3
0.066,0.757,0
0.993,0.479,2
0.258,0.543,0
0.429,0.69,0
0.227,0.548,0
0.016,0.738,0
0.933,0.546,1
0.962,0.543,1
0.422,0.14,3
0.559,0.071,3
0.49,0.738,0
0.476,0.76,0
0.047,0.834,0
0.331,0.551,0
1.02,0.495,2
0.992,0.485,2
0.907,0.563,1
0.28,0.511,0
0.4,0.727,0
0.308,0.5,0
0.525,0.105,3
0.518,0.059,3
0.017,0.745,0
0.266,0.539,0
0.078,0.807,0
1.047,0.486,2
0.981,0.555,4
0.444,0.635,0
0.957,0.531,1
0.093,0.811,0
0.507,0.12,3
0.061,0.781,0
0.213,0.472,0
0.946,0.533,1
0.458,0.118,3
0.49,0.757,0
0.515,0.738,0
0.488,0.084,3
0.485,0.684,0
0.13,0.778,0
0.286,0.522,0
1.056,0.568,4
0.28,0.52,0
0.091,0.824,0
0.41,0.722,0
0.464,0.74,0
0.561,0.046,3
0.958,0.514,1
0.48,0.662,0
0.252,0.518,0
0.439,0.678,0
0.491,0.155,3
0.971,0.569,4
0.077,0.682,0
0.006,0.828,0
0.987,0.491,2
0.226,0.625,0
1.015,0.503,2
0.525,0.095,3
0.948,0.445,2
0.439,0.767,0
0.107,0.745,0
0.021,0.798,0
0.258,0.505,0
0.499,0.689,0
0.541,0.024,3
0.25,0.426,0
0.446,0.728,0
0.505,0.125,3
0.043,0.8,0
0.083,0.73,0
0.442,0.107,3
0.281,0.486,0
0.452,0.778,0
0.038,0.801,0
0.253,0.516,0
0.064,0.82,0
0.442,0.789,0
0.323,0.428,0
0.255,0.533,0
0.493,0.099,3
0.484,0.026,3
0.475,0.176,3
0.93,0.557,1
0.292,0.548,0
0.391,0.724,0
0.287,0.498,0
0.092,0.798,0
0.978,0.55,4
0.943,0.488,1
1.039,0.551,4
0.48,0.066,3
0.28,0.474,0
0.961,0.585,4
0.456,0.742,0
0.281,0.498,0
0.012,0.836,0
0.98,0.48,2
0.432,0.672,0
0.119,0.76,0
0.916,0.54,1
0.116,0.776,0
0.342,0.449,0
0.393,0.773,0
0.291,0.488,0
0.052,0.751,0
0.966,0.548,1
0.271,0.461,0
0.027,0.766,0
0.071,0.802,0
0.588,0.093,3
0.295,0.507,0
0.509,0.107,3
0.09,0.827,0
0.886,0.496,1
0.308,0.551,0
0.327,0.497,0
0.52,0.019,3
1.041,0.506,2
0.037,0.818,0
0.555,0.76,0
0.041,0.801,0
0.008,0.814,0
0.403,0.75,0
0.479,0.195,3
0.488,0.639,0
0.161,0.831,0
0.444,0.064,3
0.26,0.525,0
0.437,0.1,3
0.371,0.723,0
0.262,0.42,0
0.065,0.842,0
0.559,0.059,3
0.055,0.82,0
0.53,0.097,3
0.409,0.111,3
0.41,0.033,3
0.303,0.546,0
0.071,0.789,0
1.002,0.508,2
0.02,0.779,0
0.442,0.794,0
0.982,0.532,2
0.47,0.114,3
0.373,0.723,0
0.463,0.077,3
0.447,0.746,0
0.49,0.058,3
0.418,0.667,0
0.276,0.402,0
0.978,0.482,2
0.109,0.74,0
0.977,0.491,2
0.005,0.693,0
0.98,0.559,4
0.253,0.493,0
0.487,0.125,3
0.995,0.474,2
0.22,0.492,0
1.029,0.484,2
0.471,0.121,3
0.418,0.756,0
0.113,0.82,0
0.271,0.503,0
0.065,0.695,0
0.056,0.777,0
0.322,0.561,0
0.261,0.422,0
0.233,0.527,0
0.229,0.525,0
0.463,0.707,0
0.541,0.027,3
0.549,0.095,3
0.456,0.034,3
0.344,0.494,0
0.963,0.581,4
0.263,0.496,0
0.31,0.535,0
0.048,0.726,0
0.14,0.762,0
0.968,0.525,1
0.305,0.485,0
0.235,0.566,0
0.17,0.492,0
0.437,0.012,3
0.962,0.547,1
0.93,0.492,1
0.41,0.057,3
0.348,0.722,0
0.457,0.079,3
0.288,0.498,0
0.95,0.513,1
0.977,0.613,4
0.935,0.433,2
0.27,0.495,0
0.303,0.492,0
0.495,0.683,0
0.258,0.519,0
0.364,0.499,0
0.099,0.747,0
0.952,0.479,2
0.559,0.061,3
0.391,0.763,0
0.502,0.062,3
1.013,0.572,4
0.964,0.551,1
0.93,0.543,1
0.472,0.749,0
0.485,0.759,0
0.539,0.122,3
0.492,0.089,3
0.332,0.483,0
0.104,0.734,0
0.123,0.722,0
0.436,0.663,0
0.419,0.705,0
0.351,0.729,0
0.215,0.461,0
0.423,0.645,0
0.052,0.756,0
0.547,0.754,0
0.439,0.702,0
0.54,0.045,3
0.975,0.486,2
0.293,0.54,0
0.139,0.754,0
0.399,0.78,0
0.291,0.602,0
0.873,0.558,1
0.131,0.721,0
0.455,0.001,3
0.03,0.744,0
0.305,0.499,0
0.379,0.704,0
0.407,0.718,0
0.071,0.777,0
0.524,0.068,3
0.085,0.793,0
0.35,0.465,0
0.993,0.587,4
0.423,0.69,0
0.978,0.491,2
0.479,0.088,3
0.28,0.444,0
0.261,0.531,0
0.5,0.757,0
0.189,0.532,0
0.53,0.042,3
1.026,0.516,2
0.475,0.759,0
0.264,0.476,0
0.108,0.754,0
0.285,0.469,0
0.971,0.561,4
0.072,0.809,0
0.461,0.732,0
0.265,0.45,0
0.284,0.553,0
0.409,0.724,0
0.03,0.765,0
0.917,0.567,1
0.532,0.042,3
0.035,0.818,0
0.97,0.492,2
0.891,0.526,1
0.082,0.785,0
0.527,0.092,3
0.078,0.797,0
0.393,0.734,0
0.013,0.736,0
0.466,0.673,0
0.161,0.539,0
0.06,0.761,0
0.114,0.722,0
0.966,0.521,1
0.043,0.822,0
0.065,0.733,0
0.495,0.076,3
0.496,0.731,0
0.09,0.668,0
0.06,0.803,0
0.229,0.456,0
0.516,0.095,3
1.061,0.615,4
0.043,0.734,0
0.301,0.511,0
0.483,0.101,3
0.294,0.592,0
0.273,0.544,0
0.035,0.755,0
0.487,0.085,3
0.455,0.748,0
0.96,0.544,1
1.048,0.456,2
0.14,0.782,0
0.212,0.526,0
0.054,0.752,0
0.985,0.562,4
0.276,0.403,0
1.013,0.559,4
0.96,0.577,4
1.035,0.504,2
0.083,0.784,0
0.938,0.555,1
1.034,0.452,2
1.029,0.475,2
0.954,0.472,2
0.501,0.057,3
0.422,0.765,0
0.444,0.705,0
0.072,0.709,0
0.412,0.722,0
0.469,0.695,0
0.422,0.708,0
0.063,0.696,0
0.383,0.701,0
0.481,0.042,3
0.029,0.71,0
0.056,0.834,0
0.323,0.532,0
0.546,0.026,3
1.018,0.551,4
0.452,0.668,0
0.488,0.04,3
0.174,0.506,0
0.289,0.464,0
0.376,0.689,0
0.52,0,3
0.121,0.739,0
0.43,0.045,3
0.392,0.772,0
0.424,0.706,0
0.075,0.758,0
0.983,0.541,4
0.271,0.488,0
0.483,0.013,3
0.049,0.832,0
0.97,0.55,4
0.4,0.752,0
0.477,0.087,3
0.085,0.721,0
0.943,0.513,1
0.975,0.48,2
0.53,0.034,3
0.147,0.831,0
0.084,0.766,0
0.24,0.515,0
0.119,0.788,0
0.252,0.498,0
0.38,0.639,0
0.502,0.059,3
0.092,0.845,0
0.47,0.057,3
0.455,0.053,3
0.257,0.429,0
0.981,0.528,2
1.016,0.475,2
0.374,0.739,0
0.321,0.513,0
0.428,0.709,0
0.489,0.028,3
0.161,0.814,0
0.433,0.696,0
0.442,0.722,0
0.963,0.523,1
0.252,0.393,0
0.282,0.486,0
0.295,0.552,0
0.464,0.094,3
0.462,0.089,3
0.228,0.458,0
0.427,0.122,3
0.93,0.524,1
0.5,0.754,0
0.032,0.725,0
0.432,0.712,0
0.078,0.741,0
0.213,0.575,0
0.07,0.78,0
0.476,0.093,3
0.089,0.862,0
0.275,0.593,0
1.027,0.443,2
0.981,0.552,4
0.438,0.721,0
0.101,0.825,0
0.986,0.591,4
0.453,0.732,0
0.026,0.752,0
0.517,0.687,0
1.018,0.546,4
0.099,0.771,0
0.492,0.077,3
0.424,0.682,0
0.277,0.516,0
0.477,0.753,0
0.034,0.694,0
0.432,0.749,0
0.565,0.015,3
0.429,0.782,0
0.048,0.74,0
0.212,0.492,0
0.953,0.554,1
0.223,0.535,0
0.993,0.6,4
0.472,0.073,3
0.441,0.768,0
0.067,0.718,0
0.935,0.51,1
0.046,0.784,0
0.934,0.545,1
0.455,0.067,3
1.032,0.519,2
0.098,0.741,0
0.109,0.726,0
0.07,0.796,0
0.524,0.672,0
0.322,0.467,0
0.082,0.794,0
0.111,0.767,0
0.303,0.495,0
0.268,0.486,0
0.014,0.799,0
0.067,0.76,0
0.957,0.573,4
0.116,0.852,0
0.515,0.053,3
0.155,0.434,0
0.497,0.669,0
0.51,0.027,3
0.414,0.742,0
0.515,0.033,3
0.499,0.025,3
0.394,0.691,0
0.441,0.697,0
0.892,0.492,1
0.264,0.414,0
0.454,0.718,0
0.926,0.589,1
0.541,0.125,3
0.966,0.471,2
0.501,0.039,3
0.419,0.758,0
0.507,0.022,3
0.474,0.772,0
0.299,0.479,0
0.312,0.581,0
0.472,0.756,0
0.981,0.516,2
1.017,0.526,2
0.461,0.066,3
0.223,0.409,0
0.05,0.802,0
0.537,0.093,3
0.123,0.874,0
0.517,0.054,3
1.029,0.571,4
0.448,0.846,0
0.068,0.746,0
0.059,0.852,0
1.056,0.461,2
0.458,0.755,0
0.906,0.485,1
0.47,0.721,0
0.052,0.761,0
0.479,0.096,3
0.053,0.79,0
0.99,0.614,4
0.281,0.512,0
0.389,0.738,0
0.434,0.063,3
0.987,0.592,4
0.488,0.727,0
0.949,0.541,1
0.926,0.547,1
0.283,0.528,0
0.294,0.564,0
1.055,0.553,4
0.428,0.721,0
0.414,0.694,0
0.403,0.704,0
0.236,0.519,0
0.438,0.696,0
1.033,0.613,4
0.242,0.558,0
0.54,0.074,3
0.94,0.479,1
0.094,0.858,0
0.103,0.782,0
0.161,0.788,0
0.38,0.794,0
0.546,0.717,0
0.465,0.684,0
0.48,0.713,0
0.487,0.746,0
0.322,0.547,0
1.001,0.548,4
0.079,0.715,0
0.262,0.439,0
1.009,0.572,4
0.033,0.793,0
0.298,0.473,0
0.405,0.083,3
0.278,0.485,0
0.976,0.534,2
0.489,0.731,0
0.983,0.468,2
0.548,0.074,3
0.446,0.707,0
0.22,0.492,0
0.881,0.5,1
0.298,0.501,0
0.501,0.715,0
0.266,0.522,0
0.5,0.733,0
0.417,0.699,0
0.981,0.538,2
0.079,0.668,0
0.215,0.461,0
0.11,0.794,0
0.374,0.766,0
0.458,0.137,3
0.512,0.066,3
1.063,0.595,4
0.461,0.019,3
0.401,0.737,0
0.285,0.535,0
0.432,0.773,0
0.263,0.537,0
0.979,0.501,2
1.01,0.552,4
0.51,0.097,3
0.237,0.485,0
0.278,0.517,0
0.026,0.793,0
0.501,0.056,3
0.251,0.518,0
0.281,0.488,0
0.065,0.743,0
0.123,0.763,0
0.511,0.07,3
0.038,0.788,0
0.037,0.764,0
0.572,0.076,3
0.094,0.74,0
0.5,0.744,0
0.967,0.457,2
0.54,0.055,3
0.495,0.022,3
0.998,0.49,2
0.236,0.562,0
0.259,0.54,0
0.081,0.74,0
0.51,0.089,3
0.415,0.655,0
0.089,0.711,0
0.544,0.064,3
0.558,0.061,3
0.969,0.542,1
0.511,0.702,0
0.31,0.44,0
1,0.596,4
0.45,0.077,3
0.068,0.804,0
0.253,0.545,0
0.083,0.786,0
0.482,0.091,3
1.013,0.567,4
0.978,0.53,2
0.443,0.708,0
0.469,0.05,3
0.507,0.099,3
0.224,0.459,0
0.917,0.53,1
0.526,0.074,3
0.497,0.033,3
0.941,0.566,1
0.415,0.83,0
0.057,0.824,0
0.415,0.726,0
0.523,0.037,3
0.994,0.514,2
1.014,0.539,2
0.078,0.729,0
0.469,0.091,3
0.043,0.741,0
0.564,0.013,3
0.964,0.546,1
0.439,0.141,3
0.979,0.458,2
0.485,0.094,3
0.249,0.53,0
0.406,0.787,0
0.059,0.696,0
0.103,0.825,0
0.478,0.718,0
0.036,0.79,0
0.236,0.516,0
0.524,0.099,3
0.409,0.775,0
0.069,0.736,0
0.376,0.734,0
0.273,0.486,0
0.066,0.773,0
0.428,0.711,0
0.537,0.036,3
0.365,0.492,0
0.434,0.076,3
0.899,0.555,1
0.519,0.637,0
0.068,0.801,0
0.11,0.792,0
0.459,0.108,3
0.056,0.691,0
1.002,0.506,2
0.469,0.105,3
0.099,0.805,0
0.538,0.112,3
0.491,0.062,3
0.244,0.55,0
0.04,0.793,0
0.35,0.443,0
0.121,0.782,0
0.43,0.7,0
0.422,0.67,0
0.425,0.71,0
0.071,0.661,0
0.497,0.086,3
0.482,0.058,3
0.261,0.459,0
0.267,0.556,0
0.046,0.795,0
0.496,0.685,0
0.468,0.706,0
0.929,0.523,1
0.305,0.504,0
0.34,0.501,0
0.953,0.535,1
0.418,0.76,0
0.057,0.748,0
0.479,0.128,3
0.238,0.53,0
0.509,0.021,3
1,0.517,2
0.094,0.831,0
0.085,0.79,0
0.395,0.705,0
0.514,0.108,3
0.253,0.518,0
0.495,0.058,3
0.496,0.04,3
0.008,0.799,0
0.376,0.067,3
0.486,0.736,0
0.429,0.051,3
0.093,0.817,0
0.526,0.004,3
0.465,0.098,3
0.497,0.703,0
0.976,0.542,4
0.439,0.025,3
0.223,0.501,0
0.555,0.008,3
0.078,0.78,0
0.418,0.717,0
0.299,0.369,0
0.502,0.09,3
0.402,0.763,0
0.108,0.77,0
0.052,0.802,0
0.981,0.53,2
0.252,0.561,0
0.914,0.55,1
0.075,0.772,0
0.106,0.803,0
0.5,0.07,3
0.95,0.541,1
0.949,0.493,1
0.444,0.706,0
0.116,0.716,0
0.457,0.685,0
0.047,0.834,0
0.457,0.093,3
0.455,0.69,0
0.026,0.811,0
0.044,0.773,0
0.537,0.089,3
0.422,0.694,0
0.96,0.568,4
0.054,0.771,0
0.485,0.722,0
0.976,0.443,2
0.548,0.067,3
0.241,0.427,0
0.268,0.535,0
0.05,0.819,0
0.307,0.525,0
0.456,0.113,3
0.48,0.708,0
0.519,0.091,3
0.047,0.784,0
1.056,0.499,2
0.073,0.8,0
0.513,0.765,0
0.198,0.441,0
0.549,0.021,3
0.486,0.047,3
0.432,0.747,0
0.362,0.681,0
0.372,0.483,0
0.267,0.462,0
1.013,0.559,4
0.432,0.769,0
0.334,0.452,0
0.245,0.454,0
0.252,0.505,0
0.359,0.687,0
0.98,0.534,2
0.414,0.659,0
0.1,0.766,0
0.425,0.664,0
0.381,0.717,0
0.898,0.573,1
0.074,0.757,0
0.453,0.103,3
0.246,0.528,0
0.378,0.747,0
0.968,0.572,4
0.989,0.56,4
0.465,0.117,3
0.1,0.824,0
0.457,0.133,3
1.021,0.542,4
0.031,0.715,0
0.487,0.111,3
0.193,0.416,0
0.065,0.782,0
0.936,0.471,1
0.38,0.763,0
0.977,0.517,2
0.118,0.732,0
0.254,0.56,0
0.533,0.069,3
0.079,0.756,0
0.128,0.736,0
0.129,0.741,0
0.338,0.725,0
0.931,0.623,4
0.109,0.817,0
0.411,0.769,0
0.926,0.518,1
0.282,0.463,0
0.951,0.584,4
0.508,0.084,3
0.264,0.511,0
0.236,0.525,0
0.134,0.714,0
0.476,0.107,3
0.09,0.808,0
0.508,0.746,0
0.494,0.091,3
0.225,0.506,0
1.005,0.526,2
0.497,0.058,3
0.311,0.545,0
0.57,0.147,3
0.511,0.049,3
0.485,0.096,3
0.352,0.718,0
1.068,0.556,4
0.982,0.523,2
1.002,0.538,2
0.943,0.579,1
0.247,0.496,0
0.258,0.533,0
0.29,0.517,0
0.456,0.726,0
0.241,0.544,0
0.441,0.812,0
0.441,0.785,0
0.968,0.536,1
0.967,0.627,4
0.564,0.105,3
0.971,0.579,4
0.055,0.802,0
0.574,0.03,3
0.004,0.779,0
0.036,0.787,0
0.234,0.46,0
0.07,0.812,0
0.957,0.565,1
0.4,0.714,0
0.25,0.521,0
0.08,0.768,0
0.997,0.49,2
0.267,0.514,0
0.952,0.569,1
0.571,0.007,3
0.054,0.759,0
0.486,0.106,3
0.005,0.705,0
0.434,0.024,3
0.067,0.776,0
0.914,0.57,1
0.49,0.773,0
0.265,0.518,0
0.493,0.067,3
0.269,0.464,0
0.474,0.782,0
0.118,0.8,0
0.522,0.078,3
0.246,0.46,0
0.464,0.054,3
0.441,0.698,0
0.423,0.677,0
0.436,0.77,0
0.273,0.493,0
0.117,0.759,0
0.979,0.532,2
0.256,0.503,0
0.398,0.723,0
0.297,0.514,0
0.496,0.73,0
0.112,0.752,0
0.408,0.704,0
0.495,0.682,0
0.948,0.505,1
0.469,0.16,3
1.048,0.562,4
1.038,0.548,4
0.375,0.762,0
0.411,0.777,0
0.512,0.037,3
0.491,0.138,3
0.106,0.714,0
0.402,0.708,0
0.488,0.734,0
0.384,0.752,0
1.011,0.547,4
0.382,0.783,0
0.032,0.809,0
0.482,0.095,3
0.458,0.047,3
0.284,0.533,0
0.936,0.559,1
0.281,0.533,0
0.252,0.495,0
0.256,0.534,0
0.441,0.12,3
1,0.585,4
0.984,0.564,4
0.477,0.776,0
0.988,0.492,2
0.113,0.732,0
0.419,0.727,0
0.371,0.703,0
0.533,0.067,3
0.112,0.765,0
0.576,0.131,3
0.312,0.492,0
0.14,0.868,0
0.948,0.463,2
0.225,0.563,0
0.48,0.676,0
0.22,0.467,0
1.058,0.541,2
0.469,0.661,0
0.939,0.517,1
0.438,0.692,0
0.452,0.729,0
0.985,0.495,2
0.534,0.092,3
0.105,0.745,0
0.069,0.827,0
0.484,0.108,3
0.942,0.571,1
0.076,0.787,0
0.981,0.486,2
0.5,0.697,0
0.157,0.765,0
0.207,0.472,0
0.248,0.535,0
0.961,0.588,4
0.113,0.88,0
1.022,0.535,2
0.22,0.518,0
0.106,0.732,0
0.98,0.505,2
0.405,0.705,0
0.064,0.856,0
0.037,0.889,0
0.414,0.697,0
0.985,0.467,2
0.527,0.036,3
0.429,0.738,0
0.499,0.655,0
0.252,0.464,0
0.388,0.726,0
0.073,0.753,0
0.999,0.534,2
0.09,0.816,0
0.225,0.489,0
0.495,0.021,3
0.084,0.85,0
1.003,0.602,4
0.303,0.521,0
0.293,0.491,0
0.261,0.441,0
0.298,0.465,0
0.278,0.527,0
0.431,0.732,0
0.974,0.547,4
0.271,0.583,0
0.534,0.045,3
0.999,0.609,4
0.443,0.051,3
0.307,0.5,0
1.02,0.523,2
0.058,0.748,0
0.113,0.798,0
0.599,0.152,3
0.958,0.608,4
0.97,0.564,4
0.13,0.799,0
0.103,0.794,0
0.328,0.582,0
0.42,0.081,3
1.027,0.525,2
0.492,0.1,3
0.421,0.773,0
0.242,0.458,0
0.447,0.047,3
0.327,0.544,0
0.497,0.094,3
0.017,0.767,0
0.439,0.749,0
0.406,0.761,0
0.484,0.719,0
1.076,0.529,2
0.44,0.695,0
0.277,0.568,0
0.912,0.515,1
0.936,0.495,1
0.368,0.785,0
0.91,0.502,1
0.438,0.734,0
0.139,0.801,0
0.959,0.576,4
0.357,0.501,0
0.053,0.791,0
0.245,0.456,0
0.224,0.54,0
0.233,0.575,0
0.983,0.615,4
0.002,0.705,0
1.001,0.544,4
0.047,0.766,0
0.499,0.115,3
0.27,0.517,0
0.068,0.824,0
0.534,0.028,3
0.909,0.538,1
0.992,0.533,2
0.502,0.05,3
0.492,0.071,3
0.246,0.522,0
0.198,0.492,0
0.029,0.736,0
0.425,0.762,0
0.948,0.549,1
0.003,0.803,0
0.526,0.089,3
0.023,0.776,0
0.507,0.75,0
0.412,0.697,0
0.054,0.778,0
0.308,0.473,0
0.472,0.074,3
0.269,0.488,0
0.021,0.789,0
0.432,0.772,0
0.465,0.628,0
0.087,0.781,0
0.073,0.77,0
0.068,0.745,0
0.506,0.066,3
0.437,0.043,3
0.441,0.791,0
0.476,0.74,0
0.44,0.019,3
0.117,0.734,0
0.435,0.049,3
0.549,0.093,3
0.084,0.754,0
0.339,0.532,0
0.211,0.52,0
0.327,0.497,0
0.13,0.805,0
0.536,0.082,3
0.456,0.77,0
0.344,0.537,0
0.524,0.032,3
0.278,0.483,0
0.236,0.489,0
0.101,0.801,0
0.543,0.106,3
0.453,0.694,0
0.521,0.045,3
0.443,0.731,0
0.971,0.512,2
0.464,0.03,3
0.505,0.645,0
0.077,0.778,0
1.031,0.496,2
0.97,0.491,2
0.928,0.538,1
0.541,0.069,3
0.006,0.741,0
0.17,0.786,0
0.419,0.688,0
0.486,0.021,3
0.277,0.42,0
0.265,0.489,0
0.971,0.51,2
0.062,0.763,0
0.449,0.769,0
1.006,0.633,4
0.277,0.505,0
0.515,0.061,3
0.183,0.528,0
0.278,0.522,0
0.114,0.829,0
0.534,0.046,3
0.945,0.54,1
0.465,0.115,3
0.465,0.071,3
0.027,0.778,0
0.304,0.539,0
0.487,0.028,3
0.408,0.713,0
0.485,0.08,3
0.257,0.506,0
0.101,0.737,0
0.924,0.58,1
0.557,0.054,3
0.119,0.76,0
0.986,0.529,2
0.261,0.533,0
0.114,0.709,0
0.367,0.615,0
0.985,0.592,4
0.493,0.12,3
0.932,0.498,1
0.041,0.785,0
0.514,0.068,3
0.28,0.483,0
0.04,0.839,0
0.988,0.468,2
0.28,0.457,0
1.016,0.528,2
0.99,0.521,2
0.977,0.505,2
0.029,0.723,0
0.108,0.802,0
0.085,0.825,0
0.273,0.527,0
0.096,0.76,0
0.982,0.47,2
0.088,0.768,0
0.52,0.048,3
1.051,0.522,2
0.086,0.819,0
0.383,0.73,0
0.904,0.492,1
0.404,0.688,0
0.264,0.493,0
0.238,0.51,0
0.43,0.681,0
0.355,0.518,0
0.512,0.062,3
0.408,0.762,0
0.996,0.568,4
1.042,0.521,2
0.374,0.702,0
0.248,0.436,0
0.325,0.516,0
0.036,0.768,0
0.969,0.543,1
0.163,0.683,0
0.124,0.567,0
0.483,0.74,0
0.094,0.789,0
0.462,0.738,0
0.409,0.689,0
0.402,0.751,0
0.245,0.472,0
0.467,0.65,0
0.145,0.813,0
0.095,0.764,0
0.286,0.535,0
0.096,0.739,0
0.484,0.726,0
0.964,0.512,1
0.975,0.535,1
0.961,0.562,1
0.067,0.782,0
0.959,0.488,2
0.532,0.108,3
0.137,0.762,0
0.418,0.704,0
0.507,0.709,0
0.98,0.599,4
1.082,0.587,4
0.26,0.485,0
0.478,0.689,0
0.293,0.479,0
0.452,0.112,3
0.96,0.563,1
0.47,0.712,0
0.229,0.588,0
0.231,0.501,0
0.256,0.465,0
0.488,0.04,3
0.251,0.557,0
0.056,0.818,0
0.455,0.07,3
0.229,0.481,0
0.074,0.757,0
0.51,0.091,3
0.028,0.821,0
0.407,0.718,0
0.25,0.503,0
0.09,0.786,0
0.498,0.048,3
0.476,0.069,3
0.523,0.072,3
0.147,0.757,0
0.973,0.489,2
1.001,0.51,2
0.222,0.474,0
0.482,0.118,3
0.274,0.468,0
0.992,0.595,4
0.257,0.473,0
0.238,0.537,0
0.969,0.518,2
0.288,0.474,0
0.086,0.765,0
0.432,0.778,0
0.954,0.551,1
0.072,0.784,0
0.347,0.483,0
0.127,0.769,0
0.472,0.706,0
0.919,0.454,1
1.013,0.533,2
0.438,0.773,0
0.994,0.5,2
0.554,0.115,3
0.506,0.129,3
0.994,0.56,4
0.434,0.717,0
0.504,0.691,0
0.994,0.511,2
0.083,0.845,0
0.103,0.782,0
1.009,0.531,2
0.233,0.549,0
0.451,0.74,0
0.082,0.775,0
0.105,0.712,0
0.526,0.705,0
0.547,0.129,3
0.052,0.812,0
0.104,0.751,0
0.133,0.751,0
0.405,0.648,0
0.236,0.474,0
0.969,0.549,1
0.408,0.668,0
0.134,0.848,0
0.265,0.453,0
0.236,0.461,0
0.51,0.09,3
0.261,0.487,0
0.288,0.45,0
0.083,0.783,0
0.339,0.501,0
0.269,0.541,0
0.518,0.67,0
0.409,0.646,0
0.494,0.084,3
0.516,0.723,0
0.436,0.089,3
0.506,0.012,3
0.448,0.026,3
0.91,0.559,1
0.517,0.065,3
0.431,0.756,0
0.496,0.045,3
0.272,0.562,0
0.504,0.081,3
0.153,0.784,0
0.924,0.543,1
0.086,0.777,0
0.001,0.808,0
0.452,0.733,0
0.063,0.809,0
0.336,0.486,0
0.516,0.145,3
0.029,0.812,0
1.033,0.473,2
0.137,0.71,0
0.117,0.803,0
0.251,0.484,0
0.954,0.551,1
0.445,0.055,3
0.467,0.77,0
0.957,0.551,1
0.482,0.109,3
0.914,0.563,1
0.515,0.038,3
0.493,0.141,3
0.478,0.021,3
0.468,0.094,3
0.504,0.063,3
0.199,0.586,0
0.449,0.783,0
0.406,0.645,0
0.269,0.455,0
0.39,0.745,0
0.208,0.489,0
0.962,0.526,1
0.053,0.834,0
0.461,0.076,3
0.51,0.072,3
0.939,0.535,1
0.131,0.79,0
0.115,0.796,0
0.951,0.484,1
1.032,0.573,4
0.955,0.583,4
0.008,0.739,0
0.593,0.079,3
0.948,0.563,1
0.079,0.744,0
0.312,0.584,0
0.101,0.803,0
1.004,0.5,2
0.969,0.571,4
0.084,0.815,0
0.548,0.098,3
0.05,0.763,0
0.295,0.546,0
0.506,0.042,3
0.169,0.809,0
0.99,0.51,2
0.435,0.693,0
0.105,0.864,0
0.235,0.516,0
0.467,0.108,3
0.963,0.566,4
1.069,0.518,2
1.006,0.545,4
0.304,0.466,0
0.958,0.554,1
0.073,0.755,0
0.087,0.787,0
0.487,0.045,3
0.942,0.54,1
0.451,0.73,0
0.507,0.73,0
0.444,0.807,0
0.276,0.476,0
0.284,0.498,0
1.002,0.556,4
0.502,0.083,3
0.087,0.723,0
0.406,0.666,0
0.931,0.58,1
0.525,0.745,0
0.969,0.505,2
0.502,0.086,3
0.24,0.612,0
0.019,0.744,0
0.543,0.112,3
0.964,0.49,2
0.415,0.64,0
0.511,0.014,3
0.993,0.632,4
0.308,0.494,0
1.023,0.558,4
0.493,0.725,0
0.243,0.547,0
0.046,0.781,0
0.435,0.768,0
0.502,0.071,3
0.566,0.131,3
0.896,0.565,1
0.243,0.458,0
0.027,0.763,0
0.4,0.729,0
0.41,0.715,0
0.248,0.466,0
0.336,0.568,0
0.944,0.579,1
0.376,0.068,3
0.963,0.569,4
0.147,0.719,0
0.212,0.505,0
0.913,0.515,1
0.235,0.593,0
0.43,0.767,0
0.151,0.806,0
0.487,0.752,0
0.047,0.805,0
0.508,0.051,3
1.006,0.525,2
0.1,0.784,0
1.021,0.476,2
0.973,0.632,4
0.237,0.498,0
0.288,0.522,0
0.412,0.72,0
0.035,0.753,0
0.409,0.774,0
0.934,0.501,1
0.58,0.117,3
0.384,0.795,0
0.084,0.785,0
0.944,0.547,1
0.445,0.673,0
0.535,0.147,3
0.478,0.062,3
0.946,0.554,1
0.073,0.831,0
0.249,0.499,0
0.958,0.551,1
0.484,0.682,0
0.306,0.543,0
0.939,0.532,1
0.461,0.089,3
0.469,0.739,0
0.499,0.769,0
0.214,0.522,0
0.343,0.466,0
0.489,0.034,3
0.429,0.702,0
0.303,0.528,0
0.066,0.717,0
0.083,0.731,0
0.522,0.058,3
0.467,0.685,0
0.472,0.642,0
0.45,0.778,0
0.448,0.071,3
0.395,0.729,0
1.001,0.499,2
1.005,0.567,4
0.469,0.118,3
0.467,0.035,3
0.416,0.625,0
0.523,0.022,3
0.455,0.684,0
0.298,0.525,0
0.101,0.786,0
0.96,0.562,1
0.077,0.838,0
0.24,0.423,0
0.394,0.68,0
0.413,0.671,0
0.964,0.579,4
0.323,0.527,0
0.989,0.528,2
0.434,0.785,0
0.964,0.621,4
0.084,0.824,0
0.439,0.653,0
0.285,0.581,0
0.437,0.662,0
0.481,0.115,3
0.402,0.708,0
0.552,0.082,3
0.946,0.599,4
0.084,0.708,0
0.922,0.451,1
0.482,0.729,0
0.279,0.516,0
0.376,0.447,0
0.315,0.619,0
0.309,0.508,0
0.971,0.538,1
0.096,0.684,0
0.137,0.786,0
0.04,0.812,0
0.416,0.073,3
0.318,0.489,0
0.104,0.782,0
0.443,0.714,0
0.098,0.835,0
0.286,0.552,0
1.008,0.556,4
0.407,0.722,0
0.416,0.715,0
0.597,0.081,3
0.458,0.71,0
0.525,0.105,3
0.988,0.489,2
0.527,0.138,3
0.409,0.735,0
0.291,0.544,0
0.035,0.815,0
1.028,0.569,4
0.015,0.842,0
0.226,0.481,0
0.282,0.627,0
0.972,0.591,4
0.951,0.607,4
0.412,0.706,0
0.501,0.086,3
1.007,0.558,4
0.11,0.735,0
0.336,0.441,0
0.458,0.666,0
0.52,0.665,0
0.055,0.767,0
0.125,0.785,0
0.919,0.551,1
0.977,0.534,2
0.289,0.51,0
0.521,0.087,3
0.266,0.423,0
1.008,0.548,4
0.264,0.521,0
0.221,0.491,0
0.302,0.494,0
0.506,0.093,3
0.039,0.779,0
0.346,0.724,0
0.234,0.508,0
0.532,0.106,3
0.99,0.579,4
0.286,0.501,0
0.305,0.579,0
0.557,0.156,3
1.076,0.529,2
0.925,0.532,1
0.883,0.504,1
0.495,0.156,3
0.472,0.667,0
0.025,0.752,0
0.486,0.049,3
0.152,0.737,0
0.08,0.809,0
0.968,0.619,4
0.059,0.795,0
0.232,0.474,0
0.933,0.552,1
0.014,0.73,0
0.242,0.459,0
0.459,0.068,3
0.406,0.696,0
0.001,0.824,0
0.97,0.583,4
0.496,0.069,3
0.437,0,3
0.163,0.722,0
0.94,0.476,1
0.036,0.883,0
0.513,0.072,3
0.095,0.807,0
0.093,0.804,0
0.262,0.557,0
0.093,0.713,0
0.55,0.113,3
1.033,0.551,4
0.426,0.733,0
0.25,0.5,0
0.999,0.548,4
0.239,0.434,0
0.949,0.551,1
0.368,0.778,0
0.096,0.804,0
0.512,0.059,3
0.086,0.827,0
0.089,0.813,0
0.06,0.725,0
0.076,0.705,0
1.068,0.538,2
0.962,0.529,1
0.476,0.17,3
0.421,0.719,0
0.069,0.804,0
0.075,0.797,0
0.934,0.561,1
0.472,0.677,0
0.248,0.505,0
1.015,0.492,2
0.27,0.517,0
0.079,0.85,0
0.407,0.83,0
0.07,0.825,0
0.239,0.515,0
0.495,0.083,3
0.438,0.001,3
0.226,0.494,0
0.436,0.036,3
0.417,0.724,0
0.494,0.719,0
0.116,0.868,0
0.048,0.802,0
0.255,0.414,0
0.534,0.102,3
0.98,0.512,2
0.225,0.55,0
0.996,0.518,2
0.443,0.757,0
0.334,0.492,0
0.476,0.076,3
0.288,0.5,0
0.518,0.053,3
0.088,0.839,0
0.294,0.565,0
0.557,0.101,3
0.898,0.562,1
0.947,0.607,4
0.978,0.505,2
0.489,0.086,3
0.034,0.793,0
0.528,0.16,3
1.029,0.492,2
0.273,0.532,0
0.474,0.082,3
0.133,0.783,0
0.358,0.661,0
0.223,0.524,0
0.975,0.566,4
0.08,0.735,0
0.289,0.541,0
0.894,0.524,1
0.238,0.474,0
0.455,0.068,3
0.496,0.074,3
0.055,0.696,0
0.919,0.478,1
0.945,0.55,1
0.234,0.493,0
0.041,0.806,0
0.879,0.485,1
0.463,0.144,3
0.083,0.777,0
0.442,0.733,0
0.987,0.479,2
0.079,0.769,0
0.975,0.53,2
0.483,0.689,0
0.294,0.606,0
0.968,0.541,1
0.491,0.075,3
0.471,0.072,3
0.08,0.759,0
0.118,0.731,0
0.479,0.703,0
0.589,0.084,3
0.112,0.784,0
0.496,0.735,0
0.065,0.81,0
0.944,0.598,4
0.485,0.729,0
0.153,0.778,0
0.08,0.851,0
0.985,0.457,2
0.259,0.491,0
0.384,0.714,0
0.261,0.462,0
0.486,0.086,3
0.303,0.486,0
0.332,0.595,0
0.927,0.551,1
0.301,0.492,0
0.877,0.492,1
0.555,0.088,3
0.312,0.484,0
0.461,0.774,0
0.304,0.582,0
0.055,0.762,0
0.259,0.48,0
1.02,0.542,4
0.429,0.737,0
0.413,0.765,0
0.256,0.519,0
0.185,0.573,0
0.118,0.785,0
0.514,0.091,3
0.398,0.722,0
0.511,0.016,3
0.964,0.479,2
0.472,0.038,3
0.305,0.425,0
0.592,0.064,3
0.465,0.727,0
0.067,0.796,0
0.96,0.543,1
0.447,0.716,0
0.194,0.479,0
0.559,0.068,3
0.526,0.103,3
0.402,0.753,0
0.13,0.863,0
0.109,0.775,0
0.21,0.43,0
0.487,0.649,0
1.019,0.556,4
0.074,0.738,0
0.477,0.039,3
0.041,0.775,0
0.982,0.428,2
0.462,0.805,0
0.488,0.612,0
0.273,0.431,0
0.082,0.798,0
0.275,0.539,0
0.046,0.838,0
0.502,0.119,3
0.095,0.714,0
0.415,0.081,3
0.538,0.148,3
0.252,0.479,0
0.132,0.754,0
0.481,0.053,3
0.445,0.697,0
0.566,0.106,3
0.966,0.537,1
0.917,0.544,1
0.427,0.721,0
0.425,0.039,3
1.009,0.529,2
0.268,0.451,0
0.045,0.761,0
0.908,0.531,1
0.463,0.711,0
0.414,0.755,0
0.418,0.767,0
0.308,0.408,0
0.432,0.764,0
0.301,0.503,0
0.97,0.528,1
1.002,0.528,2
0.403,0.669,0
0.401,0.63,0
0.53,0.099,3
0.07,0.849,0
0.31,0.432,0
0.148,0.837,0
0.275,0.498,0
0.441,0.695,0
0.955,0.559,1
0.287,0.471,0
0.358,0.424,0
0.468,0.096,3
0.468,0.7,0
1.025,0.56,4
0.496,0.117,3
0.07,0.752,0
0.322,0.419,0
0.984,0.573,4
0.46,0.733,0
0.047,0.752,0
0.031,0.78,0
0.467,0.763,0
0.534,0.098,3
0.981,0.504,2
1.005,0.566,4
0.458,0.697,0
0.488,0.748,0
0.42,0.699,0
0.999,0.472,2
0.227,0.502,0
0.219,0.54,0
0.196,0.76,0
0.579,0.109,3
0.994,0.552,4
0.515,0.086,3
0.055,0.807,0
0.445,0.712,0
0.983,0.472,2
0.563,0.03,3
0.527,0.046,3
0.13,0.784,0
1.015,0.523,2
0.479,0.05,3
0.295,0.529,0
0.932,0.504,1
0.476,0.74,0
0.427,0.79,0
0.081,0.786,0
0.091,0.77,0
0.15,0.791,0
0.435,0.695,0
0.428,0.69,0
0.12,0.756,0
0.001,0.886,0
0.286,0.538,0
0.447,0.809,0
0.457,0.645,0
0.361,0.533,0
0.44,0.676,0
0.351,0.799,0
0.093,0.819,0
0.219,0.544,0
0.452,0.745,0
0.902,0.48,1
0.947,0.547,1
0.044,0.76,0
0.945,0.509,1
0.364,0.487,0
0.104,0.712,0
0.426,0.674,0
0.241,0.463,0
0.287,0.479,0
0.049,0.711,0
0.447,0.746,0
0.982,0.515,2
0.153,0.839,0
0.392,0.693,0
0.388,0.725,0
0.415,0.716,0
0.306,0.527,0
0.359,0.749,0
0.007,0.731,0
0.142,0.704,0
0.473,0.077,3
0.531,0.126,3
0.346,0.525,0
0.473,0.002,3
0.048,0.811,0
0.45,0.707,0
0.51,0.07,3
0.062,0.685,0
0.565,0.057,3
0.15,0.804,0
0.439,0.079,3
0.457,0.699,0
0.102,0.784,0
0.121,0.771,0
0.466,0.738,0
0.94,0.622,4
0.282,0.497,0
0.062,0.801,0
0.063,0.769,0
0.484,0.059,3
0.106,0.786,0
0.998,0.591,4
0.276,0.581,0
0.58,0.02,3
0.496,0.061,3
0.387,0.74,0
0.054,0.766,0
0.085,0.772,0
0.4,0.695,0
0.248,0.497,0
0.968,0.544,1
0.478,0.679,0
0.54,0.046,3
0.495,0.025,3
0.529,0.039,3
0.936,0.507,1
1.011,0.529,2
0.289,0.587,0
1.006,0.476,2
0.466,0.763,0
0.053,0.754,0
0.259,0.479,0
0.429,0.651,0
1.016,0.538,2
0.429,0.789,0
0.07,0.79,0
0.298,0.453,0
0.075,0.824,0
0.233,0.486,0
0.483,0.755,0
0.417,0.754,0
0.184,0.53,0
1.014,0.493,2
0.408,0.79,0
0.076,0.712,0
0.063,0.728,0
0.065,0.77,0
0.957,0.58,4
0.335,0.496,0
0.336,0.507,0
0.422,0.739,0
0.504,0.014,3
0.983,0.544,4
1.034,0.48,2
0.284,0.408,0
0.454,0.046,3
1.029,0.486,2
0.298,0.549,0
0.019,0.759,0
0.445,0.095,3
1.05,0.54,2
0.222,0.556,0
0.954,0.553,1
0.145,0.814,0
0.51,0.084,3
0.42,0.678,0
0.046,0.705,0
0.234,0.483,0
0.479,0.699,0
1,0.486,2
0.474,0.136,3
0.03,0.814,0
0.245,0.586,0
0.244,0.489,0
0.394,0.757,0
0.062,0.827,0
0.933,0.556,1
0.511,0.127,3
0.4,0.732,0
0.423,0.643,0
0.984,0.504,2
0.467,0.729,0
0.47,0.027,3
0.108,0.848,0
0.488,0.649,0
0.106,0.764,0
0.281,0.477,0
0.983,0.497,2
0.456,0.717,0
0.191,0.527,0
0.46,0.704,0
0.97,0.611,4
0.305,0.541,0
0.407,0.694,0
0.043,0.794,0
0.474,0.054,3
0.298,0.511,0
0.515,0.017,3
0.498,0.067,3
0.067,0.722,0
0.494,0.054,3
0.418,0.643,0
0.044,0.759,0
0.29,0.505,0
0.408,0.767,0
0.268,0.502,0
0.086,0.807,0
0.102,0.74,0
0.598,0.084,3
0.408,0.654,0
0.296,0.46,0
0.578,0.149,3
0.475,0.716,0
0.302,0.505,0
0.421,0.706,0
0.274,0.584,0
0.478,0.099,3
0.095,0.852,0
0.427,0.705,0
0.412,0.721,0
0.477,0.74,0
0.487,0.138,3
0.982,0.587,4
0.084,0.83,0
1.082,0.544,2
0.049,0.733,0
0.518,0.025,3
0.074,0.829,0
0.425,0.014,3
0.439,0.144,3
0.095,0.822,0
0.032,0.715,0
0.087,0.726,0
0.446,0.775,0
0.277,0.537,0
0.441,0.755,0
0.493,0.135,3
0.524,0.053,3
0.426,0.668,0
0.951,0.531,1
0.987,0.547,4
0.023,0.78,0
0.389,0.697,0
0.994,0.546,4
0.321,0.507,0
0.371,0.713,0
0.474,0.08,3
0.3,0.495,0
0.464,0.739,0
0.53,0.739,0
0.955,0.606,4
0.926,0.49,1
0.351,0.754,0
0.49,0.024,3
0.962,0.517,1
1.055,0.527,2
0.157,0.762,0
0.22,0.514,0
0.267,0.468,0
0.129,0.804,0
0.484,0.789,0
0.063,0.779,0
0.484,0.104,3
0.018,0.755,0
0.263,0.49,0
0.946,0.557,1
0.416,0.75,0
0.93,0.506,1
0.945,0.551,1
0.551,0.114,3
0.091,0.742,0
0.419,0.766,0
0.257,0.462,0
0.963,0.536,1
0.126,0.739,0
0.439,0.046,3
0.244,0.489,0
0.946,0.54,1
0.348,0.47,0
0.072,0.802,0
0.103,0.886,0
1.034,0.489,2
0.279,0.478,0
0.419,0.7,0
0.063,0.668,0
0.096,0.8,0
0.337,0.523,0
0.426,0.756,0
0.062,0.748,0
0.272,0.507,0
0.546,0.121,3
0.086,0.739,0
0.961,0.56,1
0.249,0.492,0
0.087,0.788,0
0.029,0.759,0
0.287,0.448,0
0.379,0.083,3
0.025,0.788,0
0.054,0.786,0
0.055,0.792,0
0.153,0.749,0
1.016,0.515,2
0.517,0.118,3
0.427,0.688,0
0.217,0.47,0
0.49,0.044,3
0.946,0.558,1
0.512,0.089,3
0.963,0.577,4
1.007,0.499,2
0.465,0.746,0
0.029,0.807,0
0.526,0.066,3
0.955,0.476,2
0.988,0.513,2
0.406,0.762,0
0.443,0.727,0
0.09,0.758,0
0.439,0.745,0
0.469,0.138,3
0.464,0.075,3
0.959,0.577,4
0.024,0.744,0
0.441,0.696,0
0.398,0.667,0
0.477,0.659,0
0.19,0.476,0
0.554,0.068,3
0.523,0.105,3
0.26,0.466,0
0.253,0.537,0
0.458,0.685,0
0.987,0.479,2
0.473,0.668,0
0.113,0.732,0
0.95,0.602,4
0.089,0.83,0
0.966,0.552,1
0.515,0.164,3
0.51,0.13,3
0.526,0.071,3
0.403,0.711,0
0.426,0.714,0
0.371,0.735,0
0.45,0.733,0
0.541,0.06,3
0.958,0.556,1
0.917,0.546,1
0.185,0.529,0
0.509,0.083,3
0.223,0.535,0
0.162,0.74,0
0.08,0.753,0
0.418,0.775,0
0.397,0.756,0
0.404,0.712,0
0.458,0.724,0
0.1,0.745,0
0.54,0.055,3
0.973,0.596,4
0.995,0.575,4
0.08,0.803,0
0.527,0.722,0
0.141,0.758,0
0.471,0.12,3
0.289,0.505,0
0.413,0.749,0
0.978,0.597,4
0.986,0.545,4
0.274,0.494,0
0.228,0.495,0
0.512,0.082,3
0.064,0.814,0
0.356,0.678,0
0.289,0.499,0
0.497,0.105,3
0.95,0.527,1
0.996,0.54,4
0.496,0.117,3
0.451,0.657,0
0.154,0.796,0
0.506,0.707,0
0.574,0.069,3
0.512,0.159,3
0.985,0.535,2
0.417,0.152,3
0.457,0.727,0
0.455,0.672,0
0.363,0.542,0
0.502,0.71,0
0.984,0.54,4
0.436,0.695,0
0.341,0.722,0
0.097,0.799,0
0.445,0.733,0
0.419,0.703,0
0.201,0.51,0
0.986,0.486,2
0.509,0.091,3
0.475,0.751,0
0.008,0.811,0
0.04,0.871,0
0.51,0.066,3
0.276,0.545,0
0.457,0.736,0
0.975,0.505,2
0.461,0.742,0
0.411,0.679,0
0.478,0.7,0
0.096,0.737,0
0.308,0.489,0
0.481,0.065,3
0.097,0.727,0
0.026,0.769,0
0.48,0.08,3
0.247,0.478,0
0.935,0.529,1
0.087,0.727,0
0.307,0.487,0
0.12,0.741,0
0.043,0.72,0
0.445,0.75,0
0.377,0.75,0
0.09,0.774,0
0.279,0.449,0
0.978,0.54,4
0.955,0.526,1
0.011,0.808,0
0.452,0.658,0
0.505,0.091,3
0.415,0.695,0
0.516,0.082,3
0.47,0.714,0
0.994,0.612,4
0.384,0.622,0
0.498,0.721,0
0.096,0.769,0
0.463,0.737,0
1.047,0.589,4
0.131,0.756,0
0.461,0.787,0
0.404,0.768,0
0.947,0.541,1
0.469,0.746,0
0.48,0.081,3
0.988,0.498,2
0.309,0.46,0
1.068,0.525,2
0.507,0.005,3
0.138,0.755,0
0.072,0.741,0
0.029,0.753,0
0.887,0.563,1
0.131,0.795,0
0.489,0.075,3
0.323,0.449,0
0.053,0.748,0
0.252,0.552,0
0.455,0.748,0
0.546,0.104,3
0.302,0.551,0
0.543,0.006,3
0.459,0.735,0
0.291,0.484,0
0.22,0.509,0
1.097,0.586,4
0.987,0.598,4
1.033,0.552,4
0.491,0.048,3
0.529,0.047,3
0.56,0.076,3
0.119,0.803,0
0.232,0.496,0
0.257,0.493,0
0.305,0.448,0
0.056,0.74,0
0.003,0.735,0
0.267,0.516,0
0.556,0.067,3
1.011,0.583,4
0.565,0.124,3
0.404,0.79,0
0.13,0.755,0
0.267,0.482,0
0.279,0.464,0
1.026,0.535,2
0.226,0.552,0
0.98,0.541,4
0.394,0.749,0
0.073,0.798,0
0.427,0.788,0
0.478,0.099,3
0.461,0.073,3
0.977,0.581,4
0.095,0.732,0
0.445,0.775,0
1.071,0.462,2
1.009,0.506,2
0.408,0.086,3
0.952,0.543,1
0.071,0.75,0
0.501,0.129,3
0.428,0.692,0
0.427,0.689,0
0.532,0.093,3
0.1,0.802,0
0.41,0.748,0
0.945,0.541,1
0.029,0.868,0
0.949,0.576,1
0.462,0.035,3
0.279,0.473,0
0.419,0.669,0
0.247,0.492,0
0.452,0.729,0
0.919,0.511,1
0.297,0.508,0
0.517,0.076,3
0.421,0.748,0
0.988,0.618,4
0.41,0.677,0
0.22,0.597,0
0.416,0.732,0
0.977,0.479,2
0.277,0.503,0
0.191,0.756,0
0.502,0.035,3
0.019,0.834,0
0.499,0.054,3
0.397,0.717,0
0.061,0.717,0
0.433,0.751,0
0.49,0.049,3
0.024,0.746,0
0.553,0.071,3
0.071,0.781,0
0.412,0.687,0
0.499,0.027,3
0.109,0.742,0
1.012,0.526,2
0.451,0.725,0
0.978,0.592,4
0.493,0.731,0
0.293,0.465,0
0.564,0.114,3
0.956,0.54,1
0.422,0.741,0
0.227,0.524,0
0.441,0.752,0
0.061,0.727,0
1.025,0.576,4
1.034,0.525,2
0.079,0.7,0
0.566,0.07,3
0.135,0.87,0
0.969,0.534,1
0.226,0.528,0
1.024,0.515,2
0.551,0.081,3
0.066,0.796,0
0.431,0.693,0
0.246,0.512,0
0.046,0.815,0
0.054,0.76,0
0.928,0.584,1
0.254,0.536,0
0.048,0.741,0
0.424,0.689,0
0.271,0.531,0
0.029,0.831,0
0.474,0.07,3
0.321,0.514,0
0.387,0.783,0
0.079,0.734,0
0.496,0.779,0
0.277,0.537,0
0.223,0.492,0
0.211,0.496,0
0.092,0.792,0
0.441,0.763,0
0.582,0.037,3
0.377,0.734,0
1.004,0.567,4
0.403,0.773,0
0.067,0.792,0
0.257,0.481,0
0.942,0.558,1
0.014,0.773,0
0.137,0.767,0
0.154,0.671,0
0.016,0.827,0
0.406,0.707,0
0.506,0.096,3
0.042,0.744,0
0.026,0.778,0
0.46,0.035,3
0.109,0.806,0
0.055,0.806,0
1.035,0.473,2
0.085,0.819,0
0.514,0.076,3
0.07,0.79,0
0.496,0.075,3
0.506,0.721,0
0.434,0.744,0
0.47,0.772,0
0.436,0.023,3
0.984,0.537,2
0.202,0.561,0
1.022,0.523,2
0.11,0.756,0
1.006,0.679,4
0.951,0.544,1
0.321,0.526,0
0.284,0.504,0
0.419,0.682,0
0.456,0.769,0
0.524,0.093,3
0.083,0.814,0
0.234,0.479,0
0.161,0.714,0
0.296,0.429,0
0.573,0.032,3
0.236,0.53,0
0.212,0.563,0
0.002,0.863,0
0.412,0.771,0
0.481,0.001,3
0.413,0.71,0
0.933,0.514,1
0.018,0.752,0
0.311,0.472,0
0.212,0.545,0
0.472,0.719,0
0.559,0.098,3
0.487,0.746,0
0.551,0.038,3
0.423,0.064,3
0.217,0.472,0
0.341,0.556,0
0.984,0.534,2
0.439,0.705,0
0.261,0.457,0
0.318,0.451,0
0.1,0.874,0
0.332,0.563,0
0.25,0.496,0
0.529,0.032,3
0.433,0.712,0
0.327,0.467,0
0.295,0.454,0
0.458,0.697,0
0.372,0.79,0
0.986,0.47,2
0.296,0.524,0
0.464,0.029,3
0.065,0.809,0
0.028,0.813,0
0.433,0.756,0
0.071,0.83,0
0.973,0.456,2
0.503,0.092,3
0.372,0.412,0
0.985,0.502,2
0.236,0.506,0
0.46,0.724,0
0.549,0.088,3
0.471,0.712,0
0.087,0.784,0
0.521,0.077,3
0.987,0.534,2
0.034,0.813,0
0.998,0.579,4
0.056,0.815,0
0.255,0.458,0
0.507,0.703,0
0.484,0.025,3
0.24,0.512,0
0.506,0.034,3
0.062,0.811,0
0.517,0.048,3
0.923,0.498,1
0.452,0.784,0
0.413,0.743,0
0.873,0.568,1
0.31,0.525,0
0.539,0.047,3
0.426,0.654,0
0.945,0.49,1
0.031,0.762,0
0.957,0.581,4
0.959,0.562,1
1.046,0.539,2
0.068,0.776,0
0.08,0.802,0
0.144,0.834,0
0.354,0.466,0
0.94,0.569,1
1.016,0.592,4
0.399,0.713,0
0.489,0.066,3
0.205,0.487,0
0.276,0.507,0
0.041,0.785,0
0.428,0.085,3
0.617,0.078,3
0.242,0.479,0
0.955,0.558,1
0.513,0.734,0
0.966,0.585,4
0.278,0.45,0
0.094,0.868,0
0.473,0.717,0
0.988,0.565,4
0.067,0.822,0
0.529,0.081,3
0.418,0.788,0
0.208,0.479,0
0.403,0.755,0
0.079,0.761,0
0.317,0.439,0
0.438,0.727,0
0.955,0.56,1
0.988,0.531,2
0.057,0.758,0
0.258,0.571,0
0.307,0.525,0
0.446,0.709,0
0.921,0.551,1
0.459,0.083,3
0.236,0.502,0
0.517,0.028,3
0.09,0.761,0
0.248,0.536,0
0.513,0.695,0
0.252,0.515,0
0.948,0.637,4
0.974,0.488,2
0.018,0.758,0
0.446,0.736,0
0.279,0.44,0
0.269,0.538,0
0.427,0.716,0
0.521,0.131,3
0.298,0.508,0
0.315,0.531,0
0.506,0.101,3
0.336,0.78,0
0.425,0.819,0
1.069,0.559,4
0.986,0.516,2
0.907,0.509,1
0.408,0.067,3
0.043,0.767,0
0.534,0.123,3
0.948,0.521,1
0.5,0.159,3
0.288,0.512,0
0.482,0.102,3
0.974,0.577,4
0.431,0.101,3
0.512,0.092,3
0.027,0.734,0
0.504,0.035,3
0.058,0.783,0
0.509,0.704,0
0.177,0.469,0
0.947,0.511,1
0.489,0.097,3
0.948,0.51,1
1.016,0.572,4
0.266,0.411,0
0.291,0.535,0
0.044,0.72,0
0.471,0.712,0
1.023,0.558,4
0.215,0.479,0
0.925,0.529,1
0.28,0.503,0
0.072,0.735,0
0.045,0.695,0
0.329,0.49,0
0.277,0.426,0
0.069,0.775,0
0.499,0.782,0
0.03,0.803,0
0.258,0.525,0
1.013,0.549,4
0.224,0.513,0
0.444,0.626,0
1.006,0.446,2
0.294,0.536,0
0.517,0.12,3
0.939,0.509,1
0.344,0.704,0
0.438,0.769,0
0.561,0.08,3
0.418,0.704,0
0.105,0.834,0
0.434,0.642,0
0.472,0.082,3
0.079,0.79,0
0.258,0.521,0
0.337,0.51,0
0.508,0.069,3
0.386,0.711,0
0.973,0.557,4
0.262,0.431,0
0.038,0.742,0
0.467,0.059,3
1.07,0.467,2
0.497,0.155,3
0.199,0.545,0
0.516,0.091,3
0.422,0.748,0
0.061,0.806,0
0.462,0.757,0
0.511,0.768,0
0.287,0.511,0
0.013,0.739,0
0.548,0.115,3
0.542,0.03,3
0.061,0.776,0
0.478,0.154,3
0.504,0.091,3
0.994,0.527,2
0.38,0.693,0
1.016,0.525,2
0.465,0.158,3
0.502,0.047,3
0.396,0.718,0
0.474,0.091,3
0.473,0.689,0
0.272,0.504,0
0.412,0.728,0
0.44,0.004,3
0.427,0.729,0
0.496,0.072,3
0.986,0.554,4
0.539,0.039,3
0.043,0.731,0
0.086,0.755,0
0.922,0.537,1
0.525,0.062,3
0.504,0.09,3
0.99,0.444,2
0.487,0.084,3
0.265,0.492,0
0.101,0.801,0
0.038,0.781,0
0.298,0.518,0
0.274,0.501,0
0.177,0.488,0
0.489,0.043,3
1.016,0.565,4
0.362,0.776,0
0.54,0.72,0
0.98,0.539,4
0.937,0.476,1
0.079,0.798,0
0.423,0.713,0
0.34,0.509,0
0.436,0.703,0
0.048,0.726,0
0.246,0.526,0
0.965,0.586,4
0.231,0.445,0
0.462,0.148,3
0.092,0.759,0
0.24,0.552,0
0.066,0.763,0
0.501,0.718,0
0.242,0.479,0
0.443,0.76,0
0.496,0.147,3
0.519,0.122,3
0.321,0.538,0
0.922,0.598,1
0.475,0.108,3
0.061,0.718,0
0.405,0.731,0
0.273,0.541,0
0.443,0.725,0
0.05,0.806,0
0.424,0.681,0
0.418,0.084,3
0.948,0.493,1
0.997,0.469,2
0.458,0.078,3
0.423,0.738,0
0.234,0.534,0
0.956,0.504,1
0.448,0.059,3
0.008,0.73,0
0.476,0.018,3
0.068,0.766,0
0.317,0.538,0
0.225,0.509,0
0.516,0.047,3
0.111,0.713,0
0.133,0.73,0
0.549,0.029,3
0.522,0.068,3
0.4,0.771,0
0.489,0.099,3
0.07,0.8,0
0.928,0.594,1
0.11,0.8,0
0.098,0.744,0
0.258,0.412,0
0.128,0.778,0
0.961,0.563,4
1.02,0.512,2
0.52,0.082,3
0.557,0.052,3
0.461,0.695,0
1.006,0.49,2
0.977,0.568,4
1.013,0.52,2
0.179,0.543,0
0.084,0.784,0
0.931,0.578,1
0.963,0.566,4
0.443,0.146,3
0.947,0.466,2
0.524,0.107,3
0.339,0.514,0
0.031,0.742,0
0.437,0.698,0
0.418,0.757,0
0.287,0.545,0
0.423,0.745,0
0.472,0.697,0
0.998,0.5,2
0.307,0.739,0
0.261,0.457,0
0.508,0.045,3
0.287,0.491,0
0.99,0.58,4
0.231,0.518,0
0.118,0.684,0
0.042,0.763,0
0.341,0.51,0
0.474,0.038,3
0.303,0.493,0
0.485,0.721,0
0.548,0.09,3
0.091,0.775,0
0.492,0.112,3
0.216,0.479,0
0.422,0.669,0
0.487,0.059,3
0.045,0.743,0
0.478,0.011,3
0.256,0.487,0
0.228,0.508,0
0.192,0.504,0
0.511,0.01,3
0.473,0.068,3
0.466,0.049,3
0.267,0.528,0
0.285,0.549,0
0.062,0.867,0
0.277,0.576,0
0.073,0.785,0
0.481,0.685,0
0.507,0.008,3
1,0.607,4
0.479,0.72,0
0.99,0.582,4
0.486,0.651,0
1.02,0.545,4
0.249,0.476,0
0.114,0.773,0
0.454,0.759,0
0.236,0.445,0
0.272,0.555,0
0.462,0.739,0
0.352,0.756,0
0.955,0.551,1
0.939,0.61,4
0.489,0.035,3
0.118,0.759,0
0.014,0.817,0
0.06,0.821,0
0.923,0.6,1
0.07,0.779,0
1.02,0.461,2
0.962,0.552,1
1.008,0.526,2
0.417,0.05,3
0.353,0.439,0
0.293,0.436,0
0.49,0.714,0
0.989,0.594,4
0.523,0.028,3
0.952,0.547,1
0.232,0.468,0
0.413,0.692,0
0.104,0.808,0
0.472,0.685,0
0.51,0.065,3
0.441,0.657,0
0.036,0.743,0
1.006,0.494,2
1.006,0.458,2
0.356,0.778,0
0.977,0.482,2
0.455,0.728,0
0.437,0.052,3
0.479,0.723,0
0.032,0.805,0
0.554,0.075,3
0.349,0.474,0
0.442,0.784,0
0.081,0.79,0
0.466,0.71,0
0.32,0.505,0
0.058,0.694,0
0.963,0.606,4
0.965,0.602,4
0.549,0.128,3
0.066,0.826,0
0.999,0.486,2
0.051,0.77,0
0.383,0.741,0
0.539,0.022,3
1.042,0.533,2
0.378,0.683,0
0.039,0.757,0
0.476,0.145,3
0.908,0.471,1
0.239,0.482,0
0.472,0.678,0
0.472,0.004,3
0.508,0.098,3
0.04,0.78,0
0.488,0.766,0
0.434,0.73,0
0.49,0.683,0
0.361,0.697,0
0.493,0.047,3
0.474,0.098,3
0.454,0.76,0
1.065,0.533,2
0.208,0.453,0
0.515,0.07,3
0.235,0.491,0
0.433,0.744,0
1.015,0.578,4
0.522,0.082,3
0.326,0.529,0
0.503,0.042,3
0.252,0.503,0
0.482,0.637,0
0.455,0.03,3
0.4,0.677,0
0.973,0.511,2
0.108,0.689,0
0.521,0.059,3
0.279,0.503,0
0.432,0.722,0
0.406,0.733,0
0.298,0.46,0
0.079,0.763,0
0.295,0.476,0
0.118,0.734,0
0.299,0.493,0
0.067,0.802,0
0.474,0.742,0
0.26,0.538,0
0.262,0.465,0
0.383,0.658,0
1.017,0.548,4
0.477,0.696,0
0.935,0.642,4
0.104,0.823,0
0.445,0.722,0
1.044,0.548,4
0.053,0.768,0
0.218,0.49,0
0.942,0.556,1
0.082,0.852,0
0.503,0.729,0
0.487,0.105,3
0.469,0.698,0
1.024,0.527,2
0.483,0.017,3
0.394,0.706,0
0.324,0.456,0
0.26,0.463,0
0.435,0.735,0
0.416,0.762,0
0.265,0.521,0
0.535,0.063,3
0.918,0.508,1
1.005,0.492,2
0.51,0.017,3
0.365,0.769,0
0.384,0.742,0
0.482,0.706,0
0.042,0.745,0
0.436,0.748,0
0.005,0.784,0
0.43,0.738,0
0.613,0.115,3
0.477,0.659,0
0.26,0.514,0
0.015,0.801,0
0.523,0.038,3
0.475,0.77,0
0.536,0.115,3
0.431,0.702,0
0.437,0.775,0
0.472,0.733,0
0.503,0.117,3
0.434,0.731,0
1.002,0.593,4
0.413,0.707,0
0.945,0.579,1
0.076,0.836,0
0.115,0.763,0
0.98,0.528,2
0.419,0.73,0
0.968,0.564,4
0.231,0.497,0
0.223,0.447,0
0.946,0.557,1
0.26,0.501,0
0.051,0.814,0
0.525,0.031,3
0.463,0.078,3
0.952,0.5,1
0.506,0.055,3
0.254,0.496,0
0.289,0.493,0
0.468,0.069,3
0.359,0.65,0
0.961,0.515,1
0.239,0.469,0
0.059,0.75,0
0.979,0.569,4
0.506,0.127,3
0.522,0.064,3
0.118,0.831,0
0.969,0.568,4
0.385,0.722,0
0.279,0.464,0
0.184,0.459,0
0.497,0.034,3
0.921,0.539,1
0.439,0.722,0
0.538,0.079,3
0.14,0.749,0
0.53,0.054,3
0.067,0.712,0
0.289,0.548,0
0.479,0.104,3
0.051,0.869,0
0.005,0.797,0
0.445,0.69,0
0.936,0.567,1
0.501,0.044,3
0.518,0.632,0
0.413,0.725,0
0.972,0.494,2
1.099,0.551,4
0.257,0.528,0
0.212,0.513,0
0.498,0.025,3
0.293,0.452,0
0.31,0.478,0
0.104,0.706,0
0.039,0.784,0
0.374,0.777,0
0.104,0.814,0
0.494,0.767,0
0.282,0.447,0
0.353,0.745,0
0.471,0.769,0
0.068,0.754,0
0.09,0.838,0
0.246,0.532,0
0.113,0.769,0
1.056,0.519,2
0.982,0.515,2
0.119,0.725,0
0.514,0.772,0
0.023,0.789,0
0.947,0.488,1
0.273,0.533,0
0.115,0.802,0
0.468,0.077,3
0.987,0.514,2
0.586,0.015,3
0.529,0.071,3
0.255,0.473,0
1.03,0.509,2
1,0.584,4
0.136,0.751,0
0.06,0.734,0
0.934,0.533,1
1.019,0.502,2
0.055,0.774,0
0.004,0.727,0
0.503,0.093,3
0.509,0.751,0
0.265,0.496,0
0.258,0.567,0
0.291,0.476,0
0.315,0.498,0
0.43,0.694,0
0.21,0.489,0
0.508,0.083,3
0.949,0.597,4
0.999,0.569,4
0.462,0.029,3
0.536,0.101,3
0.959,0.536,1
0.961,0.622,4
0.414,0.046,3
0.411,0.755,0
0.113,0.703,0
0.46,0.043,3
0.496,0.717,0
0.379,0.72,0
0.977,0.595,4
0.997,0.56,4
0.457,0.719,0
0.991,0.518,2
0.505,0.031,3
0.124,0.815,0
0.506,0.104,3
0.528,0.033,3
0.271,0.526,0
0.224,0.529,0
0.464,0.714,0
0.285,0.422,0
0.445,0.676,0
0.494,0.116,3
0.962,0.535,1
0.52,0.007,3
0.966,0.438,2
0.505,0.02,3
0.47,0.673,0
0.394,0.733,0
1.016,0.542,4
0.439,0.723,0
0.486,0.686,0
0.473,0.71,0
0.31,0.61,0
0.465,0.088,3
0.533,0.103,3
0.23,0.466,0
0.07,0.709,0
0.076,0.813,0
0.229,0.481,0
0.268,0.504,0
0.596,0.092,3
0.019,0.734,0
0.465,0.763,0
0.449,0.72,0
0.064,0.74,0
0.514,0.054,3
0.489,0.041,3
1.028,0.502,2
0.257,0.451,0
0.251,0.515,0
0.073,0.729,0
0.071,0.764,0
0.344,0.544,0
0.005,0.729,0
0.04,0.738,0
0.228,0.517,0
0.493,0.117,3
0.122,0.804,0
0.998,0.602,4
0.959,0.535,1
0.298,0.519,0
0.346,0.757,0
0.093,0.764,0
0.966,0.532,1
0.495,0.059,3
0.082,0.839,0
1.022,0.509,2
0.422,0.738,0
0.403,0.68,0
0.27,0.527,0
0.108,0.737,0
0.948,0.51,1
0.244,0.548,0
0.478,0.716,0
0.943,0.485,1
0.926,0.582,1
0.524,0.004,3
0.25,0.437,0
0.485,0.806,0
0.074,0.816,0
0.241,0.554,0
0.468,0.015,3
0.414,0.75,0
0.059,0.855,0
0.999,0.499,2
0.471,0.1,3
0.437,0.755,0
0.161,0.778,0
0.544,0.097,3
0.959,0.488,2
0.467,0.76,0
0.265,0.501,0
0.504,0.701,0
0.521,0.033,3
0.02,0.786,0
0.393,0.004,3
0.027,0.754,0
0.475,0.075,3
0.41,0.701,0
1.026,0.569,4
0.963,0.519,1
0.414,0.746,0
0.948,0.537,1
0.369,0.711,0
0.101,0.765,0
0.936,0.637,4
0.527,0.037,3
0.016,0.76,0
0.493,0.082,3
0.415,0.757,0
0.519,0.001,3
0.274,0.568,0
0.1,0.749,0
0.473,0.123,3
0.246,0.473,0
0.53,0.02,3
0.282,0.498,0
0.432,0.721,0
0.417,0.744,0
0.469,0.07,3
0.301,0.471,0
0.46,0.737,0
0.426,0.74,0
0.139,0.787,0
0.026,0.811,0
0.378,0.734,0
1.014,0.546,4
0.16,0.767,0
0.414,0.728,0
0.899,0.502,1
0.439,0.728,0
0.227,0.437,0
0.071,0.789,0
0.539,0.044,3
0.234,0.418,0
0.212,0.486,0
0.189,0.497,0
0.224,0.425,0
0.462,0.045,3
0.054,0.751,0
0.288,0.485,0
0.427,0.118,3
0.889,0.534,1
0.423,0.743,0
0.999,0.59,4
0.231,0.568,0
1.001,0.576,4
0.024,0.789,0
0.001,0.764,0
0.051,0.809,0
0.218,0.546,0
0.49,0.071,3
0.552,0.02,3
0.066,0.781,0
0.094,0.752,0
0.222,0.453,0
0.05,0.752,0
0.474,0.739,0
0.299,0.556,0
0.489,0.052,3
0.446,0.787,0
0.415,0.109,3
0.04,0.836,0
0.234,0.515,0
0.457,0.027,3
0.416,0.75,0
0.514,0.055,3
0.996,0.533,2
0.465,0.056,3
0.497,0.107,3
0.456,0.031,3
0.061,0.747,0
0.2,0.43,0
0.288,0.541,0
0.462,0.739,0
1.031,0.495,2
0.515,0.088,3
0.276,0.501,0
0.258,0.467,0
0.44,0.095,3
0.502,0.754,0
1,0.602,4
0.96,0.522,1
1.052,0.553,4
0.245,0.435,0
0.269,0.472,0
0.454,0.75,0
0.105,0.757,0
0.072,0.796,0
0.98,0.513,2
0.089,0.75,0
0.396,0.73,0
0.261,0.465,0
0.541,0.081,3
0.466,0.061,3
0.097,0.739,0
0.39,0.677,0
0.448,0.702,0
0.069,0.809,0
0.931,0.556,1
0.967,0.5,2
0.267,0.474,0
0.052,0.827,0
0.438,0.743,0
0.49,0.052,3
1.012,0.542,4
0.505,0.041,3
0.984,0.545,4
0.237,0.572,0
0.255,0.519,0
0.489,0.072,3
0.931,0.588,1
0.958,0.583,4
0.45,0.736,0
0.481,0.702,0
0.096,0.801,0
0.957,0.538,1
0.251,0.556,0
0.47,0.796,0
0.248,0.52,0
0.476,0.127,3
0.236,0.513,0
0.477,0.744,0
0.413,0.126,3
0.125,0.744,0
0.062,0.817,0
0.509,0.041,3
0.298,0.547,0
0.428,0.689,0
0.247,0.574,0
0.049,0.85,0
0.108,0.755,0
0.554,0.018,3
0.287,0.542,0
0.271,0.612,0
0.591,0.75,0
0.514,0.015,3
0.545,0.098,3
0.466,0.678,0
0.038,0.716,0
0.035,0.775,0
0.412,0.713,0
0.445,0.112,3
1,0.583,4
1.028,0.548,4
0.415,0.818,0
0.004,0.718,0
0.023,0.747,0
0.464,0.157,3
0.237,0.478,0
0.45,0.064,3
0.516,0.097,3
0.252,0.5,0
0.213,0.516,0
0.938,0.517,1
0.002,0.749,0
0.094,0.753,0
0.442,0.745,0
0.254,0.474,0
0.449,0.747,0
0.246,0.481,0
0.992,0.548,4
0.096,0.795,0
0.434,0.701,0
1.013,0.566,4
0.27,0.483,0
0.417,0.744,0
0.265,0.545,0
0.064,0.712,0
0.301,0.475,0
0.373,0.763,0
0.976,0.602,4
0.099,0.799,0
0.323,0.505,0
0.527,0.054,3
0.4,0.68,0
0.066,0.804,0
0.455,0.078,3
1.031,0.53,2
0.309,0.518,0
0.058,0.753,0
0.541,0.004,3
0.953,0.539,1
0.335,0.495,0
0.296,0.557,0
0.255,0.468,0
0.483,0.046,3
0.217,0.507,0
0.273,0.493,0
0.069,0.762,0
0.938,0.5,1
0.193,0.529,0
1.027,0.562,4
0.277,0.559,0
0.329,0.488,0
0.52,0.027,3
0.287,0.501,0
0.264,0.49,0
0.266,0.539,0
0.526,0.111,3
0.094,0.811,0
0.294,0.517,0
0.489,0.726,0
0.267,0.436,0
0.293,0.473,0
0.282,0.452,0
0.143,0.825,0
0.518,0.037,3
0.377,0.74,0
0.511,0.047,3
1.013,0.516,2
0.102,0.656,0
0.145,0.736,0
0.5,0.665,0
0.205,0.528,0
1.016,0.562,4
0.005,0.777,0
0.211,0.442,0
0.328,0.53,0
0.442,0.093,3
0.911,0.533,1
0.292,0.52,0
0.265,0.459,0
0.46,0.754,0
0.443,0.835,0
0.449,0.048,3
0.406,0.717,0
0.453,0.093,3
0.082,0.782,0
1.011,0.568,4
0.435,0.684,0
0.208,0.46,0
1.029,0.484,2
0.327,0.477,0
0.214,0.791,0
0.006,0.753,0
0.477,0.046,3
0.254,0.436,0
0.522,0.083,3
0.099,0.77,0
0.521,0.117,3
0.406,0.658,0
0.056,0.781,0
0.325,0.55,0
0.187,0.472,0
0.436,0.758,0
1.001,0.601,4
0.442,0.677,0
0.473,0.772,0
0.497,0.727,0
0.129,0.772,0
0.949,0.587,4
1.019,0.523,2
0.009,0.877,0
0.463,0.085,3
0.464,0.747,0
0.553,0.146,3
0.051,0.826,0
1.013,0.555,4
0.296,0.476,0
0.442,0.637,0
0.176,0.475,0
1.046,0.543,4
0.225,0.522,0
0.11,0.762,0
0.104,0.738,0
0.265,0.521,0
0.074,0.745,0
1.007,0.515,2
0.324,0.522,0
0.156,0.754,0
0.099,0.766,0
0.423,0.82,0
0.455,0.043,3
0.497,0.772,0
0.445,0.688,0
0.943,0.541,1
0.434,0.681,0
0.409,0.684,0
0.324,0.512,0
0.407,0.035,3
0.356,0.549,0
0.202,0.555,0
0.422,0.753,0
0.442,0.098,3
0.473,0.078,3
0.935,0.592,1
0.994,0.496,2
0.913,0.53,1
0.469,0.113,3
0.323,0.58,0
0.089,0.683,0
0.304,0.512,0
0.23,0.502,0
0.911,0.602,1
0.504,0.087,3
0.528,0.063,3
0.278,0.533,0
1.001,0.601,4
0.056,0.676,0
0.489,0.696,0
0.268,0.489,0
0.477,0.688,0
0.5,0.08,3
0.312,0.465,0
0.437,0.704,0
0.277,0.467,0
1.007,0.608,4
0.089,0.809,0
0.136,0.727,0
0.14,0.797,0
0.438,0.679,0
0.297,0.542,0
0.48,0.706,0
0.03,0.745,0
0.137,0.768,0
0.423,0.716,0
0.41,0.743,0
0.986,0.535,2
0.038,0.836,0
0.936,0.559,1
0.405,0.79,0
0.415,0.006,3
0.471,0.034,3
0.446,0.753,0
0.955,0.59,4
0.102,0.787,0
0.57,0.061,3
0.06,0.786,0
0.273,0.469,0
0.469,0.712,0
0.299,0.483,0
0.489,0.126,3
0.421,0.743,0
0.045,0.744,0
0.954,0.578,4
0.405,0.729,0
0.282,0.525,0
0.254,0.498,0
0.977,0.53,2
0.208,0.459,0
0.462,0.709,0
0.298,0.524,0
0.541,0.728,0
0.968,0.514,2
0.288,0.49,0
0.513,0,3
0.969,0.57,4
0.5,0.096,3
0.915,0.567,1
0.097,0.821,0
0.319,0.451,0
0.452,0.709,0
0.364,0.784,0
0.378,0.776,0
0.121,0.772,0
1.08,0.535,2
0.526,0.072,3
0.524,0.069,3
0.308,0.472,0
0.485,0.729,0
0.994,0.506,2
0.067,0.847,0
1.016,0.551,4
0.459,0.751,0
0.099,0.801,0
0.994,0.509,2
0.478,0.059,3
0.545,0.063,3
0.479,0.743,0
0.554,0.126,3
0.101,0.758,0
0.06,0.774,0
0.127,0.745,0
0.057,0.806,0
0.473,0.68,0
0.022,0.791,0
0.25,0.446,0
0.212,0.477,0
0.037,0.777,0
0.443,0.662,0
0.994,0.493,2
0.459,0.692,0
0.157,0.729,0
0.959,0.6,4
0.513,0.066,3
0.1,0.76,0
0.469,0.021,3
0.483,0.755,0
0.455,0.683,0
0.53,0.061,3
0.206,0.524,0
0.49,0.063,3
1.026,0.512,2
0.513,0.05,3
0.551,0.066,3
0.396,0.686,0
0.077,0.793,0
0.586,0.041,3
0.222,0.567,0
0.452,0.748,0
0.944,0.527,1
0.013,0.746,0
0.424,0.733,0
0.458,0.125,3
0.464,0.709,0
0.47,0.067,3
1.072,0.577,4
0.331,0.591,0
0.206,0.527,0
0.12,0.799,0
0.978,0.542,4
0.378,0.759,0
0.462,0.038,3
0.48,0.664,0
0.256,0.464,0
1.055,0.55,4
0.082,0.766,0
0.25,0.521,0
0.518,0.078,3
0.048,0.761,0
0.068,0.831,0
0.565,0.088,3
0.067,0.767,0
0.583,0.031,3
0.439,0.702,0
0.254,0.494,0
0.462,0.701,0
0.473,0.061,3
0.279,0.487,0
0.913,0.563,1
0.277,0.446,0
0.222,0.461,0
0.957,0.53,1
0.097,0.837,0
0.362,0.787,0
0.236,0.507,0
0.549,0.707,0
0.48,0.13,3
0.498,0.079,3
0.415,0.718,0
0.967,0.499,2
0.26,0.527,0
0.48,0.725,0
0.244,0.523,0
0.529,0.092,3
0.113,0.794,0
0.223,0.53,0
1.018,0.562,4
0.401,0.798,0
0.422,0.687,0
0.427,0.663,0
0.243,0.498,0
0.461,0.722,0
0.112,0.797,0
0.429,0.078,3
0.465,0.72,0
1.035,0.449,2
0.541,0.025,3
0.054,0.834,0
0.534,0.042,3
0.304,0.535,0
0.237,0.496,0
0.512,0.009,3
0.321,0.494,0
0.49,0.677,0
0.859,0.539,1
0.154,0.478,0
0.395,0.689,0
0.338,0.5,0
0.071,0.85,0
0.268,0.529,0
1.078,0.598,4
0.471,0.739,0
1.031,0.588,4
0.925,0.518,1
0.447,0.74,0
0.06,0.763,0
0.428,0.731,0
0.976,0.487,2
0.162,0.812,0
0.348,0.703,0
0.999,0.478,2
0.458,0.818,0
0.344,0.498,0
0.49,0.015,3
0.253,0.469,0
0.435,0.728,0
0.326,0.546,0
0.056,0.795,0
0.423,0.756,0
0.997,0.571,4
0.934,0.565,1
0.49,0.091,3
0.308,0.566,0
0.537,0.053,3
0.475,0.666,0
0.494,0.118,3
0.51,0.001,3
0.421,0.63,0
0.973,0.491,2
0.904,0.56,1
0.29,0.526,0
0.283,0.497,0
0.616,0.071,3
1.002,0.539,2
0.097,0.739,0
0.257,0.532,0
0.48,0.05,3
0.313,0.446,0
0.936,0.593,1
0.958,0.564,1
0.51,0.076,3
0.04,0.817,0
0.987,0.543,4
1.025,0.518,2
0.074,0.773,0
0.063,0.78,0
0.08,0.693,0
0.443,0.737,0
0.28,0.53,0
0.44,0.085,3
0.992,0.512,2
0.031,0.774,0
0.439,0.751,0
0.053,0.779,0
0.367,0.712,0
0.268,0.592,0
0.055,0.761,0
0.416,0.747,0
0.45,0.758,0
0.23,0.537,0
0.463,0.031,3
0.981,0.532,2
0.991,0.55,4
0.07,0.785,0
0.073,0.758,0
0.254,0.528,0
0.489,0.035,3
0.248,0.505,0
0.5,0.073,3
0.336,0.508,0
0.446,0.783,0
0.953,0.581,4
0.484,0.073,3
1.001,0.573,4
0.509,0.724,0
0.277,0.477,0
0.492,0.136,3
0.075,0.712,0
0.31,0.477,0
0.293,0.499,0
0.433,0.791,0
0.265,0.479,0
0.244,0.421,0
0.953,0.55,1
0.063,0.742,0
0.174,0.744,0
0.317,0.479,0
0.961,0.519,1
0.085,0.761,0
0.074,0.799,0
0.963,0.546,1
0.508,0.069,3
0.525,0.095,3
0.463,0.76,0
0.428,0.697,0
0.12,0.739,0
0.421,0.742,0
0.126,0.722,0
0.099,0.828,0
0.058,0.84,0
0.269,0.455,0
0.957,0.574,4
0.539,0.036,3
0.551,0.065,3
0.42,0.714,0
0.167,0.815,0
0.052,0.792,0
0.484,0.049,3
0.418,0.765,0
0.147,0.811,0
0.429,0.747,0
0.111,0.752,0
0.053,0.728,0
0.419,0.703,0
0.378,0.77,0
1.032,0.482,2
0.466,0.687,0
0.275,0.519,0
0.031,0.778,0
1.072,0.473,2
0.165,0.762,0
0.554,0.074,3
0.108,0.866,0
0.074,0.769,0
0.052,0.863,0
0.413,0.643,0
0.49,0.684,0
0.097,0.774,0
0.507,0.053,3
0.523,0.109,3
0.308,0.497,0
0.28,0.541,0
0.435,0.118,3
0.494,0.723,0
0.026,0.822,0
0.449,0.689,0
0.063,0.823,0
0.401,0.733,0
0.92,0.588,1
0.028,0.815,0
0.553,0.069,3
0.547,0.042,3
0.511,0.086,3
0.494,0.06,3
0.039,0.794,0
0.428,0.072,3
0.522,0.018,3
0.36,0.64,0
0.091,0.806,0
0.984,0.515,2
0.369,0.687,0
1.007,0.516,2
0.025,0.811,0
0.138,0.756,0
0.417,0.642,0
0.266,0.517,0
0.454,0.727,0
0.086,0.798,0
0.096,0.841,0
0.347,0.572,0
0.932,0.518,1
0.313,0.569,0
0.475,0.016,3
0.476,0.116,3
0.493,0.043,3
0.415,0.723,0
0.504,0.113,3
0.555,0.051,3
0.001,0.776,0
0.268,0.517,0
0.974,0.544,4
0.431,0.71,0
0.025,0.718,0
0.503,0.042,3
0.222,0.531,0
0.447,0.096,3
0.498,0.694,0
0.503,0.105,3
0.481,0.108,3
0.347,0.555,0
0.063,0.795,0
0.496,0.087,3
0.442,0.692,0
0.233,0.519,0
0.96,0.632,4
0.273,0.56,0
0.522,0.087,3
0.307,0.428,0
0.937,0.555,1
0.239,0.472,0
0.996,0.544,4
1.007,0.518,2
0.44,0.696,0
0.344,0.764,0
0.027,0.747,0
0.388,0.77,0
0.096,0.741,0
0.422,0.675,0
0.513,0.76,0
0.927,0.49,1
0.047,0.803,0
0.28,0.516,0
0.493,0.126,3
0.493,0.152,3
0.43,0.791,0
1,0.508,2
0.385,0.712,0
0.089,0.81,0
0.462,0.703,0
0.469,0.683,0
0.967,0.553,1
0.483,0.727,0
0.959,0.491,2
0.496,0.064,3
0.415,0.77,0
0.475,0.137,3
0.968,0.502,2
0.058,0.738,0
0.019,0.797,0
0.458,0.785,0
0.433,0.756,0
0.477,0.054,3
0.538,0.056,3
0.517,0.098,3
0.493,0.647,0
0.492,0.057,3
0.294,0.532,0
1.023,0.637,4
0.517,0.722,0
0.1,0.856,0
0.206,0.494,0
0.482,0.777,0
0.985,0.453,2
0.126,0.754,0
0.474,0.106,3
0.316,0.504,0
0.402,0.758,0
0.044,0.781,0
0.038,0.729,0
0.316,0.468,0
0.127,0.751,0
0.292,0.477,0
0.991,0.606,4
0.556,0.109,3
0.443,0.796,0
0.038,0.739,0
0.587,0.114,3
0.876,0.505,1
0.259,0.503,0
0.299,0.547,0
0.216,0.484,0
0.519,0.006,3
0.038,0.814,0
0.906,0.597,1
0.067,0.84,0
0.316,0.462,0
0.463,0.764,0
0.303,0.489,0
0.533,0.08,3
0.424,0.701,0
0.556,0.034,3
0.052,0.796,0
0.914,0.564,1
0.237,0.525,0
0.444,0.675,0
0.477,0.68,0
1.092,0.482,2
0.045,0.789,0
0.487,0.713,0
0.503,0.058,3
0.898,0.513,1
0.393,0.69,0
0.125,0.795,0
0.104,0.775,0
0.526,0.023,3
0.987,0.593,4
0.202,0.466,0
0.087,0.829,0
1.017,0.557,4
0.333,0.44,0
0.282,0.54,0
0.527,0.107,3
0.374,0.715,0
0.039,0.729,0
0.32,0.491,0
0.252,0.499,0
0.876,0.525,1
0.084,0.768,0
0.987,0.531,2
0.417,0.729,0
0.223,0.581,0
0.498,0.002,3
0.416,0.668,0
1.056,0.53,2
0.212,0.48,0
0.487,0.722,0
0.095,0.815,0
0.973,0.586,4
0.946,0.506,1
0.464,0.709,0
0.512,0.141,3
0.51,0.75,0
0.226,0.446,0
0.289,0.425,0
0.543,0.158,3
0.496,0.05,3
1.03,0.496,2
0.997,0.6,4
0.548,0.112,3
0.564,0.059,3
1.046,0.61,4
0.244,0.461,0
0.955,0.537,1
0.517,0.042,3
0.978,0.577,4
0.484,0.035,3
0.997,0.494,2
0.977,0.502,2
0.963,0.482,2
0.28,0.499,0
0.452,0.713,0
0.985,0.571,4
0.241,0.49,0
0.493,0.047,3
0.117,0.76,0
0.556,0.044,3
0.266,0.452,0
0.28,0.533,0
0.446,0.735,0
0.314,0.52,0
0.934,0.535,1
0.07,0.778,0
0.927,0.576,1
0.918,0.515,1
0.241,0.417,0
0.971,0.64,4
0.554,0.05,3
0.957,0.536,1
0.486,0.045,3
0.309,0.477,0
0.609,0.049,3
0.083,0.799,0
0.294,0.506,0
0.042,0.839,0
0.445,0.076,3
0.402,0.686,0
0.096,0.748,0
0.495,0.713,0
0.313,0.56,0
0.427,0.744,0
0.287,0.421,0
0.27,0.492,0
0.046,0.76,0
0.174,0.517,0
0.002,0.795,0
0.273,0.478,0
0.995,0.64,4
0.526,0.043,3
0.467,0.731,0
0.938,0.518,1
0.463,0.027,3
0.469,0.73,0
0.992,0.555,4
0.455,0.712,0
1.065,0.501,2
0.495,0.08,3
0.096,0.778,0
0.285,0.436,0
0.898,0.569,1
0.472,0.178,3
0.096,0.738,0
0.303,0.548,0
0.317,0.494,0
0.514,0.098,3
0.532,0.039,3
0.45,0.642,0
1.083,0.478,2
0.079,0.782,0
0.512,0.037,3
0.095,0.77,0
0.465,0.732,0
1.058,0.569,4
0.463,0.682,0
0.053,0.858,0
0.498,0.075,3
0.47,0.081,3
1.004,0.555,4
0.104,0.759,0
0.522,0.068,3
0.322,0.55,0
0.456,0.681,0
1.022,0.499,2
0.34,0.504,0
0.364,0.758,0
0.09,0.817,0
0.924,0.51,1
0.057,0.829,0
0.44,0.713,0
1.032,0.589,4
0.484,0.067,3
0.076,0.762,0
0.276,0.477,0
0.412,0.694,0
0.505,0.738,0
0.506,0.002,3
0.251,0.43,0
0.425,0.028,3
1.082,0.646,4
0.299,0.555,0
0.448,0.678,0
0.339,0.491,0
0.143,0.736,0
0.469,0.771,0
0.912,0.576,1
0.284,0.521,0
0.092,0.773,0
0.998,0.491,2
0.185,0.504,0
0.384,0.678,0
0.939,0.599,4
0.522,0.075,3
0.445,0.712,0
0.241,0.534,0
0.137,0.757,0
0.266,0.466,0
0.962,0.595,4
0.39,0.715,0
0.211,0.541,0
0.244,0.401,0
0.433,0.721,0
0.047,0.813,0
0.421,0.076,3
0.417,0.731,0
0.294,0.552,0
0.964,0.53,1
0.483,0.776,0
0.07,0.751,0
0.411,0.701,0
0.943,0.583,1
0.963,0.457,2
0.07,0.806,0
0.237,0.527,0
0.932,0.512,1
0.53,0.682,0
0.034,0.767,0
0.967,0.497,2
0.255,0.507,0
0.316,0.465,0
0.978,0.525,2
0.029,0.836,0
0.555,0.068,3
0.973,0.484,2
0.152,0.769,0
0.989,0.498,2
0.289,0.542,0
0.264,0.507,0
0.45,0.763,0
0.993,0.508,2
0.525,0.719,0
0.45,0.714,0
0.019,0.723,0
0.294,0.45,0
0.443,0.046,3
0.462,0.657,0
0.299,0.526,0
0.578,0.094,3
0.073,0.789,0
0.124,0.747,0
0.439,0.737,0
0.492,0.019,3
0.984,0.515,2
0.52,0.647,0
0.93,0.567,1
0.447,0.776,0
0.147,0.811,0
0.484,0.122,3
0.462,0.097,3
0.028,0.824,0
0.109,0.789,0
1.021,0.516,2
0.259,0.46,0
0.428,0.685,0
0.116,0.85,0
0.244,0.526,0
0.252,0.507,0
0.267,0.432,0
0.106,0.748,0
0.273,0.527,0
0.061,0.767,0
0.414,0.702,0
0.402,0.718,0
0.484,0.727,0
0.218,0.532,0
0.97,0.485,2
0.238,0.436,0
0.262,0.464,0
0.302,0.507,0
0.535,0.047,3
0.003,0.76,0
0.079,0.778,0
0.059,0.867,0
0.018,0.778,0
0.516,0.081,3
0.563,0.106,3
0.042,0.784,0
0.109,0.83,0
0.517,0.076,3
0.918,0.554,1
0.007,0.713,0
0.447,0.084,3
0.064,0.849,0
0.434,0.051,3
0.403,0.669,0
0.518,0.012,3
0.27,0.467,0
0.505,0.696,0
0.524,0.083,3
0.528,0.074,3
0.41,0.791,0
0.462,0.757,0
0.518,0.125,3
0.31,0.508,0
0.539,0.722,0
0.368,0.707,0
0.956,0.519,1
0.277,0.481,0
0.472,0.055,3
0.402,0.694,0
0.542,0.105,3
1.002,0.554,4
0.511,0.158,3
0.531,0.141,3
1.011,0.579,4
0.373,0.665,0
0.042,0.795,0
0.15,0.825,0
0.974,0.589,4
0.092,0.75,0
0.456,0.749,0
0.969,0.486,2
0.045,0.753,0
0.108,0.76,0
0.324,0.527,0
0.26,0.424,0
0.034,0.768,0
0.492,0.041,3
0.995,0.483,2
0.086,0.827,0
1.024,0.591,4
0.299,0.468,0
0.254,0.533,0
0.979,0.527,2
0.461,0.118,3
0.208,0.487,0
0.952,0.588,4
0.086,0.772,0
0.483,0.668,0
0.064,0.755,0
0.482,0.086,3
0.869,0.549,1
0.424,0.702,0
0.487,0.041,3
0.509,0.126,3
0.52,0.059,3
0.517,0.116,3
1.014,0.519,2
0.288,0.479,0
0.077,0.811,0
0.421,0.753,0
0.291,0.554,0
0.444,0.776,0
1.024,0.537,2
0.233,0.442,0
0.432,0.778,0
1.025,0.534,2
0.399,0.768,0
0.408,0.694,0
0.091,0.759,0
0.403,0.765,0
0.398,0.694,0
0.142,0.803,0
0.245,0.433,0
0.41,0.66,0
1.083,0.554,4
0.22,0.457,0
0.51,0.138,3
0.282,0.528,0
0.283,0.472,0
0.097,0.727,0
0.114,0.754,0
0.081,0.775,0
0.997,0.546,4
0.917,0.492,1
1.009,0.517,2
0.431,0.786,0
0.493,0.055,3
0.457,0.654,0
0.49,0.101,3
0.045,0.799,0
1.014,0.555,4
0.25,0.525,0
0.038,0.71,0
0.415,0.746,0
0.413,0.751,0
0.234,0.45,0
0.41,0.716,0
0.507,0.156,3
0.003,0.748,0
0.268,0.501,0
0.934,0.538,1
0.236,0.503,0
1.033,0.53,2
0.372,0.453,0
1.006,0.565,4
0.093,0.778,0
0.389,0.702,0
1.028,0.555,4
0.106,0.754,0
0.128,0.798,0
0.516,0.062,3
0.428,0.661,0
0.423,0.735,0
0.264,0.494,0
0.94,0.44,2
0.443,0.761,0
0.047,0.782,0
0.463,0.794,0
0.424,0.717,0
0.425,0.748,0
0.245,0.496,0
0.228,0.452,0
0.037,0.764,0
0.475,0.677,0
0.919,0.569,1
0.498,0.778,0
0.934,0.556,1
0.442,0.819,0
0.122,0.797,0
0.368,0.69,0
0.504,0.031,3
0.436,0.733,0
0.448,0.749,0
0.114,0.814,0
0.894,0.48,1
0.488,0.062,3
0.501,0.666,0
0.112,0.833,0
0.242,0.556,0
0.965,0.622,4
0.104,0.822,0
0.437,0.703,0
0.219,0.527,0
0.471,0.768,0
0.234,0.437,0
0.574,0.138,3
0.091,0.756,0
0.56,0.094,3
0.985,0.519,2
0.269,0.502,0
0.29,0.53,0
0.456,0.141,3
0.494,0.035,3
0.983,0.543,4
0.429,0.819,0
0.404,0.683,0
0.061,0.711,0
0.015,0.831,0
0.248,0.447,0
0.575,0.029,3
0.277,0.516,0
0.523,0.109,3
0.199,0.465,0
0.443,0.717,0
0.265,0.492,0
0.086,0.737,0
0.05,0.794,0
0.289,0.579,0
0.262,0.552,0
0.024,0.756,0
0.369,0.751,0
0.423,0.713,0
0.433,0.044,3
0.96,0.556,1
0.999,0.448,2
0.965,0.554,1
0.056,0.652,0
0.28,0.533,0
0.951,0.518,1
0.272,0.504,0
0.534,0.027,3
0.48,0.073,3
0.518,0.056,3
0.516,0.669,0
0.309,0.586,0
0.28,0.483,0
0.482,0.093,3
0.471,0.065,3
0.576,0.055,3
0.237,0.575,0
0.482,0.073,3
0.473,0.01,3
0.231,0.496,0
0.051,0.782,0
0.485,0.799,0
0.533,0.058,3
0.102,0.835,0
0.411,0.74,0
0.943,0.536,1
0.458,0.798,0
0.412,0.715,0
0.481,0.06,3
0.1,0.778,0
0.455,0.7,0
1.009,0.533,2
0.239,0.545,0
0.996,0.582,4
0.055,0.811,0
0.551,0.059,3
0.475,0.094,3
0.451,0.741,0
0.391,0.709,0
0.429,0.66,0
0.956,0.561,1
0.297,0.499,0
0.418,0.744,0
0.053,0.834,0
0.49,0.688,0
0.617,0.089,3
0.326,0.488,0
0.45,0.715,0
0.099,0.815,0
0.454,0.096,3
0.104,0.793,0
0.302,0.499,0
0.964,0.57,4
1.08,0.53,2
0.569,0.045,3
0.016,0.767,0
0.996,0.519,2
0.047,0.783,0
0.294,0.521,0
0.495,0.081,3
0.359,0.739,0
0.232,0.5,0
0.466,0.055,3
0.97,0.552,4
0.273,0.512,0
0.43,0.697,0
0.492,0.713,0
0.437,0.721,0
0.472,0.722,0
0.492,0.678,0
0.431,0.667,0
0.295,0.503,0
0.514,0.032,3
0.02,0.77,0
0.454,0.697,0
0.468,0.716,0
0.454,0.74,0
0.266,0.49,0
0.263,0.461,0
0.447,0.804,0
0.349,0.457,0
0.475,0.08,3
0.928,0.471,1
0.983,0.566,4
0.424,0.755,0
0.091,0.793,0
0.089,0.793,0
0.122,0.799,0
0.445,0.669,0
0.231,0.457,0
0.989,0.435,2
1.065,0.547,4
0.543,0.119,3
0.508,0.136,3
0.093,0.771,0
0.292,0.471,0
0.067,0.777,0
0.325,0.483,0
0.456,0.745,0
1.048,0.556,4
0.971,0.555,4
0.518,0.667,0
0.473,0.04,3
0.449,0.629,0
0.38,0.728,0
0.11,0.768,0
0.914,0.51,1
0.502,0.03,3
0.475,0.835,0
0.078,0.769,0
0.102,0.752,0
0.071,0.769,0
0.25,0.536,0
0.47,0.085,3
0.552,0.093,3
1.042,0.522,2
0.093,0.766,0
1.016,0.537,2
0.949,0.515,1
0.984,0.502,2
0.059,0.811,0
0.479,0.134,3
0.075,0.834,0
0.986,0.548,4
0.085,0.753,0
0.267,0.489,0
1.045,0.592,4
0.081,0.753,0
0.488,0.067,3
0.484,0.116,3
0.102,0.792,0
0.283,0.593,0
0.114,0.674,0
1.02,0.558,4
0.269,0.519,0
0.092,0.697,0
0.954,0.596,4
0.946,0.438,2
0.528,0.042,3
0.327,0.489,0
0.464,0.68,0
0.454,0.023,3
0.386,0.781,0
0.05,0.774,0
0.959,0.483,2
0.054,0.762,0
0.427,0.749,0
0.443,0.12,3
0.228,0.526,0
0.103,0.76,0
0.548,0.084,3
0.294,0.512,0
0.387,0.691,0
0.403,0.721,0
1.043,0.536,2
0.518,0.017,3
0.274,0.453,0
0.514,0.066,3
0.209,0.485,0
0.053,0.758,0
1.017,0.517,2
0.99,0.52,2
0.276,0.503,0
0.399,0.807,0
0.463,0.106,3
0.03,0.751,0
1.013,0.559,4
0.3,0.517,0
0.433,0.722,0
0.124,0.759,0
0.982,0.504,2
0.029,0.73,0
0.49,0.763,0
0.6,0.053,3
0.241,0.579,0
0.43,0.678,0
0.427,0.064,3
0.485,0.022,3
0.499,0.715,0
0.46,0.714,0
0.865,0.519,1
0.509,0.119,3
0.273,0.507,0
0.066,0.831,0
0.272,0.439,0
0.02,0.821,0
0.109,0.829,0
0.483,0.122,3
0.034,0.748,0
0.543,0.1,3
0.429,0.713,0
0.322,0.499,0
0.966,0.568,4
0.252,0.538,0
0.239,0.431,0
0.365,0.734,0
0.436,0.693,0
0.084,0.864,0
0.425,0.735,0
0.914,0.513,1
1.024,0.548,4
0.465,0.08,3
0.977,0.497,2
0.049,0.853,0
0.08,0.745,0
0.519,0.653,0
0.414,0.046,3
0.486,0.706,0
0.434,0.753,0
0.044,0.797,0
0.273,0.501,0
0.464,0.072,3
0.537,0.084,3
0.949,0.54,1
0.911,0.574,1
0.466,0.771,0
0.285,0.552,0
0.32,0.469,0
0.486,0.054,3
0.558,0.076,3
0.456,0.019,3
0.081,0.76,0
0.375,0.73,0
0.44,0.037,3
0.916,0.581,1
0.178,0.765,0
0.071,0.776,0
0.494,0.055,3
0.456,0.715,0
0.23,0.506,0
0.982,0.565,4
0.89,0.492,1
0.031,0.733,0
0.03,0.776,0
0.495,0.055,3
0.415,0.752,0
0.445,0.136,3
0.468,0.642,0
0.043,0.787,0
0.165,0.829,0
0.468,0.744,0
0.413,0.663,0
0.3,0.563,0
0.068,0.777,0
0.946,0.546,1
0.385,0.715,0
0.48,0.073,3
0.271,0.505,0
0.145,0.819,0
0.441,0.735,0
0.969,0.531,1
0.339,0.729,0
0.119,0.777,0
0.419,0.724,0
0.065,0.734,0
0.116,0.789,0
0.303,0.513,0
0.438,0.716,0
0.233,0.485,0
0.503,0.727,0
0.257,0.541,0
0.42,0.108,3
0.185,0.496,0
0.537,0.113,3
0.984,0.497,2
0.946,0.529,1
0.297,0.491,0
0.01,0.751,0
0.945,0.544,1
0.517,0.061,3
0.985,0.543,4
0.066,0.78,0
0.467,0.68,0
0.433,0.086,3
0.479,0.717,0
0.551,0.064,3
0.088,0.782,0
0.954,0.558,1
0.414,0.747,0
0.253,0.484,0
0.498,0.744,0
1.028,0.545,4
0.526,0.07,3
0.278,0.519,0
0.487,0.154,3
0.983,0.524,2
0.988,0.514,2
0.91,0.566,1
0.223,0.527,0
0.277,0.51,0
0.12,0.697,0
0.477,0.099,3
0.445,0.742,0
0.154,0.769,0
0.463,0.745,0
1.019,0.585,4
0.13,0.723,0
0.42,0.781,0
0.897,0.542,1
0.436,0.705,0
1.046,0.551,4
0.522,0.049,3
0.524,0.696,0
1.016,0.575,4
0.284,0.525,0
0.537,0.101,3
0.261,0.5,0
0.137,0.777,0
0.988,0.53,2
0.435,0.689,0
0.499,0.074,3
0.105,0.74,0
0.121,0.773,0
0.28,0.439,0
0.489,0.073,3
0.388,0.716,0
0.102,0.705,0
0.033,0.852,0
0.98,0.558,4
0.347,0.686,0
0.543,0.034,3
0.043,0.835,0
0.378,0.737,0
0.002,0.813,0
0.521,0.049,3
0.535,0.782,0
0.29,0.504,0
0.443,0.048,3
0.903,0.596,1
0.275,0.487,0
0.472,0.065,3
0.335,0.536,0
0.989,0.572,4
0.068,0.757,0
0.907,0.562,1
0.171,0.485,0
0.476,0.066,3
0.48,0.012,3
0.994,0.612,4
0.988,0.499,2
0.391,0.721,0
1.003,0.534,2
0.423,0.719,0
0.123,0.749,0
0.236,0.446,0
0.038,0.781,0
0.447,0.103,3
0.5,0.097,3
0.081,0.777,0
0.416,0.762,0
0.976,0.558,4
0.428,0.73,0
0.205,0.46,0
1.057,0.583,4
0.13,0.722,0
0.531,0.007,3
0.404,0.745,0
0.24,0.573,0
1.024,0.587,4
0.526,0.051,3
0.088,0.848,0
0.123,0.812,0
0.107,0.78,0
0.274,0.521,0
0.349,0.452,0
0.157,0.797,0
0.282,0.56,0
1.007,0.553,4
0.009,0.819,0
0.492,0.122,3
0.428,0.719,0
0.463,0.039,3
0.384,0.771,0
0.348,0.552,0
0.887,0.536,1
0.02,0.843,0
0.949,0.457,2
0.359,0.523,0
0.379,0.69,0
0.49,0.037,3
0.364,0.753,0
0.397,0.767,0
0.266,0.478,0
0.554,0.168,3
0.208,0.526,0
1.068,0.582,4
0.119,0.768,0
0.075,0.752,0
0.094,0.843,0
0.381,0.522,0
0.958,0.578,4
0.486,0.079,3
0.5,0.076,3
0.484,0.715,0
0.29,0.451,0
0.27,0.462,0
0.922,0.643,4
0.27,0.542,0
0.269,0.479,0
0.46,0.707,0
0.322,0.463,0
0.133,0.776,0
0.426,0.082,3
0.074,0.732,0
0.43,0.717,0
0.478,0.689,0
0.973,0.528,2
0.471,0.137,3
0.189,0.473,0
0.974,0.548,4
0.457,0.761,0
0.328,0.521,0
0.489,0.08,3
0.046,0.749,0
0.26,0.539,0
0.074,0.851,0
0.276,0.488,0
0.246,0.465,0
0.524,0.105,3
0.23,0.43,0
0.393,0.674,0
0.447,0.083,3
0.175,0.461,0
0.999,0.512,2
0.967,0.522,1
0.403,0.749,0
0.075,0.771,0
0.994,0.538,2
0.562,0.038,3
0.487,0.786,0
0.499,0.009,3
0.559,0.024,3
0.202,0.519,0
0.289,0.559,0
0.459,0.125,3
0.252,0.473,0
0.968,0.526,1
0.563,0.097,3
0.397,0.699,0
0.409,0.722,0
0.276,0.515,0
1.029,0.573,4
0.074,0.762,0
0.269,0.463,0
0.022,0.77,0
0.979,0.473,2
0.067,0.793,0
0.986,0.574,4
0.991,0.513,2
0.256,0.535,0
0.003,0.808,0
0.132,0.844,0
0.06,0.693,0
0.062,0.802,0
0.432,0.747,0
0.468,0.671,0
0.504,0.707,0
0.494,0.045,3
0.279,0.455,0
0.973,0.535,1
0.427,0.709,0
0.394,0.75,0
0.291,0.488,0
0.113,0.804,0
0.243,0.529,0
0.504,0.079,3
0.298,0.525,0
0.445,0.065,3
1.027,0.513,2
0.522,0.078,3
0.415,0.711,0
0.397,0.716,0
0.259,0.529,0
0.285,0.476,0
0.483,0.077,3
0.518,0.052,3
0.05,0.776,0
0.58,0.095,3
0.438,0.714,0
0.453,0.663,0
1.075,0.568,4
0.472,0.76,0
0.474,0.147,3
0.414,0.774,0
0.5,0.064,3
0.526,0.105,3
0.396,0.723,0
0.313,0.533,0
0.98,0.581,4
0.469,0.096,3
0.567,0.063,3
0.495,0.775,0
1.028,0.597,4
0.215,0.532,0
0.98,0.49,2
0.134,0.766,0
0.484,0.071,3
0.233,0.511,0
0.548,0.729,0
0.962,0.527,1
0.124,0.804,0
0.263,0.514,0
0.149,0.767,0
0.969,0.522,1
0.982,0.461,2
0.015,0.785,0
0.397,0.828,0
0.018,0.846,0
0.309,0.457,0
0.256,0.516,0
0.923,0.509,1
0.431,0.751,0
0.547,0.149,3
0.88,0.518,1
0.003,0.858,0
0.277,0.394,0
0.508,0.053,3
0.561,0.126,3
0.078,0.889,0
0.945,0.476,1
0.481,0.059,3
0.466,0.705,0
0.499,0.683,0
0.305,0.46,0
0.433,0.745,0
0.374,0.742,0
0.448,0.1,3
0.509,0.046,3
0.528,0.054,3
0.535,0.098,3
0.084,0.794,0
0.252,0.528,0
0.487,0.054,3
0.943,0.452,2
0.939,0.502,1
0.966,0.523,1
0.512,0.085,3
0.08,0.765,0
0.419,0.767,0
0.957,0.536,1
0.453,0.692,0
0.519,0.682,0
0.084,0.785,0
0.454,0.101,3
0.998,0.486,2
0.46,0.718,0
0.444,0.714,0
0.378,0.699,0
0.963,0.576,4
0.142,0.795,0
0.481,0.772,0
0.08,0.783,0
0.414,0.725,0
0.241,0.535,0
0.505,0.072,3
0.925,0.486,1
0.481,0.057,3
0.27,0.485,0
0.966,0.556,4
1.002,0.504,2
1.019,0.537,2
0.554,0.042,3
0.225,0.434,0
0.446,0.174,3
0.014,0.804,0
0.489,0.057,3
0.115,0.793,0
1.012,0.574,4
0.413,0.724,0
0.52,0.108,3
0.382,0.743,0
0.535,0.073,3
0.478,0.653,0
0.145,0.807,0
0.873,0.482,1
0.529,0.07,3
0.315,0.551,0
0.517,0.042,3
1.013,0.552,4
0.979,0.517,2
0.232,0.556,0
0.062,0.756,0
0.086,0.798,0
0.495,0.077,3
0.044,0.781,0
0.065,0.785,0
0.85,0.578,1
0.495,0.007,3
0.355,0.47,0
0.445,0.685,0
0.273,0.478,0
0.105,0.835,0
0.283,0.464,0
0.287,0.618,0
0.531,0.088,3
0.209,0.758,0
0.44,0.67,0
0.268,0.515,0
0.45,0.095,3
0.423,0.768,0
0.442,0.645,0
0.462,0.042,3
0.14,0.764,0
0.306,0.646,0
0.52,0.103,3
0.101,0.758,0
0.244,0.536,0
0.947,0.581,1
0.468,0.097,3
0.514,0.744,0
0.422,0.717,0
0.978,0.586,4
0.424,0.711,0
0.052,0.727,0
0.485,0.089,3
0.473,0.744,0
0.134,0.801,0
0.512,0.68,0
0.394,0.734,0
1.021,0.498,2
0.971,0.54,1
0.477,0.142,3
0.055,0.791,0
1.063,0.529,2
0.978,0.527,2
0.376,0.761,0
0.101,0.854,0
0.56,0.097,3
0.116,0.774,0
0.26,0.523,0
0.095,0.812,0
0.952,0.532,1
0.438,0.125,3
0.445,0.766,0
0.39,0.633,0
0.49,0.076,3
0.243,0.531,0
0.076,0.805,0
0.545,0.051,3
0.405,0.71,0
0.487,0.72,0
0.477,0.062,3
0.431,0.744,0
0.52,0.103,3
0.433,0.743,0
1.002,0.521,2
0.485,0.12,3
0.466,0.038,3
0.5,0.118,3
0.975,0.545,4
0.501,0.091,3
0.344,0.526,0
0.472,0.102,3
0.093,0.805,0
0.983,0.568,4
0.517,0.108,3
0.46,0.706,0
0.968,0.554,4
0.949,0.555,1
0.988,0.537,2
0.964,0.437,2
0.233,0.439,0
0.129,0.825,0
0.996,0.439,2
0.07,0.768,0
0.082,0.834,0
0.118,0.729,0
0.289,0.567,0
0.404,0.713,0
0.242,0.473,0
0.063,0.809,0
0.467,0.066,3
0.425,0.707,0
0.335,0.545,0
0.977,0.576,4
0.995,0.58,4
0.422,0.708,0
0.272,0.502,0
0.471,0.111,3
1.001,0.523,2
0.953,0.526,1
0.508,0.078,3
0.459,0.138,3
0.296,0.484,0
0.478,0.058,3
0.201,0.502,0
0.099,0.781,0
0.516,0.062,3
0.455,0.762,0
1,0.464,2
0.273,0.513,0
0.066,0.816,0
0.273,0.495,0
0.276,0.46,0
0.438,0.706,0
0.313,0.525,0
0.402,0.782,0
0.085,0.755,0
0.511,0.739,0
0.854,0.554,1
0.218,0.469,0
0.276,0.483,0
0.078,0.821,0
0.095,0.807,0
0.439,0.753,0
0.94,0.633,4
0.262,0.538,0
0.557,0.076,3
0.942,0.558,1
0.242,0.484,0
0.443,0.657,0
0.471,0.053,3
0.001,0.797,0
0.121,0.78,0
0.06,0.765,0
0.968,0.586,4
0.918,0.519,1
0.56,0.041,3
0.492,0.114,3
0.271,0.509,0
0.499,0.129,3
0.496,0.033,3
0.318,0.455,0
0.917,0.527,1
0.953,0.517,1
0.539,0.049,3
0.383,0.738,0
0.4,0.768,0
0.981,0.552,4
0.52,0.1,3
0.406,0.764,0
0.28,0.607,0
0.088,0.78,0
0.493,0.116,3
1.017,0.497,2
0.933,0.557,1
0.062,0.738,0
0.079,0.729,0
0.995,0.63,4
0.537,0.087,3
0.427,0.701,0
0.223,0.538,0
0.439,0.749,0
0.298,0.505,0
0.448,0.059,3
0.922,0.564,1
0.447,0.702,0
0.951,0.566,1
0.986,0.47,2
0.452,0.743,0
0.54,0.054,3
0.408,0.74,0
0.509,0.013,3
0.606,0.106,3
0.075,0.809,0
0.978,0.527,2
0.153,0.706,0
1.068,0.525,2
0.035,0.754,0
0.272,0.508,0
0.422,0.772,0
0.989,0.551,4
0.042,0.783,0
0.297,0.521,0
0.349,0.728,0
0.509,0.1,3
0.245,0.551,0
0.953,0.531,1
0.951,0.481,2
0.455,0,3
0.027,0.708,0
0.057,0.757,0
0.244,0.585,0
0.474,0.746,0
0.069,0.72,0
0.23,0.503,0
0.055,0.684,0
0.462,0.705,0
0.521,0.035,3
0.505,0.098,3
0.237,0.514,0
0.276,0.563,0
0.998,0.567,4
0.941,0.507,1
0.075,0.769,0
0.513,0.075,3
0.468,0.755,0
0.447,0.076,3
0.281,0.519,0
0.423,0.789,0
0.507,0.157,3
1.005,0.515,2
0.308,0.466,0
0.435,0.71,0
0.451,0.083,3
0.259,0.492,0
0.451,0.677,0
0.456,0.723,0
0.319,0.525,0
0.944,0.522,1
0.283,0.521,0
0.512,0.034,3
0.428,0.765,0
0.232,0.474,0
0.536,0.083,3
0.068,0.739,0
0.477,0.684,0
0.469,0.698,0
0.304,0.507,0
0.423,0.632,0
0.472,0.093,3
0.246,0.454,0
0.42,0.769,0
0.035,0.779,0
0.538,0.775,0
0.494,0.161,3
0.978,0.504,2
0.949,0.49,1
0.497,0.059,3
0.456,0.718,0
0.557,0.046,3
0.017,0.823,0
0.993,0.521,2
0.566,0.096,3
0.457,0.036,3
0.509,0.042,3
0.438,0.681,0
1.029,0.493,2
0.985,0.535,2
0.513,0.143,3
0.487,0.723,0
0.421,0.75,0
0.506,0.693,0
0.548,0.099,3
0.398,0.684,0
0.463,0.123,3
0.434,0.65,0
0.259,0.491,0
0.241,0.574,0
1.036,0.56,4
0.068,0.783,0
0.259,0.496,0
0.27,0.527,0
0.079,0.79,0
0.38,0.814,0
0.317,0.509,0
0.086,0.772,0
0.566,0.103,3
0.305,0.504,0
0.388,0.689,0
0.253,0.492,0
0.978,0.549,4
0.09,0.759,0
0.476,0.729,0
0.513,0.768,0
0.093,0.755,0
0.402,0.693,0
0.071,0.742,0
0.071,0.817,0
0.107,0.685,0
0.432,0.701,0
0.065,0.87,0
0.242,0.496,0
0.114,0.802,0
0.458,0.743,0
0.981,0.501,2
0.404,0.762,0
0.125,0.798,0
1.04,0.471,2
0.468,0.153,3
0.053,0.83,0
0.445,0.704,0
0.987,0.481,2
0.474,0.68,0
0.565,0.082,3
0.061,0.726,0
0.477,0.726,0
0.435,0.675,0
0.078,0.73,0
0.275,0.568,0
0.521,0.116,3
0.4,0.802,0
0.113,0.808,0
0.416,0.781,0
1.004,0.503,2
0.194,0.506,0
0.523,0.026,3
0.541,0.065,3
0.261,0.474,0
0.133,0.807,0
0.07,0.792,0
0.333,0.44,0
0.925,0.451,1
0.384,0.742,0
0.278,0.527,0
0.091,0.777,0
0.976,0.558,4
0.298,0.526,0
0.291,0.585,0
0.951,0.511,1
0.447,0.756,0
0.298,0.386,0
0.084,0.718,0
0.565,0.136,3
0.277,0.52,0
0.451,0.7,0
0.423,0.699,0
0.381,0.795,0
0.973,0.59,4
0.43,0.712,0
0.518,0.134,3
0.27,0.5,0
0.569,0.057,3
0.474,0.121,3
0.494,0.059,3
0.231,0.51,0
0.98,0.555,4
0.466,0.691,0
0.477,0.027,3
0.084,0.858,0
1.009,0.498,2
0.985,0.503,2
1.023,0.523,2
0.222,0.454,0
0.52,0.005,3
0.216,0.509,0
0.066,0.734,0
1.011,0.524,2
0.575,0.123,3
0.524,0.096,3
0.972,0.552,4
0.209,0.518,0
0.43,0.802,0
0.508,0.12,3
0.45,0.065,3
0.96,0.629,4
1.001,0.628,4
0.083,0.724,0
0.063,0.803,0
0.411,0.717,0
0.551,0.096,3
0.844,0.581,1
0.077,0.734,0
0.972,0.591,4
0.275,0.552,0
0.47,0.637,0
0.608,0.085,3
0.508,0.047,3
0.362,0.698,0
1.007,0.458,2
0.456,0.041,3
0.471,0.668,0
0.236,0.459,0
0.507,0.009,3
0.909,0.529,1
0.513,0.742,0
0.998,0.533,2
0.93,0.539,1
0.472,0.766,0
0.52,0.734,0
0.121,0.766,0
0.969,0.509,2
0.547,0.009,3
0.565,0.027,3
0.074,0.773,0
0.297,0.497,0
0.532,0.074,3
0.274,0.392,0
0.229,0.491,0
0.444,0.698,0
0.945,0.529,1
1.019,0.475,2
0.988,0.588,4
0.494,0.196,3
0.473,0.696,0
0.47,0.713,0
0.387,0.533,0
0.178,0.47,0
0.063,0.801,0
0.199,0.503,0
1.04,0.531,2
0.126,0.738,0
0.419,0.755,0
0.413,0.725,0
0.987,0.581,4
0.525,0.066,3
0.264,0.517,0
0.082,0.755,0
0.274,0.512,0
0.93,0.572,1
0.302,0.454,0
1.011,0.623,4
0.374,0.509,0
0.138,0.828,0
0.422,0.715,0
0.287,0.454,0
0.059,0.8,0
0.391,0.791,0
0.461,0.662,0
0.322,0.52,0
0.952,0.545,1
0.458,0.057,3
0.098,0.772,0
0.977,0.441,2
0.51,0.062,3
0.419,0.699,0
0.959,0.518,1
0.988,0.629,4
0.037,0.783,0
0.989,0.577,4
0.476,0.059,3
0.464,0.056,3
0.43,0.706,0
0.485,0.042,3
0.002,0.788,0
0.497,0.715,0
0.976,0.58,4
0.421,0.704,0
0.213,0.515,0
0.52,0.052,3
0.244,0.496,0
0.94,0.47,1
0.3,0.43,0
0.365,0.729,0
0.373,0.658,0
0.296,0.51,0
0.265,0.407,0
0.95,0.552,1
0.144,0.79,0
1.005,0.536,2
0.415,0.678,0
0.417,0.75,0
0.041,0.738,0
1.015,0.534,2
0.219,0.501,0
0.973,0.614,4
0.139,0.745,0
0.052,0.779,0
0.458,0.748,0
1.039,0.53,2
1.048,0.517,2
0.559,0.004,3
0.433,0.138,3
0.405,0.707,0
0.078,0.743,0
0.333,0.465,0
0.912,0.452,1
0.519,0.079,3
0.408,0.733,0
0.473,0.026,3
0.236,0.519,0
0.25,0.484,0
0.976,0.607,4
0.414,0.706,0
0.074,0.807,0
0.49,0.081,3
0.364,0.417,0
0.541,0.123,3
0.298,0.45,0
0.139,0.787,0
0.21,0.425,0
1.054,0.502,2
0.458,0.694,0
0.468,0.706,0
0.452,0.81,0
0.473,0.091,3
0.967,0.592,4
0.402,0.716,0
0.288,0.507,0
0.296,0.513,0
0.524,0.029,3
0.47,0.131,3
0.081,0.716,0
1.019,0.485,2
0.099,0.818,0
0.269,0.546,0
0.503,0.045,3
0.404,0.667,0
0.217,0.516,0
0.056,0.835,0
0.507,0.021,3
0.267,0.568,0
0.268,0.469,0
0.538,0.102,3
0.489,0.074,3
0.187,0.498,0
0.956,0.529,1
0.425,0.717,0
0.06,0.686,0
0.062,0.786,0
0.212,0.427,0
0.535,0.076,3
0.238,0.491,0
0.366,0.699,0
0.296,0.53,0
0.596,0.029,3
0.456,0.001,3
0.386,0.74,0
0.376,0.561,0
0.537,0.108,3
0.576,0.053,3
0.087,0.795,0
1.027,0.501,2
0.466,0.066,3
0.42,0.71,0
0.93,0.528,1
0.53,0.143,3
0.263,0.485,0
0.504,0.046,3
1,0.516,2
0.315,0.481,0
0.964,0.539,1
1.023,0.559,4
0.487,0.728,0
0.053,0.736,0
0.457,0.702,0
1.036,0.576,4
0.276,0.507,0
0.306,0.467,0
1.02,0.492,2
0.241,0.506,0
0.485,0.664,0
0.491,0.704,0
1.001,0.531,2
0.521,0.027,3
0.946,0.564,1
0.548,0.103,3
0.927,0.614,4
0.319,0.436,0
0.879,0.549,1
0.5,0.12,3
0.462,0.068,3
1.021,0.576,4
0.483,0.058,3
0.108,0.761,0
1.015,0.554,4
0.991,0.554,4
0.077,0.73,0
0.266,0.476,0
0.066,0.806,0
0.966,0.587,4
0.508,0.115,3
0.269,0.509,0
1.036,0.521,2
0.473,0.127,3
0.498,0.126,3
0.368,0.675,0
0.495,0.726,0
0.269,0.505,0
1.002,0.586,4
0.049,0.787,0
0.384,0.768,0
0.453,0.775,0
0.13,0.769,0
0.964,0.506,2
0.472,0.005,3
0.111,0.735,0
0.49,0,3
0.451,0.752,0
0.45,0.712,0
0.921,0.521,1
0.494,0.775,0
0.271,0.463,0
0.441,0.714,0
0.447,0.757,0
0.452,0.045,3
0.458,0.057,3
0.07,0.831,0
1.007,0.568,4
0.077,0.74,0
0.99,0.518,2
0.423,0.063,3
0.087,0.756,0
0.452,0.67,0
1.022,0.541,2
0.93,0.533,1
0.414,0.667,0
0.089,0.773,0
0.243,0.478,0
0.129,0.734,0
0.453,0.752,0
0.407,0.777,0
0.273,0.557,0
0.448,0.712,0
0.437,0.729,0
1.021,0.561,4
0.478,0.773,0
0.099,0.736,0
0.365,0.534,0
0.446,0.756,0
0.446,0.714,0
0.432,0.669,0
0.082,0.76,0
0.997,0.501,2
0.51,0.767,0
0.291,0.542,0
0.99,0.483,2
0.963,0.519,1
1.007,0.517,2
0.091,0.794,0
0.404,0.706,0
0.519,0.085,3
0.968,0.566,4
0.287,0.542,0
0.961,0.524,1
0.079,0.767,0
0.975,0.502,2
0.078,0.762,0
0.284,0.518,0
0.424,0.752,0
0.223,0.533,0
0.913,0.454,1
0.4,0.676,0
0.529,0.058,3
0.017,0.829,0
0.95,0.513,1
0.539,0.075,3
0.441,0.742,0
0.051,0.755,0
0.106,0.728,0
0.456,0.806,0
0.934,0.531,1
0.589,0.07,3
0.424,0.726,0
0.381,0.71,0
0.998,0.531,2
0.545,0.082,3
0.523,0.156,3
1.002,0.6,4
0.385,0.706,0
0.301,0.454,0
0.452,0.785,0
0.358,0.512,0
0.984,0.52,2
0.54,0.014,3
0.506,0.052,3
0.997,0.552,4
0.491,0.07,3
0.932,0.543,1
0.331,0.757,0
0.436,0.697,0
0.492,0.06,3
0.04,0.802,0
0.45,0.753,0
0.927,0.543,1
0.488,0.146,3
1.068,0.478,2
1.086,0.576,4
0.907,0.484,1
0.306,0.47,0
0.096,0.779,0
0.568,0.128,3
0.293,0.477,0
0.29,0.53,0
0.528,0.785,0
0.974,0.528,2
0.992,0.594,4
0.438,0.068,3
0.933,0.488,1
0.526,0.059,3
0.045,0.798,0
0.096,0.777,0
0.487,0.749,0
0.499,0.693,0
0.259,0.497,0
0.238,0.485,0
0.023,0.778,0
0.105,0.678,0
0.504,0.082,3
1.024,0.522,2
0.995,0.529,2
0.938,0.54,1
0.032,0.748,0
0.439,0.773,0
0.472,0.76,0
0.095,0.768,0
0.478,0.705,0
0.983,0.551,4
0.216,0.533,0
0.443,0.005,3
0.133,0.854,0
1.023,0.622,4
0.446,0.717,0
0.406,0.765,0
0.431,0.783,0
0.254,0.564,0
0.107,0.81,0
0.524,0.137,3
0.477,0.059,3
0.245,0.506,0
0.279,0.504,0
0.266,0.497,0
0.209,0.538,0
0.977,0.547,4
0.436,0.719,0
0.483,0.697,0
0.269,0.487,0
0.259,0.442,0
0.495,0.742,0
0.47,0.056,3
0.439,0.734,0
0.088,0.813,0
0.414,0.644,0
0.518,0.009,3
0.282,0.529,0
0.298,0.483,0
0.107,0.774,0
0.917,0.527,1
0.966,0.587,4
0.454,0.015,3
0.439,0.69,0
0.406,0.744,0
0.13,0.802,0
0.984,0.493,2
0.451,0.718,0
0.433,0.711,0
0.225,0.493,0
0.047,0.83,0
0.441,0.697,0
0.435,0.717,0
1.018,0.493,2
0.995,0.607,4
0.284,0.416,0
0.442,0.771,0
0.527,0.197,3
0.307,0.564,0
0.397,0.668,0
0.549,0.076,3
0.225,0.501,0
0.026,0.828,0
0.489,0.108,3
0.506,0.057,3
0.968,0.476,2
0.12,0.783,0
0.508,0.054,3
0.508,0.063,3
0.537,0.079,3
0.969,0.504,2
0.514,0.046,3
0.929,0.478,1
0.354,0.461,0
0.249,0.575,0
0.051,0.764,0
0.413,0.726,0
0.495,0.731,0
0.47,0.098,3
0.422,0.025,3
0.48,0.012,3
0.08,0.755,0
0.069,0.847,0
0.048,0.788,0
0.098,0.742,0
0.482,0.094,3
0.245,0.513,0
0.278,0.525,0
0.986,0.563,4
0.402,0.651,0
0.436,0.715,0
0.552,0.073,3
1.012,0.498,2
1,0.478,2
0.292,0.595,0
0.038,0.795,0
0.124,0.734,0
0.488,0.032,3
0.244,0.499,0
0.446,0.73,0
1.005,0.557,4
0.498,0.141,3
0.195,0.526,0
0.551,0.045,3
1.021,0.509,2
0.283,0.493,0
0.435,0.723,0
0.98,0.54,4
0.291,0.516,0
0.438,0.733,0
0.249,0.544,0
0.98,0.577,4
0.885,0.515,1
0.976,0.541,4
0.493,0.146,3
0.445,0.749,0
0.443,0.71,0
0.523,0.112,3
0.442,0.792,0
0.152,0.846,0
0.979,0.596,4
0.243,0.554,0
0.12,0.767,0
0.24,0.577,0
0.277,0.472,0
0.965,0.464,2
1.046,0.542,2
0.125,0.819,0
0.472,0.694,0
0.993,0.512,2
0.186,0.492,0
0.949,0.57,1
0.027,0.778,0
0.031,0.811,0
0.183,0.527,0
0.973,0.512,2
0.462,0.067,3
0.479,0.037,3
0.081,0.748,0
0.13,0.764,0
1.046,0.543,4
0.267,0.519,0
0.992,0.512,2
1.002,0.516,2
0.528,0.06,3
0.058,0.779,0
0.07,0.79,0
0.499,0.089,3
0.98,0.541,4
0.988,0.502,2
0.49,0.122,3
1.032,0.583,4
1.034,0.547,4
0.31,0.526,0
0.975,0.417,2
0.037,0.745,0
0.512,0.111,3
0.509,0.745,0
0.299,0.443,0
1.039,0.552,4
0.093,0.759,0
0.5,0.772,0
0.222,0.494,0
0.436,0.105,3
0.268,0.443,0
0.006,0.779,0
0.349,0.565,0
0.425,0.741,0
0.923,0.581,1
0.26,0.513,0
0.431,0.701,0
0.432,0.777,0
0.923,0.585,1
0.286,0.501,0
0.538,0.05,3
0.144,0.794,0
0.005,0.766,0
0.008,0.778,0
0.052,0.805,0
1.028,0.531,2
0.265,0.443,0
0.469,0.028,3
0.256,0.517,0
0.434,0.167,3
0.213,0.528,0
0.487,0.718,0
0.348,0.459,0
0.958,0.538,1
0.026,0.795,0
0.978,0.509,2
0.058,0.783,0
0.288,0.536,0
0.078,0.765,0
0.36,0.485,0
0.396,0.749,0
0.472,0.733,0
0.404,0.718,0
0.964,0.493,2
0.45,0.069,3
0.165,0.731,0
0.13,0.804,0
1.013,0.584,4
0.988,0.547,4
0.464,0.692,0
0.457,0.723,0
0.926,0.584,1
0.431,0.087,3
0.436,0.685,0
0.95,0.533,1
0.475,0.81,0
0.262,0.471,0
0.519,0.732,0
0.264,0.508,0
0.42,0.032,3
0.556,0.16,3
0.468,0.075,3
0.211,0.453,0
0.089,0.773,0
0.93,0.616,4
0.455,0.762,0
0.312,0.473,0
0.359,0.701,0
0.049,0.78,0
0.449,0.728,0
0.553,0.016,3
0.041,0.764,0
0.438,0.701,0
0.06,0.775,0
0.109,0.842,0
0.369,0.641,0
0.25,0.484,0
0.285,0.481,0
0.546,0.032,3
0.39,0.695,0
0.451,0.765,0
0.303,0.535,0
0.017,0.806,0
0.458,0.057,3
0.898,0.542,1
0.353,0.745,0
0.297,0.5,0
0.103,0.75,0
0.462,0.706,0
0.535,0.047,3
0.238,0.474,0
0.513,0.057,3
0.4,0.731,0
0.902,0.669,4
0.353,0.46,0
0.417,0.66,0
0.291,0.493,0
0.931,0.521,1
0.945,0.538,1
0.963,0.541,1
0.012,0.784,0
1.033,0.495,2
0.068,0.817,0
0.474,0.057,3
0.425,0.687,0
0.29,0.582,0
0.394,0.726,0
0.429,0.793,0
0.251,0.465,0
0.45,0.108,3
0.998,0.509,2
0.258,0.513,0
0.338,0.496,0
0.067,0.796,0
1.016,0.545,4
0.502,0.025,3
0.978,0.521,2
0.305,0.551,0
0.94,0.587,1
0.49,0.699,0
1.001,0.598,4
0.057,0.732,0
0.506,0.075,3
0.93,0.523,1
0.538,0.003,3
0.498,0.034,3
0.413,0.69,0
0.547,0.09,3
0.305,0.567,0
0.953,0.57,1
1.008,0.504,2
0.417,0.707,0
0.441,0.802,0
0.071,0.833,0
0.383,0.707,0
0.523,0.077,3
0.074,0.791,0
0.936,0.591,1
0.522,0.673,0
0.536,0.05,3
0.371,0.758,0
0.47,0.063,3
0.098,0.753,0
0.099,0.841,0
0.497,0.677,0
0.933,0.489,1
0.565,0.062,3
0.05,0.876,0
0.016,0.802,0
0.951,0.579,4
0.309,0.503,0
0.474,0.706,0
0.324,0.564,0
0.214,0.565,0
0.429,0.688,0
0.487,0.029,3
0.27,0.447,0
0.505,0.074,3
0.564,0.027,3
0.242,0.494,0
0.38,0.755,0
1.039,0.559,4
0.347,0.567,0
0.982,0.528,2
1.031,0.499,2
0.488,0.046,3
0.088,0.808,0
0.515,0.117,3
0.973,0.592,4
0.264,0.495,0
0.532,0.047,3
0.064,0.702,0
0.99,0.599,4
0.546,0.024,3
0.482,0.073,3
0.447,0.037,3
0.016,0.789,0
0.487,0.039,3
0.523,0.048,3
0.269,0.5,0
0.453,0.083,3
0.498,0.633,0
0.216,0.485,0
0.287,0.499,0
1.006,0.532,2
0.281,0.504,0
0.501,0.108,3
1.008,0.552,4
0.073,0.774,0
0.29,0.491,0
0.917,0.541,1
0.528,0.119,3
0.531,0.148,3
0.183,0.776,0
0.4,0.672,0
0.338,0.435,0
0.465,0.108,3
0.354,0.813,0
0.486,0.096,3
0.281,0.466,0
0.501,0.036,3
0.049,0.799,0
0.565,0.095,3
0.315,0.468,0
0.11,0.827,0
0.371,0.718,0
0.266,0.569,0
0.292,0.551,0
0.26,0.51,0
0.249,0.526,0
0.264,0.471,0
0.506,0.076,3
0.258,0.561,0
0.386,0.692,0
0.116,0.79,0
0.48,0.062,3
0.144,0.734,0
0.42,0.677,0
0.152,0.832,0
0.476,0.115,3
0.47,0.773,0
1.022,0.549,4
0.265,0.547,0
0.971,0.492,2
0.485,0.723,0
0.214,0.535,0
0.375,0.694,0
0.499,0.062,3
0.895,0.547,1
0.465,0.074,3
1.025,0.503,2
0.499,0.075,3
1.066,0.526,2
0.03,0.8,0
0.448,0.777,0
0.391,0.715,0
0.121,0.723,0
0.4,0.731,0
0.246,0.466,0
0.465,0.067,3
0.298,0.464,0
0.23,0.533,0
0.981,0.53,2
0.41,0.804,0
0.541,0.118,3
0.539,0.021,3
0.502,0.011,3
1.042,0.594,4
0.266,0.514,0
0.255,0.526,0
0.449,0.644,0
0.978,0.472,2
0.105,0.849,0
0.105,0.672,0
0.98,0.496,2
0.447,0.764,0
0.471,0.129,3
0.978,0.571,4
0.286,0.436,0
0.24,0.412,0
0.452,0.724,0
1.033,0.501,2
0.298,0.48,0
0.421,0.072,3
0.511,0.112,3
0.419,0.74,0
1.017,0.535,2
0.556,0.062,3
0.469,0.093,3
0.384,0.702,0
1.081,0.591,4
0.969,0.57,4
0.486,0.085,3
0.112,0.753,0
0.405,0.756,0
0.041,0.744,0
0.079,0.767,0
0.32,0.509,0
0.242,0.514,0
0.246,0.502,0
0.275,0.52,0
0.1,0.777,0
0.463,0.062,3
0.533,0.026,3
0.195,0.42,0
0.089,0.794,0
0.446,0.103,3
0.374,0.655,0
0.485,0.018,3
0.413,0.742,0
0.071,0.784,0
0.383,0.685,0
0.94,0.591,1
0.277,0.493,0
0.988,0.615,4
0.119,0.789,0
0.552,0.061,3
0.218,0.518,0
0.406,0.7,0
0.398,0.772,0
0.944,0.473,1
0.276,0.434,0
0.126,0.763,0
0.233,0.512,0
0.399,0.64,0
0.353,0.493,0
0.451,0.69,0
0.481,0.692,0
0.311,0.44,0
0.519,0.084,3
0.223,0.543,0
0.02,0.811,0
0.036,0.734,0
0.347,0.519,0
0.311,0.513,0
0.436,0.738,0
0.344,0.468,0
0.067,0.798,0
0.99,0.52,2
0.519,0.131,3
0.433,0.744,0
0.56,0.081,3
1.011,0.472,2
1.018,0.513,2
0.488,0.029,3
0.302,0.559,0
0.453,0.725,0
0.086,0.813,0
0.558,0.099,3
0.552,0.142,3
0.53,0.012,3
0.274,0.528,0
0.079,0.729,0
0.284,0.526,0
0.012,0.773,0
0.988,0.571,4
0.086,0.778,0
0.519,0.766,0
0.513,0.06,3
0.982,0.514,2
0.947,0.503,1
0.959,0.578,4
0.302,0.523,0
0.443,0.063,3
0.536,0.107,3
0.306,0.52,0
0.076,0.754,0
0.469,0.587,0
0.023,0.786,0
0.279,0.445,0
0.427,0.708,0
0.499,0.116,3
0.546,0.002,3
0.166,0.761,0
0.511,0.06,3
1.006,0.399,2
0.511,0.069,3
0.303,0.517,0
0.101,0.74,0
0.341,0.467,0
0.972,0.533,1
0.43,0.712,0
0.353,0.547,0
0.53,0.106,3
0.517,0.105,3
0.501,0.757,0
1.027,0.549,4
0.138,0.724,0
0.227,0.507,0
0.464,0.693,0
0.46,0.734,0
0.513,0.144,3
0.405,0.768,0
0.506,0.037,3
0.518,0.016,3
0.188,0.761,0
0.314,0.577,0
0.438,0.072,3
0.9,0.534,1
0.57,0.163,3
1.051,0.598,4
0.262,0.494,0
1.036,0.596,4
0.901,0.476,1
0.232,0.507,0
0.501,0.123,3
0.116,0.736,0
0.517,0.113,3
0.323,0.502,0
0.263,0.516,0
0.486,0.653,0
0.573,0.081,3
0.452,0.694,0
0.083,0.842,0
0.537,0.108,3
0.547,0.023,3
0.202,0.461,0
0.469,0.094,3
0.039,0.756,0
0.27,0.519,0
0.029,0.791,0
0.499,0.097,3
0.205,0.484,0
0.278,0.478,0
0.219,0.513,0
0.15,0.776,0
0.038,0.768,0
0.069,0.818,0
0.23,0.421,0
0.284,0.488,0
0.395,0.728,0
0.409,0.726,0
0.329,0.517,0
0.416,0.731,0
0.029,0.815,0
0.502,0.069,3
0.452,0.693,0
0.444,0.124,3
0.241,0.5,0
0.459,0.701,0
1.054,0.486,2
0.233,0.536,0
0.362,0.735,0
0.075,0.793,0
0.445,0.738,0
0.102,0.806,0
0.954,0.521,1
0.348,0.511,0
0.275,0.49,0
1.062,0.549,4
0.474,0.762,0
1.001,0.612,4
0.956,0.619,4
0.241,0.532,0
0.24,0.426,0
0.289,0.526,0
0.346,0.678,0
0.076,0.761,0
0.52,0.006,3
0.539,0,3
0.09,0.802,0
0.311,0.561,0
0.234,0.59,0
0.138,0.761,0
0.282,0.461,0
0.072,0.824,0
0.452,0.118,3
0.404,0.718,0
0.888,0.521,1
0.558,0.101,3
0.265,0.536,0
0.463,0.756,0
0.227,0.54,0
0.984,0.57,4
0.083,0.782,0
0.076,0.843,0
0.227,0.484,0
0.899,0.576,1
0.445,0.73,0
0.974,0.544,4
0.134,0.899,0
0.003,0.824,0
0.581,0.055,3
0.415,0.712,0
0.493,0.692,0
0.479,0.713,0
0.51,0.032,3
0.079,0.779,0
0.414,0.688,0
0.971,0.478,2
0.326,0.459,0
0.112,0.773,0
1.029,0.506,2
0.133,0.747,0
0.934,0.515,1
0.126,0.806,0
0.496,0.095,3
0.624,0.111,3
0.079,0.779,0
0.501,0.08,3
0.515,0.074,3
0.056,0.718,0
1.009,0.558,4
0.021,0.82,0
0.533,0.121,3
0.271,0.478,0
0.936,0.541,1
0.132,0.773,0
0.275,0.469,0
0.493,0.622,0
0.038,0.791,0
0.038,0.814,0
0.265,0.548,0
0.514,0.165,3
0.304,0.449,0
0.092,0.806,0
0.986,0.555,4
0.275,0.463,0
0.539,0.101,3
0.436,0.744,0
0.481,0.072,3
0.425,0.622,0
0.262,0.469,0
0.315,0.509,0
0.136,0.769,0
0.558,0.046,3
0.449,0.73,0
0.411,0.671,0
0.249,0.493,0
0.434,0.718,0
0.067,0.776,0
0.247,0.552,0
0.436,0.761,0
0.476,0.641,0
0.286,0.507,0
0.849,0.492,1
0.03,0.755,0
0.207,0.493,0
0.041,0.747,0
0.417,0.726,0
0.299,0.49,0
0.225,0.494,0
0.288,0.526,0
0.525,0.097,3
0.516,0.125,3
0.018,0.832,0
0.42,0.674,0
0.975,0.564,4
0.492,0.695,0
0.377,0.487,0
0.05,0.823,0
0.514,0.116,3
0.5,0.04,3
0.426,0.742,0
0.276,0.457,0
0.456,0.091,3
0.388,0.486,0
0.484,0.096,3
0.222,0.567,0
0.096,0.855,0
0.986,0.495,2
0.438,0.112,3
0.419,0.736,0
0.964,0.466,2
0.068,0.814,0
0.207,0.469,0
0.528,0.113,3
0.511,0.093,3
1.022,0.545,4
0.967,0.607,4
1.053,0.529,2
0.236,0.491,0
0.44,0.672,0
0.553,0.129,3
1.006,0.574,4
1.012,0.538,2
0.267,0.479,0
1.054,0.542,2
0.948,0.562,1
0.281,0.476,0
0.431,0.727,0
0.487,0.748,0
0.44,0.764,0
0.245,0.518,0
0.255,0.495,0
0.016,0.787,0
0.447,0.678,0
0.428,0.616,0
0.444,0.077,3
0.04,0.712,0
0.502,0.087,3
0.423,0.694,0
0.033,0.795,0
0.521,0.022,3
0.54,0.114,3
0.006,0.808,0
0.07,0.744,0
0.286,0.435,0
0.073,0.789,0
0.12,0.726,0
0.012,0.721,0
1.037,0.512,2
1.025,0.593,4
0.541,0.056,3
0.449,0.686,0
0.453,0.717,0
0.256,0.527,0
0.444,0.114,3
0.939,0.608,4
0.982,0.632,4
0.934,0.501,1
0.244,0.527,0
0.463,0.758,0
0.544,0.066,3
0.402,0.717,0
0.11,0.733,0
0.495,0.154,3
0.514,0.145,3
0.455,0.799,0
0.149,0.746,0
0.463,0.779,0
0.928,0.624,4
0.305,0.522,0
0.535,0.14,3
0.01,0.766,0
0.062,0.8,0
0.537,0.052,3
0.535,0.108,3
1.023,0.458,2
0.226,0.486,0
0.514,0.062,3
0.974,0.476,2
0.457,0.746,0
0.544,0.065,3
0.505,0.091,3
0.082,0.787,0
0.314,0.442,0
0.389,0.726,0
1.031,0.539,2
0.969,0.551,4
0.454,0.082,3
0.964,0.565,4
0.517,0.107,3
0.269,0.626,0
0.263,0.538,0
0.27,0.449,0
1.008,0.527,2
0.513,0.085,3
0.993,0.535,2
0.981,0.617,4
0.281,0.486,0
1.027,0.562,4
0.311,0.466,0
0.318,0.525,0
0.23,0.585,0
0.269,0.522,0
0.073,0.753,0
0.553,0.113,3
0.442,0.711,0
0.533,0.088,3
0.074,0.882,0
0.997,0.55,4
0.999,0.583,4
1,0.492,2
0.109,0.775,0
0.511,0.04,3
0.083,0.71,0
0.934,0.517,1
0.322,0.578,0
0.433,0.713,0
0.973,0.548,4
0.303,0.508,0
0.273,0.55,0
1.076,0.571,4
0.222,0.443,0
0.077,0.691,0
0.439,0.048,3
0.389,0.491,0
0.429,0.713,0
0.1,0.727,0
0.314,0.479,0
0.106,0.807,0
0.49,0.065,3
0.453,0.702,0
0.057,0.843,0
0.466,0.101,3
0.226,0.489,0
0.423,0.744,0
0.502,0.013,3
0.996,0.492,2
0.456,0.768,0
0.057,0.708,0
0.067,0.806,0
0.075,0.792,0
0.044,0.834,0
0.448,0.752,0
0.458,0.693,0
0.426,0.771,0
1.003,0.573,4
0.471,0.709,0
0.49,0.029,3
0.441,0.094,3
0.391,0.04,3
0.069,0.811,0
0.893,0.576,1
0.249,0.578,0
0.482,0.717,0
0.999,0.528,2
0.157,0.72,0
0.383,0.668,0
0.955,0.568,1
0.508,0.079,3
0.098,0.721,0
0.523,0.087,3
0.285,0.514,0
0.45,0.719,0
0.498,0.05,3
0.999,0.551,4
0.509,0.757,0
0.107,0.783,0
1.048,0.496,2
0.961,0.504,2
0.048,0.733,0
0.132,0.782,0
0.433,0.726,0
0.015,0.8,0
0.026,0.897,0
0.928,0.516,1
0.435,0.709,0
0.961,0.513,1
0.955,0.535,1
0.446,0.747,0
0.466,0.742,0
0.421,0.701,0
1.061,0.555,4
0.439,0.681,0
0.076,0.766,0
0.356,0.746,0
0.494,0.106,3
0.996,0.564,4
0.256,0.564,0
0.054,0.822,0
0.223,0.498,0
0.98,0.602,4
0.513,0.031,3
0.955,0.532,1
0.419,0.75,0
0.318,0.518,0
0.311,0.449,0
0.272,0.573,0
0.984,0.55,4
0.95,0.562,1
0.489,0.053,3
0.49,0.079,3
0.227,0.422,0
0.456,0.716,0
0.068,0.853,0
0.474,0.71,0
0.545,0.031,3
0.106,0.718,0
0.291,0.493,0
0.995,0.599,4
0.963,0.546,1
0.482,0.06,3
0.029,0.759,0
0.468,0.092,3
0.094,0.837,0
0.454,0.709,0
0.503,0.064,3
0.987,0.497,2
0.053,0.798,0
0.985,0.533,2
0.036,0.811,0
0.246,0.574,0
0.43,0.714,0
0.478,0.754,0
0.446,0.686,0
0.463,0.697,0
0.509,0.016,3
0.424,0.753,0
0.944,0.553,1
0.244,0.443,0
0.441,0.728,0
0.417,0.762,0
0.459,0.731,0
0.044,0.736,0
0.465,0.767,0
0.013,0.842,0
0.452,0.765,0
0.431,0.77,0
0.264,0.535,0
1.01,0.556,4
0.28,0.481,0
0.142,0.845,0
0.509,0.008,3
0.41,0.108,3
0.443,0.689,0
1.008,0.578,4
0.535,0.057,3
0.511,0.607,0
0.46,0.687,0
0.486,0.141,3
0.467,0.701,0
0.025,0.762,0
0.279,0.455,0
0.068,0.858,0
0.427,0.689,0
0.96,0.53,1
0.059,0.773,0
0.498,0.058,3
0.454,0.742,0
0.066,0.745,0
0.046,0.829,0
0.587,0.106,3
0.979,0.584,4
0.092,0.756,0
0.354,0.7,0
0.278,0.401,0
0.07,0.781,0
0.504,0.076,3
0.419,0.741,0
1.002,0.484,2
0.256,0.507,0
0.97,0.486,2
0.947,0.58,1
0.303,0.497,0
1.065,0.515,2
0.386,0.705,0
0.985,0.562,4
0.45,0.104,3
0.524,0.599,0
1.014,0.554,4
0.491,0.115,3
0.291,0.54,0
0.324,0.524,0
0.455,0.798,0
0.302,0.539,0
0,0.76,0
0.118,0.744,0
0.465,0.771,0
0.981,0.561,4
0.44,0.005,3
0.081,0.839,0
0.082,0.826,0
0.539,0.038,3
0.234,0.448,0
0.246,0.481,0
0.99,0.538,2
0.383,0.499,0
0.185,0.496,0
0.013,0.772,0
0.029,0.772,0
0.047,0.76,0
0.325,0.488,0
0.947,0.617,4
0.95,0.495,1
0.58,0.092,3
0.143,0.817,0
0.333,0.532,0
0.332,0.496,0
0.257,0.537,0
0.431,0.74,0
0.476,0.756,0
0.242,0.527,0
0.447,0.731,0
0.981,0.512,2
0.548,0.078,3
0.464,0.057,3
0.518,0.165,3
0.116,0.784,0
1.023,0.582,4
0.254,0.501,0
0.027,0.797,0
0.949,0.52,1
1.02,0.575,4
0.476,0.773,0
0.989,0.532,2
0.972,0.517,2
0.457,0.068,3
0.527,0.078,3
0.038,0.78,0
0.423,0.723,0
0.044,0.746,0
0.121,0.786,0
0.265,0.399,0
0.467,0.074,3
0.97,0.48,2
0.326,0.452,0
0.036,0.764,0
0.287,0.492,0
0.914,0.506,1
0.264,0.482,0
0.183,0.759,0
0.465,0.736,0
0.199,0.515,0
0.974,0.552,4
0.049,0.763,0
0.193,0.506,0
0.018,0.773,0
0.475,0.742,0
0.975,0.601,4
0.059,0.781,0
0.995,0.522,2
0.236,0.537,0
0.265,0.447,0
0.051,0.773,0
0.324,0.489,0
0.248,0.539,0
0.231,0.533,0
0.466,0.734,0
0.274,0.477,0
0.439,0.053,3
0.101,0.789,0
0.117,0.752,0
0.094,0.851,0
0.071,0.751,0
0.952,0.552,1
0.533,0.137,3
1.001,0.549,4
0.328,0.484,0
0.218,0.504,0
0.234,0.588,0
0.444,0.152,3
0.298,0.554,0
1.006,0.496,2
0.298,0.397,0
0.011,0.785,0
0.468,0.095,3
0.498,0.093,3
0.119,0.773,0
0.402,0.81,0
0.043,0.751,0
0.9,0.49,1
0.469,0.731,0
0.526,0.764,0
0.539,0.093,3
0.097,0.758,0
0.381,0.678,0
0.581,0.109,3
0.399,0.64,0
0.387,0.682,0
0.274,0.438,0
0.516,0.073,3
0.988,0.527,2
1.013,0.636,4
0.944,0.614,4
0.503,0.118,3
0.188,0.498,0
0.513,0.085,3
0.493,0.072,3
0.442,0.689,0
0.434,0.761,0
0.948,0.489,1
0.975,0.54,1
0.364,0.751,0
0.446,0.697,0
0.248,0.482,0
0.977,0.517,2
0.049,0.834,0
0.118,0.758,0
1.002,0.557,4
0.299,0.526,0
0.305,0.652,0
0.57,0.141,3
0.005,0.857,0
0.399,0.754,0
0.963,0.46,2
0.427,0.724,0
0.464,0.747,0
0.563,0.04,3
0.511,0.014,3
0.434,0.063,3
0.957,0.528,1
0.375,0.792,0
0.376,0.704,0
0.43,0.029,3
0.348,0.496,0
0.42,0.741,0
0.082,0.82,0
0.301,0.483,0
0.568,0.054,3
0.447,0.736,0
0.084,0.82,0
0.114,0.771,0
0.938,0.423,2
0.412,0.714,0
0.118,0.767,0
0.059,0.815,0
0.091,0.828,0
0.279,0.433,0
0.413,0.671,0
0.929,0.477,1
0.965,0.611,4
0.409,0.694,0
0.474,0.764,0
0.989,0.591,4
0.527,0.069,3
0.038,0.797,0
0.469,0.712,0
0.937,0.517,1
0.302,0.502,0
0.546,0.109,3
0.19,0.536,0
0.307,0.583,0
0.28,0.564,0
1.01,0.544,4
0.563,0.04,3
0.27,0.519,0
1.003,0.517,2
0.101,0.873,0
0.249,0.512,0
0.251,0.546,0
0.434,0.827,0
0.25,0.544,0
0.963,0.608,4
0.488,0.107,3
0.453,0.694,0
0.41,0.77,0
0.022,0.742,0
0.528,0.043,3
0.166,0.539,0
0.495,0.038,3
0.252,0.477,0
0.965,0.619,4
0.495,0.067,3
0.116,0.773,0
0.31,0.492,0
0.544,0.101,3
0.456,0.72,0
0.016,0.726,0
0.1,0.854,0
0.07,0.766,0
0.312,0.492,0
0.471,0.744,0
1.022,0.488,2
0.069,0.809,0
0.272,0.5,0
0.562,0.046,3
0.531,0.079,3
0.128,0.797,0
0.245,0.498,0
0.487,0.011,3
0.34,0.498,0
0.226,0.506,0
0.289,0.53,0
0.963,0.535,1
0.457,0.763,0
0.122,0.709,0
1.019,0.531,2
0.583,0.05,3
0.333,0.653,0
0.929,0.602,1
0.519,0.033,3
0.22,0.456,0
0.496,0.11,3
0.436,0.785,0
0.189,0.474,0
0.495,0.062,3
0.502,0.096,3
0.998,0.543,4
0.411,0.669,0
0.987,0.55,4
0.098,0.727,0
0.28,0.531,0
0.023,0.748,0
0.51,0.01,3
0.466,0.717,0
0.117,0.809,0
1.014,0.549,4
0.462,0.748,0
1.027,0.521,2
0.974,0.578,4
0.038,0.729,0
0.238,0.548,0
0.188,0.525,0
0.397,0.744,0
0.509,0.04,3
0.432,0.762,0
0.507,0.04,3
0.298,0.487,0
0.096,0.79,0
0.974,0.504,2
0.396,0.764,0
0.106,0.764,0
0.141,0.784,0
0.116,0.692,0
0.271,0.61,0
0.462,0.096,3
1.051,0.525,2
0.447,0.057,3
0.08,0.807,0
0.107,0.798,0
0.539,0.116,3
0.437,0.679,0
0.227,0.474,0
1.001,0.561,4
0.085,0.794,0
0.477,0.047,3
0.934,0.55,1
0.029,0.798,0
0.28,0.522,0
0.13,0.827,0
0.047,0.743,0
0.99,0.465,2
0.226,0.504,0
0.964,0.523,1
0.549,0.074,3
0.434,0.778,0
1.014,0.454,2
0.262,0.499,0
0.508,0.022,3
0.516,0.105,3
0.062,0.676,0
0.539,0.066,3
0.973,0.505,2
1.009,0.53,2
0.529,0.082,3
0.402,0.704,0
0.039,0.846,0
0.288,0.467,0
0.366,0.555,0
0.329,0.462,0
1.054,0.508,2
0.984,0.574,4
0.502,0.016,3
0.458,0.085,3
0.953,0.564,1
0.384,0.716,0
0.019,0.716,0
0.959,0.523,1
0.93,0.493,1
1.004,0.517,2
0.28,0.493,0
0.542,0.088,3
0.071,0.794,0
0.505,0.734,0
0.298,0.511,0
1.017,0.549,4
0.046,0.774,0
0.533,0.075,3
0.43,0.737,0
0.502,0.079,3
0.511,0.009,3
0.049,0.759,0
0.067,0.771,0
0.24,0.456,0
0.49,0.052,3
0.463,0.126,3
0.502,0.122,3
0.527,0.106,3
0.142,0.789,0
0.49,0.042,3
0.871,0.528,1
0.925,0.547,1
0.527,0.076,3
0.064,0.833,0
0.515,0.071,3
0.132,0.783,0
0.459,0.732,0
0.203,0.45,0
0.954,0.574,4
0.228,0.584,0
0.953,0.566,1
0.418,0.085,3
0.285,0.511,0
0.106,0.793,0
0.289,0.478,0
0.298,0.439,0
0.064,0.722,0
0.975,0.53,2
0.067,0.776,0
0.411,0.722,0
0.192,0.447,0
0.944,0.488,1
0.091,0.771,0
0.495,0.082,3
1.022,0.521,2
0.45,0.745,0
0.899,0.523,1
0.026,0.798,0
0.528,0.057,3
0.086,0.768,0
0.961,0.522,1
0.997,0.58,4
0.519,0.112,3
0.093,0.763,0
0.506,0.015,3
0.52,0.054,3
0.266,0.508,0
0.504,0.751,0
0.153,0.819,0
1.066,0.565,4
0.474,0.678,0
0.457,0.822,0
0.47,0.07,3
0.442,0.7,0
0.456,0.073,3
0.11,0.819,0
0.039,0.851,0
0.43,0.688,0
0.918,0.519,1
0.003,0.798,0
0.941,0.501,1
0.524,0.126,3
0.141,0.732,0
0.002,0.826,0
0.982,0.561,4
0.424,0.68,0
0.46,0.72,0
0.308,0.682,0
0.406,0.71,0
0.22,0.548,0
0.238,0.55,0
0.279,0.478,0
0.513,0.055,3
0.873,0.521,1
1.061,0.491,2
0.464,0.023,3
0.479,0.719,0
0.451,0.697,0
0.051,0.738,0
0.422,0.72,0
0.273,0.529,0
0.355,0.718,0
0.434,0.022,3
0.271,0.496,0
0.254,0.469,0
0.05,0.739,0
0.309,0.493,0
0.952,0.614,4
1.029,0.545,4
0.048,0.755,0
0.525,0.035,3
0.242,0.438,0
0.478,0.684,0
1.015,0.519,2
0.982,0.581,4
0.044,0.79,0
1.002,0.593,4
0.525,0.085,3
0.037,0.791,0
0.253,0.557,0
1.023,0.52,2
0.298,0.492,0
0.063,0.78,0
0.091,0.717,0
0.274,0.562,0
0.977,0.607,4
0.031,0.714,0
0.324,0.497,0
0.271,0.574,0
0.274,0.507,0
0.09,0.824,0
0.454,0.056,3
0.491,0.055,3
0.447,0.747,0
0.215,0.54,0
0.008,0.707,0
0.41,0.714,0
0.957,0.576,4
0.265,0.475,0
0.044,0.768,0
1.008,0.617,4
0.952,0.558,1
0.518,0.053,3
1.024,0.545,4
0.031,0.719,0
0.454,0.112,3
0.261,0.473,0
0.32,0.493,0
0.237,0.497,0
0.952,0.542,1
1.055,0.574,4
0.238,0.449,0
0.462,0.756,0
0.128,0.866,0
0.005,0.801,0
0.063,0.763,0
0.299,0.525,0
0.978,0.564,4
0.115,0.741,0
0.9,0.518,1
0.491,0.765,0
0.479,0.739,0
0.269,0.481,0
0.969,0.5,2
0.472,0.071,3
0.539,0.039,3
0.386,0.679,0
0.378,0.705,0
0.267,0.464,0
0.519,0.015,3
0.125,0.769,0
0.236,0.457,0
0.939,0.506,1
0.312,0.476,0
0.365,0.493,0
0.919,0.517,1
0.079,0.772,0
0.437,0.682,0
0.533,0.138,3
0.149,0.74,0
0.29,0.489,0
0.976,0.561,4
0.083,0.776,0
0.44,0.786,0
0.447,0.045,3
0.508,0.151,3
0.452,0.709,0
0.062,0.824,0
0.512,0.098,3
1.008,0.588,4
0.972,0.539,1
0.288,0.447,0
0.163,0.826,0
0.942,0.55,1
0.302,0.54,0
1.034,0.569,4
0.263,0.489,0
0.438,0.728,0
1.004,0.549,4
0.447,0.023,3
0.292,0.451,0
0.439,0.065,3
0.16,0.779,0
0.031,0.816,0
0.526,0.685,0
0.553,0.086,3
0.277,0.486,0
0.451,0.742,0
0.485,0.097,3
0.277,0.511,0
0.409,0.727,0
1.039,0.445,2
0.123,0.839,0
0.314,0.523,0
0.956,0.559,1
0.973,0.563,4
0.474,0.076,3
0.424,0.727,0
0.477,0.017,3
0.508,0.022,3
0.422,0.723,0
0.024,0.801,0
0.244,0.508,0
0.988,0.571,4
0.481,0.719,0
0.376,0.692,0
0.207,0.508,0
1.019,0.607,4
0.248,0.488,0
0.489,0.709,0
0.422,0.658,0
0.11,0.814,0
0.968,0.56,4
0.1,0.738,0
0.097,0.761,0
0.481,0.713,0
0.053,0.786,0
0.518,0,3
0.079,0.736,0
1,0.504,2
0.055,0.718,0
0.479,0.071,3
0.428,0.699,0
0.974,0.536,1
0.306,0.516,0
0.993,0.502,2
0.557,0.744,0
0.867,0.536,1
0.137,0.776,0
0.261,0.571,0
0.315,0.592,0
0.145,0.807,0
0.254,0.477,0
0.495,0.108,3
0.132,0.738,0
0.299,0.526,0
1.028,0.567,4
0.325,0.476,0
0.51,0.727,0
0.437,0.72,0
0.509,0.774,0
0.289,0.527,0
0.013,0.757,0
0.277,0.415,0
0.528,0.042,3
0.973,0.541,1
0.454,0.642,0
0.994,0.517,2
0.043,0.755,0
0.268,0.454,0
0.375,0.782,0
0.31,0.484,0
0.256,0.506,0
0.08,0.799,0
0.44,0.083,3
0.313,0.527,0
0.268,0.428,0
0.051,0.79,0
0.315,0.469,0
0.231,0.484,0
0.298,0.45,0
1.015,0.558,4
0.183,0.504,0
0.478,0.786,0
0.951,0.471,2
0.098,0.826,0
0.097,0.809,0
0.958,0.482,2
0.426,0.688,0
0.541,0.118,3
0.477,0.718,0
0.436,0.82,0
0.08,0.721,0
0.109,0.817,0
0.455,0.684,0
1.042,0.538,2
0.215,0.53,0
0.955,0.497,1
0.448,0.686,0
0.934,0.541,1
0.318,0.573,0
0.504,0.121,3
0.118,0.782,0
0.148,0.773,0
0.418,0.118,3
0.556,0.065,3
0.073,0.788,0
0.049,0.751,0
0.322,0.517,0
0.473,0.739,0
0.246,0.441,0
0.452,0.11,3
0.54,0.041,3
0.407,0.802,0
0.989,0.522,2
0.472,0.65,0
0.231,0.496,0
0.562,0.115,3
0.084,0.718,0
0.012,0.794,0
0.963,0.512,1
0.071,0.805,0
0.109,0.712,0
0.436,0.692,0
0.96,0.598,4
0.953,0.536,1
0.519,0.766,0
0.49,0.023,3
0.4,0.739,0
0.23,0.515,0
0.46,0.718,0
0.074,0.732,0
0.21,0.524,0
0.475,0.147,3
0.068,0.693,0
0.437,0.049,3
0.538,0.08,3
0.236,0.503,0
0.511,0.062,3
1.001,0.578,4
0.461,0.727,0
0.464,0.673,0
0.243,0.479,0
0.05,0.781,0
0.231,0.496,0
0.541,0,3
0.061,0.779,0
0.049,0.741,0
0.453,0.666,0
0.934,0.428,2
0.486,0.723,0
0.298,0.465,0
0.106,0.742,0
0.956,0.503,1
0.991,0.484,2
0.318,0.561,0
0.512,0.069,3
0.502,0.123,3
0.482,0.1,3
0.029,0.719,0
0.496,0.053,3
0.292,0.59,0
0.948,0.456,2
0.263,0.492,0
0.236,0.477,0
0.404,0.74,0
0.418,0.726,0
0.122,0.733,0
0.015,0.738,0
0.275,0.494,0
1.047,0.486,2
0.068,0.772,0
0.543,0.689,0
0.267,0.517,0
0.966,0.537,1
0.507,0.086,3
0.083,0.79,0
0.248,0.475,0
0.427,0.744,0
0.928,0.528,1
0.322,0.517,0
0.406,0.668,0
0.267,0.504,0
0.054,0.791,0
0.287,0.528,0
0.958,0.572,4
1.005,0.584,4
0.435,0.714,0
0.526,0.087,3
0.514,0.13,3
0.085,0.737,0
0.459,0.754,0
0.322,0.485,0
0.888,0.57,1
0.532,0.073,3
0.213,0.514,0
0.032,0.812,0
0.272,0.481,0
0.475,0.057,3
0.356,0.782,0
0.281,0.539,0
0.052,0.728,0
0.399,0.71,0
0.502,0.145,3
0.965,0.537,1
0.994,0.534,2
0.466,0.75,0
0.516,0.014,3
0.45,0.076,3
0.443,0.742,0
0.502,0.111,3
0.419,0.7,0
0.465,0.097,3
0.98,0.551,4
0.517,0.095,3
0.077,0.756,0
0.466,0.753,0
0.382,0.722,0
0.969,0.551,4
0.484,0.716,0
0.982,0.573,4
0.488,0.72,0
0.52,0.031,3
1.013,0.58,4
0.419,0.026,3
0.398,0.71,0
1.041,0.515,2
0.523,0.736,0
0.99,0.556,4
0.449,0.724,0
0.281,0.517,0
0.074,0.737,0
0.058,0.824,0
0.379,0.803,0
0.475,0.644,0
0.223,0.468,0
0.501,0.076,3
0.423,0.748,0
1.039,0.525,2
1.001,0.521,2
0.986,0.537,2
0.069,0.74,0
0.447,0.738,0
0.115,0.698,0
0.247,0.573,0
0.076,0.795,0
1.012,0.615,4
0.233,0.445,0
0.42,0.72,0
0.282,0.501,0
0.372,0.697,0
0.466,0.077,3
0.029,0.784,0
0.022,0.775,0
0.44,0.681,0
1.039,0.578,4
0.055,0.752,0
0.559,0.076,3
0.47,0.135,3
0.452,0.722,0
0.966,0.555,4
0.207,0.515,0
0.576,0.04,3
0.435,0.72,0
0.394,0.746,0
0.279,0.48,0
0.947,0.543,1
0.415,0.746,0
0.061,0.802,0
0.99,0.56,4
0.982,0.531,2
0.483,0.131,3
0.473,0.687,0
0.057,0.776,0
0.329,0.473,0
0.47,0.693,0
0.257,0.423,0
0.401,0.743,0
0.088,0.783,0
0.122,0.712,0
0.495,0.076,3
0.222,0.55,0
0.911,0.562,1
0.41,0.684,0
0.459,0.041,3
0.068,0.786,0
1.047,0.495,2
0.485,0.07,3
0.108,0.695,0
0.941,0.548,1
0.44,0.753,0
0.443,0.692,0
0.409,0.755,0
0.435,0.004,3
0.089,0.795,0
0.454,0.099,3
0.448,0.711,0
0.431,0.734,0
0.052,0.805,0
0.263,0.419,0
0.419,0.682,0
0.501,0.073,3
0.544,0.077,3
0.435,0.706,0
0.52,0.075,3
0.997,0.518,2
0.019,0.777,0
0.088,0.812,0
0.489,0.769,0
1.009,0.521,2
0.468,0.098,3
0.953,0.52,1
0.318,0.506,0
0.282,0.49,0
0.492,0.062,3
1.015,0.526,2
0.471,0.732,0
0.273,0.474,0
0.072,0.737,0
0.482,0.645,0
0.025,0.749,0
0.047,0.833,0
0.563,0.06,3
0.451,0.033,3
0.996,0.552,4
0.411,0.651,0
0.202,0.401,0
0.513,0.132,3
0.066,0.821,0
0.245,0.551,0
0.05,0.71,0
0.539,0.069,3
0.198,0.459,0
0.349,0.758,0
0.086,0.916,0
0.411,0.705,0
0.614,0.131,3
0.945,0.509,1
0.098,0.789,0
1.078,0.523,2
0.078,0.811,0
0.277,0.505,0
0.411,0.668,0
0.446,0.02,3
0.455,0.021,3
0.295,0.509,0
0.446,0.759,0
0.054,0.788,0
0.048,0.812,0
0.258,0.474,0
0.566,0.078,3
0.449,0.746,0
0.483,0.736,0
0.511,0.15,3
1.009,0.551,4
1.037,0.569,4
1.047,0.514,2
0.454,0.702,0
0.045,0.803,0
0.246,0.51,0
1.025,0.559,4
0.393,0.761,0
0.066,0.753,0
0.396,0.774,0
0.986,0.568,4
0.204,0.48,0
0.501,0.083,3
0.986,0.563,4
1.036,0.579,4
0.289,0.489,0
0.409,0.78,0
0.377,0.689,0
0.419,0.711,0
0.447,0.716,0
0.233,0.538,0
0.39,0.112,3
0.292,0.44,0
0.27,0.502,0
0.114,0.785,0
0.452,0.793,0
0.463,0.739,0
0.474,0.134,3
0.417,0.002,3
0.951,0.5,1
0.062,0.782,0
0.984,0.509,2
0.397,0.691,0
0.516,0.089,3
0.07,0.776,0
0.471,0.063,3
0.343,0.667,0
0.52,0.756,0
1,0.596,4
0.479,0.754,0
0.455,0.675,0
0.265,0.518,0
0.302,0.481,0
0.531,0.119,3
0.473,0.704,0
0.487,0.095,3
0.555,0.088,3
1.03,0.508,2
0.088,0.761,0
0.15,0.742,0
0.48,0.755,0
0.038,0.755,0
0.268,0.5,0
0.483,0.077,3
0.234,0.512,0
0.064,0.805,0
0.21,0.444,0
1,0.53,2
0.488,0.019,3
0.322,0.477,0
0.366,0.703,0
0.448,0.098,3
0.263,0.575,0
0.586,0.088,3
0.972,0.522,2
0.46,0.751,0
0.258,0.516,0
0.902,0.575,1
1.029,0.552,4
0.288,0.422,0
0.249,0.54,0
0.405,0.7,0
0.427,0.769,0
0.464,0.629,0
0.432,0.706,0
0.399,0.68,0
0.135,0.796,0
0.201,0.51,0
0.486,0.056,3
0.031,0.859,0
0.012,0.732,0
0.479,0.127,3
0.078,0.793,0
0.464,0.064,3
0.128,0.727,0
0.437,0.775,0
0.451,0.702,0
0.579,0.104,3
0.483,0.109,3
0.503,0.839,0
0.543,0.078,3
0.319,0.49,0
0.472,0.088,3
0.058,0.766,0
0.422,0.745,0
0.316,0.441,0
0.437,0.077,3
0.323,0.591,0
0.422,0.759,0
1.012,0.475,2
0.48,0.713,0
0.34,0.796,0
0.304,0.486,0
0.938,0.548,1
0.296,0.574,0
0.225,0.535,0
0.473,0.72,0
0.491,0.074,3
0.209,0.464,0
0.234,0.493,0
0.99,0.543,4
0.957,0.531,1
0.511,0.116,3
0.025,0.736,0
0.286,0.55,0
0.059,0.717,0
0.893,0.517,1
0.397,0.48,0
0.528,0.064,3
0.042,0.801,0
0.395,0.793,0
1.024,0.497,2
0.435,0.712,0
0.992,0.504,2
0.426,0.764,0
1.019,0.581,4
0.584,0.102,3
0.196,0.377,0
0.572,0.063,3
0.395,0.733,0
0.271,0.541,0
0.311,0.502,0
0.526,0.037,3
0.492,0.106,3
0.041,0.791,0
0.023,0.809,0
0.499,0.072,3
0.428,0.735,0
0.401,0.647,0
0.531,0.03,3
0.52,0.095,3
0.945,0.547,1
0.488,0.122,3
1.04,0.569,4
0.161,0.785,0
0.935,0.505,1
0.23,0.477,0
0.916,0.572,1
0.977,0.586,4
0.89,0.553,1
0.032,0.788,0
1.014,0.492,2
0.381,0.682,0
1.009,0.465,2
0.485,0.1,3
0.5,0.057,3
0.253,0.425,0
0.041,0.831,0
0.259,0.519,0
0.089,0.778,0
0.212,0.529,0
0.418,0.713,0
0.492,0.055,3
0.523,0.062,3
0.209,0.449,0
0.308,0.441,0
0.018,0.803,0
0.497,0.118,3
0.45,0.712,0
0.469,0.033,3
0.069,0.752,0
0.446,0.01,3
0.474,0.016,3
0.505,0.696,0
1.012,0.571,4
0.515,0.023,3
0.513,0.016,3
0.461,0.054,3
0.998,0.608,4
0.472,0.03,3
0.244,0.494,0
0.062,0.726,0
0.421,0.735,0
0.276,0.49,0
0.533,0.004,3
0.954,0.472,2
0.014,0.784,0
0.916,0.534,1
0.079,0.783,0
0.949,0.525,1
0.087,0.816,0
0.247,0.504,0
0.443,0.753,0
0.983,0.595,4
0.258,0.504,0
1.02,0.471,2
0.368,0.755,0
0.56,0.067,3
0.959,0.51,1
0.284,0.477,0
0.537,0.054,3
0.462,0.709,0
1.022,0.559,4
0.996,0.555,4
0.207,0.441,0
0.399,0.665,0
0.411,0.681,0
0.524,0.132,3
1.044,0.516,2
0.26,0.469,0
0.493,0.02,3
0.545,0.131,3
0.407,0.709,0
0.095,0.741,0
1.021,0.593,4
0.252,0.553,0
0.048,0.835,0
0.534,0.074,3
1.006,0.573,4
0.053,0.728,0
0.386,0.69,0
0.032,0.787,0
0.204,0.586,0
0.44,0.698,0
0.45,0.726,0
1.003,0.54,4
0.91,0.578,1
0.315,0.508,0
0.97,0.426,2
0.987,0.542,4
0.916,0.514,1
0.99,0.5,2
0.327,0.434,0
0.455,0.763,0
0.249,0.521,0
0.498,0.048,3
0.192,0.557,0
0.524,0.026,3
1.013,0.48,2
0.439,0.119,3
0.278,0.498,0
0.443,0.662,0
0.902,0.492,1
0.5,0.015,3
0.547,0.08,3
0.249,0.474,0
0.033,0.723,0
0.962,0.58,4
0.46,0.664,0
0.958,0.547,1
0.497,0.007,3
0.036,0.82,0
0.047,0.784,0
0.5,0.142,3
0.414,0.739,0
1.011,0.519,2
0.487,0.147,3
0.435,0.741,0
0.071,0.79,0
0.071,0.799,0
0.433,0.68,0
0.528,0.117,3
0.087,0.801,0
0.482,0.113,3
0.474,0.033,3
0.236,0.514,0
0.25,0.55,0
0.989,0.539,4
0.992,0.448,2
1.01,0.515,2
0.412,0.759,0
0.235,0.557,0
0.172,0.812,0
0.467,0.061,3
0.507,0.093,3
0.079,0.806,0
0.055,0.726,0
0.109,0.726,0
0.553,0.099,3
0.472,0.128,3
0.433,0.697,0
0.49,0.074,3
1.029,0.535,2
0.089,0.756,0
0.293,0.547,0
0.505,0.094,3
0.505,0.117,3
0.478,0.069,3
0.402,0.73,0
0.101,0.748,0
0.542,0.083,3
0.215,0.462,0
0.281,0.497,0
0.068,0.801,0
0.962,0.575,4
1.001,0.477,2
0.323,0.529,0
0.074,0.78,0
0.044,0.745,0
0.299,0.532,0
0.479,0.702,0
0.544,0.746,0
0.249,0.479,0
0.384,0.744,0
0.483,0.016,3
0.966,0.546,1
0.478,0.659,0
0.484,0.086,3
0.34,0.521,0
0.206,0.472,0
0.38,0.65,0
0.272,0.528,0
0.286,0.474,0
0.521,0.075,3
0.409,0.75,0
0.222,0.537,0
1.004,0.544,4
0.448,0.774,0
0.094,0.767,0
0.412,0.769,0
0.045,0.792,0
0.486,0.082,3
0.253,0.508,0
0.127,0.861,0
0.067,0.702,0
0.371,0.739,0
0.522,0.098,3
0.058,0.81,0
0.067,0.742,0
0.495,0.1,3
0.483,0.062,3
0.389,0.772,0
0.941,0.511,1
0.37,0.779,0
0.228,0.55,0
0.402,0.792,0
0.099,0.756,0
0.096,0.708,0
0.979,0.51,2
0.103,0.798,0
0.532,0.111,3
0.493,0.096,3
0.463,0.733,0
0.259,0.572,0
0.424,0.705,0
0.431,0.731,0
0.47,0.746,0
0.113,0.757,0
0.961,0.525,1
0.315,0.515,0
0.299,0.486,0
0.291,0.445,0
0.42,0.67,0
0.388,0.795,0
0.249,0.519,0
0.366,0.768,0
0.411,0.772,0
0.323,0.458,0
0.431,0.813,0
0.269,0.489,0
0.272,0.471,0
0.215,0.566,0
0.268,0.467,0
0.473,0.166,3
0.501,0.046,3
0.099,0.842,0
0.967,0.564,4
0.19,0.466,0
0.298,0.547,0
0.44,0.009,3
0.073,0.798,0
0.04,0.714,0
0.011,0.777,0
0.493,0.701,0
0.434,0.745,0
0.965,0.467,2
0.421,0.736,0
0.171,0.784,0
0.405,0.745,0
0.165,0.727,0
0.408,0.734,0
0.99,0.536,2
0.978,0.547,4
0.449,0.048,3
0.285,0.535,0
0.065,0.827,0
0.086,0.738,0
0.107,0.773,0
0.43,0.74,0
0.976,0.596,4
0.946,0.539,1
0.277,0.541,0
0.077,0.719,0
0.454,0.764,0
0.232,0.436,0
0.992,0.582,4
0.017,0.789,0
1.009,0.592,4
0.261,0.452,0
0.908,0.495,1
0.449,0.698,0
0.415,0.687,0
0.371,0.709,0
0.444,0.678,0
0.28,0.51,0
1.021,0.568,4
0.217,0.501,0
0.976,0.541,4
0.933,0.626,4
0.417,0.757,0
0.5,0.087,3
0.263,0.455,0
0.929,0.586,1
0.929,0.472,1
0.421,0.725,0
0.547,0.068,3
0.418,0.699,0
0.434,0.115,3
0.527,0.019,3
1,0.578,4
0.429,0.766,0
0.497,0.161,3
0.082,0.767,0
0.27,0.511,0
0.955,0.495,1
0.286,0.519,0
0.479,0.754,0
0.904,0.518,1
0.489,0.804,0
1.049,0.519,2
0.432,0.731,0
0.453,0.658,0
0.969,0.519,2
0.521,0.11,3
1.001,0.613,4
0.052,0.767,0
0.103,0.846,0
0.13,0.781,0
0.103,0.798,0
0.101,0.872,0
1.006,0.555,4
0.093,0.811,0
0.993,0.543,4
0.44,0.137,3
0.046,0.766,0
0.531,0.124,3
0.271,0.442,0
0.42,0.781,0
1.032,0.526,2
0.227,0.522,0
1.021,0.502,2
0.909,0.501,1
0.506,0.067,3
0.045,0.827,0
0.555,0.037,3
0.44,0.767,0
0.384,0.715,0
0.398,0.717,0
0.08,0.813,0
1.044,0.548,4
0.408,0.758,0
0.533,0.07,3
0.424,0.691,0
0.471,0.038,3
0.967,0.545,1
0.399,0.816,0
0.892,0.53,1
0.985,0.52,2
0.48,0.105,3
0.979,0.574,4
0.047,0.763,0
0.227,0.466,0
0.471,0.049,3
1.023,0.61,4
0.478,0.01,3
0.433,0.724,0
0.985,0.541,4
0.099,0.849,0
0.009,0.717,0
0.021,0.748,0
0.413,0.703,0
0.488,0.158,3
0.422,0.774,0
0.044,0.788,0
0.354,0.687,0
0.52,0.051,3
0.387,0.733,0
0.414,0.684,0
0.551,0.07,3
0.108,0.76,0
0.451,0.653,0
0.515,0.687,0
0.037,0.801,0
0.346,0.538,0
0.404,0.705,0
0.192,0.543,0
0.086,0.792,0
0.323,0.504,0
0.451,0.087,3
0.915,0.567,1
0.1,0.737,0
1.006,0.482,2
0.943,0.543,1
0.216,0.47,0
0.303,0.62,0
0.253,0.59,0
0.492,0.037,3
0.97,0.503,2
0.509,0.088,3
0.178,0.517,0
0.633,0.113,3
0.962,0.571,4
0.441,0.037,3
0.251,0.542,0
0.099,0.729,0
0.411,0.647,0
0.407,0.705,0
0.491,0.118,3
0.575,0.042,3
0.116,0.68,0
0.417,0.098,3
1.014,0.575,4
0.064,0.824,0
0.205,0.538,0
0.482,0.073,3
0.287,0.523,0
0.07,0.693,0
0.31,0.497,0
0.499,0.084,3
0.602,0.107,3
0.958,0.529,1
0.381,0.784,0
0.543,0.053,3
0.992,0.518,2
0.977,0.538,1
0.173,0.593,0
1.056,0.486,2
0.424,0.706,0
0.94,0.556,1
0,0.811,0
0.072,0.762,0
0.318,0.518,0
1,0.587,4
0.399,0.733,0
0.468,0.694,0
0.122,0.733,0
0.048,0.76,0
0.43,0.034,3
0.474,0.744,0
0.429,0.772,0
0.261,0.451,0
0.405,0.726,0
0.312,0.441,0
0.083,0.751,0
1.014,0.473,2
0.242,0.506,0
0.974,0.449,2
0.265,0.444,0
0.025,0.772,0
1.012,0.587,4
0.45,0.738,0
0.5,0.03,3
0.424,0.72,0
0.203,0.568,0
0.166,0.787,0
0.478,0.015,3
1.017,0.543,4
0.48,0.087,3
0.934,0.574,1
0.907,0.513,1
0.88,0.53,1
0.264,0.506,0
0.507,0.083,3
0.076,0.767,0
0.38,0.721,0
0.392,0.788,0
0.552,0.036,3
0.437,0.706,0
0.924,0.459,1
0.093,0.735,0
0.513,0.061,3
0.97,0.538,1
0.482,0.71,0
0.222,0.536,0
0.259,0.448,0
0.06,0.745,0
0.088,0.814,0
0.455,0.761,0
1.004,0.486,2
0.462,0.106,3
0.312,0.473,0
0.468,0.035,3
0.916,0.56,1
0.103,0.733,0
0.512,0.058,3
0.491,0.143,3
0.395,0.709,0
0.33,0.768,0
0.078,0.773,0
0.42,0.789,0
0.442,0.681,0
0.932,0.533,1
0.432,0.044,3
0.043,0.821,0
0.586,0.017,3
0.289,0.451,0
0.506,0.086,3
0.279,0.461,0
0.968,0.583,4
0.458,0.056,3
0.201,0.51,0
0.525,0.067,3
0.478,0.734,0
0.484,0.666,0
0.948,0.535,1
0.002,0.847,0
0.281,0.501,0
0.008,0.799,0
0.091,0.798,0
0.256,0.527,0
0.493,0.077,3
0.507,0.08,3
0.419,0.755,0
0.976,0.521,2
0.004,0.851,0
0.986,0.534,2
0.229,0.55,0
0.072,0.724,0
0.455,0.113,3
0.059,0.817,0
0.117,0.744,0
0.268,0.529,0
0.992,0.573,4
0.494,0.113,3
0.52,0.753,0
0.916,0.556,1
0.265,0.481,0
0.932,0.566,1
0.291,0.48,0
0.467,0.747,0
0.288,0.494,0
0.94,0.515,1
0.094,0.804,0
0.518,0.105,3
0.982,0.508,2
0.306,0.548,0
0.282,0.509,0
0.491,0.112,3
0.499,0.067,3
0.432,0.686,0
0.089,0.723,0
0.437,0.72,0
1.038,0.483,2
1,0.592,4
0.087,0.721,0
0.949,0.608,4
0.514,0.078,3
0.08,0.702,0
1.013,0.503,2
0.538,0.133,3
0.249,0.51,0
0.352,0.729,0
0.101,0.887,0
0.554,0.033,3
0.271,0.49,0
0.064,0.76,0
0.434,0.7,0
0.22,0.459,0
0.066,0.775,0
0.458,0.713,0
0.986,0.497,2
0.138,0.785,0
0.342,0.543,0
0.002,0.761,0
0.196,0.513,0
0.97,0.539,1
0.088,0.811,0
0.274,0.535,0
0.984,0.534,2
0.891,0.528,1
0.125,0.839,0
0.079,0.841,0
0.223,0.539,0
0.276,0.489,0
0.05,0.793,0
0.495,0.737,0
0.948,0.49,1
0.268,0.567,0
0.416,0.7,0
0.514,0.104,3
0.265,0.59,0
0.935,0.587,1
0.475,0.086,3
0.051,0.741,0
0.435,0.008,3
0.434,0.704,0
0.058,0.834,0
0.967,0.532,1
0.063,0.822,0
0.057,0.811,0
0.441,0.791,0
0.482,0.06,3
0.478,0.078,3
0.396,0.717,0
0.066,0.753,0
0.538,0,3
0.955,0.578,4
0.455,0.66,0
0.515,0.073,3
0.943,0.573,1
0.051,0.827,0
0.99,0.436,2
0.496,0.139,3
0.47,0.705,0
0.493,0.094,3
0.435,0.709,0
0.99,0.487,2
0.963,0.506,2
0.398,0.812,0
0.073,0.756,0
0.382,0.768,0
1.064,0.536,2
0.457,0.762,0
0.61,0.74,0
0.304,0.407,0
0.467,0.71,0
0.462,0.758,0
0.441,0.038,3
0.502,0.748,0
0.53,0.095,3
0.991,0.524,2
0.072,0.725,0
0.554,0.099,3
0.054,0.814,0
0.231,0.525,0
0.054,0.826,0
0.366,0.74,0
0.485,0.756,0
0.437,0.777,0
0.291,0.526,0
0.45,0.786,0
0.508,0.659,0
0.236,0.494,0
0.047,0.807,0
0.461,0.035,3
0.184,0.44,0
0.212,0.51,0
0.951,0.527,1
0.094,0.81,0
0.486,0.657,0
0.498,0.166,3
0.563,0.035,3
0.078,0.829,0
0.031,0.86,0
0.516,0.074,3
1.145,0.517,2
0.403,0.499,0
0.074,0.745,0
0.915,0.51,1
0.116,0.835,0
0.215,0.462,0
0.412,0.656,0
0.457,0.683,0
0.929,0.522,1
0.528,0.077,3
0.089,0.77,0
0.488,0.706,0
0.432,0.698,0
0.221,0.489,0
0.304,0.525,0
0.24,0.401,0
0.975,0.564,4
0.277,0.554,0
0.051,0.739,0
0.247,0.45,0
0.951,0.524,1
1.041,0.479,2
0.272,0.521,0
0.031,0.929,0
0.113,0.72,0
0.943,0.515,1
0.044,0.874,0
0.496,0.041,3
0.484,0.047,3
0.051,0.747,0
0.388,0.533,0
0.957,0.485,2
1.042,0.571,4
0.273,0.485,0
0.908,0.526,1
0.007,0.721,0
0.089,0.795,0
0.489,0.036,3
1.002,0.567,4
0.075,0.779,0
0.404,0.061,3
0.992,0.553,4
0.543,0.046,3
0.095,0.796,0
0.304,0.47,0
0.51,0.045,3
0.098,0.767,0
0.26,0.495,0
0.409,0.717,0
0.071,0.771,0
0.936,0.466,1
0.953,0.484,2
0.288,0.481,0
0.131,0.705,0
0.449,0.1,3
0.414,0.066,3
0.426,0.737,0
0.274,0.528,0
0.514,0.06,3
0.459,0.75,0
0.567,0.11,3
0.093,0.797,0
0.539,0.024,3
0.245,0.527,0
0.378,0.734,0
0.095,0.827,0
0.055,0.761,0
0.498,0.04,3
0.449,0.75,0
0.573,0.088,3
0.955,0.481,2
0.42,0.096,3
0.451,0.022,3
0.965,0.59,4
0.235,0.492,0
0.419,0.699,0
0.532,0.027,3
0.974,0.548,4
0.259,0.482,0
0.285,0.471,0
0.442,0.067,3
0.437,0.697,0
0.498,0.078,3
0.052,0.739,0
0.418,0.802,0
0.083,0.745,0
0.451,0.091,3
0.115,0.837,0
0.5,0.774,0
0.483,0.701,0
0.434,0.766,0
0.544,0.041,3
0.06,0.812,0
0.971,0.56,4
0.087,0.82,0
0.021,0.775,0
0.998,0.553,4
0.527,0.103,3
0.245,0.466,0
0.05,0.774,0
0.1,0.847,0
1.001,0.505,2
0.199,0.475,0
0.985,0.583,4
0.077,0.743,0
0.308,0.472,0
0.427,0.784,0
1.013,0.541,4
0.109,0.747,0
0.375,0.556,0
0.261,0.521,0
0.488,0.018,3
0.466,0.659,0
0.068,0.822,0
0.938,0.521,1
0.51,0.159,3
0.536,0.071,3
0.991,0.548,4
0.987,0.567,4
0.246,0.495,0
0.498,0.114,3
0.163,0.733,0
0.272,0.499,0
0.499,0.765,0
0.904,0.531,1
0.228,0.468,0
0.936,0.503,1
0.068,0.806,0
0.478,0.041,3
0.095,0.757,0
0.463,0.67,0
0.468,0.058,3
0.129,0.535,0
0.455,0.73,0
0.227,0.505,0
0.424,0.74,0
0.279,0.46,0
0.486,0.113,3
0.544,0.058,3
0.063,0.809,0
0.057,0.794,0
0.224,0.512,0
1.025,0.557,4
1.051,0.51,2
1.025,0.549,4
0.068,0.805,0
0.055,0.772,0
0.488,0.079,3
0.299,0.492,0
0.578,0.007,3
0.94,0.587,1
0.496,0.026,3
0.089,0.897,0
0.271,0.408,0
0.485,0.02,3
0.961,0.497,2
0.466,0.69,0
0.254,0.534,0
0.021,0.827,0
0.103,0.801,0
0.438,0.746,0
0.484,0.027,3
0.21,0.525,0
0.423,0.713,0
0.969,0.459,2
0.492,0.763,0
0.437,0.694,0
0.03,0.695,0
0.096,0.715,0
0.464,0.748,0
0.302,0.546,0
0.405,0.712,0
0.063,0.8,0
0.495,0.028,3
0.052,0.835,0
0.427,0.779,0
0.509,0.786,0
0.599,0.02,3
0.489,0.098,3
1.001,0.513,2
0.988,0.577,4
0.448,0.103,3
0.894,0.467,1
0.408,0.775,0
0.541,0.056,3
0.274,0.465,0
0.915,0.591,1
0.029,0.806,0
0.314,0.512,0
0.294,0.546,0
0.143,0.867,0
0.498,0.051,3
0.208,0.556,0
0.068,0.758,0
0.45,0.77,0
0.888,0.578,1
1.002,0.492,2
1.016,0.522,2
0.3,0.508,0
0.444,0.78,0
0.265,0.459,0
1.02,0.551,4
0.497,0.107,3
0.541,0.14,3
0.064,0.818,0
0.081,0.772,0
0.971,0.605,4
0.247,0.444,0
0.226,0.58,0
0.45,0.675,0
0.126,0.756,0
0.048,0.834,0
0.434,0.003,3
0.413,0.05,3
0.964,0.619,4
0.896,0.515,1
0.432,0.027,3
0.078,0.738,0
0.026,0.748,0
0.035,0.751,0
1.036,0.48,2
0.464,0.698,0
0.08,0.792,0
0.438,0.697,0
0.116,0.761,0
0.063,0.712,0
0.225,0.465,0
0.447,0.713,0
0.467,0.027,3
0.966,0.566,4
0.098,0.848,0
0.431,0.724,0
0.998,0.575,4
0.098,0.718,0
0.326,0.517,0
0.5,0.743,0
0.081,0.809,0
0.11,0.78,0
0.097,0.799,0
1.014,0.567,4
0.243,0.523,0
0.955,0.51,1
0.42,0.722,0
0.536,0.081,3
0.481,0.726,0
0.955,0.538,1
0.258,0.567,0
0.193,0.461,0
0.445,0.695,0
1.01,0.573,4
0.122,0.757,0
0.054,0.752,0
0.522,0.009,3
0.047,0.754,0
0.487,0.693,0
0.459,0.108,3
1.045,0.626,4
0.057,0.829,0
0.28,0.569,0
1.045,0.513,2
0.111,0.857,0
1.019,0.551,4
0.412,0.158,3
0.092,0.805,0
0.26,0.502,0
0.397,0.753,0
0.257,0.574,0
0.034,0.793,0
0.193,0.455,0
0.442,0.7,0
0.477,0.098,3
0.323,0.469,0
0.272,0.523,0
0.997,0.553,4
0.236,0.489,0
0.529,0.103,3
0.442,0.735,0
0.066,0.777,0
0.425,0.715,0
0.061,0.763,0
0.436,0.764,0
1.025,0.497,2
0.198,0.572,0
0.494,0.716,0
0.599,0.049,3
0.551,0.084,3
1.003,0.544,4
0.972,0.579,4
0.458,0.065,3
0.993,0.557,4
0.988,0.565,4
0.581,0.115,3
0.444,0.735,0
0.497,0.115,3
0.269,0.441,0
0.089,0.771,0
0.012,0.82,0
1.011,0.615,4
0.381,0.734,0
0.133,0.732,0
1.037,0.489,2
0.97,0.614,4
0.494,0.706,0
0.985,0.526,2
0.536,0.114,3
0.499,0.02,3
0.452,0.066,3
0.487,0.048,3
0.286,0.516,0
0.068,0.734,0
0.551,0.046,3
0.507,0.002,3
0.089,0.797,0
0.277,0.619,0
0.246,0.529,0
0.51,0.724,0
0.42,0.054,3
0.985,0.515,2
0.247,0.477,0
0.497,0.763,0
0.975,0.551,4
0.984,0.546,4
1.003,0.545,4
0.442,0.769,0
0.559,0.111,3
1.002,0.509,2
0.166,0.749,0
0.545,0.119,3
0.448,0.75,0
0.54,0.064,3
0.511,0.034,3
0.527,0.13,3
0.059,0.729,0
0.458,0.037,3
0.907,0.535,1
0.268,0.531,0
0.154,0.779,0
0.48,0.117,3
0.389,0.769,0
0.898,0.598,1
0.477,0.121,3
0.941,0.551,1
0.173,0.764,0
0.128,0.74,0
0.058,0.814,0
0.128,0.751,0
0.975,0.547,4
0.218,0.487,0
0.017,0.788,0
0.112,0.797,0
0.552,0.038,3
1.071,0.537,2
0.047,0.85,0
0.555,0.128,3
0.023,0.812,0
0.24,0.474,0
0.272,0.468,0
0.446,0.102,3
0.933,0.535,1
0.48,0.029,3
0.172,0.458,0
0.066,0.786,0
0.296,0.457,0
0.131,0.759,0
0.992,0.518,2
0.933,0.543,1
0.364,0.769,0
0.5,0.028,3
0.038,0.805,0
0.922,0.477,1
0.072,0.758,0
0.41,0.763,0
0.253,0.46,0
0.007,0.876,0
0.987,0.519,2
0.328,0.413,0
0.887,0.512,1
0.311,0.454,0
0.197,0.883,0
0.529,0.038,3
0.127,0.851,0
0.392,0.74,0
1.02,0.494,2
0.446,0.683,0
0.978,0.575,4
0.497,0.063,3
0.438,0.678,0
0.989,0.544,4
0.018,0.698,0
0.247,0.522,0
0.414,0.776,0
0.499,0.138,3
0.454,0.739,0
0.174,0.771,0
1,0.56,4
0.962,0.529,1
0.446,0.691,0
0.44,0.098,3
0.463,0.073,3
0.427,0.019,3
0.46,0.725,0
0.439,0.722,0
0.905,0.535,1
0.372,0.737,0
0.1,0.82,0
0.447,0.672,0
0.276,0.468,0
0.247,0.51,0
0.306,0.399,0
0.071,0.768,0
0.28,0.503,0
0.084,0.746,0
0.44,0.716,0
1.071,0.517,2
0.106,0.767,0
0.273,0.561,0
0.281,0.547,0
0.021,0.764,0
0.944,0.534,1
0.306,0.524,0
0.887,0.583,1
0.511,0.073,3
0.391,0.789,0
0.953,0.532,1
0.981,0.444,2
0.44,0.616,0
0.404,0.649,0
0.374,0.747,0
0.964,0.565,4
0.207,0.467,0
0.407,0.059,3
0.3,0.538,0
0.476,0.069,3
0.485,0.008,3
0.526,0.02,3
0.251,0.465,0
0.395,0.775,0
0.499,0.039,3
0.119,0.76,0
0.457,0.697,0
0.037,0.816,0
0.477,0.041,3
0.53,0.084,3
0.525,0.154,3
0.553,0.051,3
0.298,0.56,0
0.958,0.537,1
0.549,0.058,3
0.485,0.087,3
0.115,0.796,0
0.18,0.462,0
0.376,0.747,0
0.962,0.636,4
0.218,0.536,0
0.105,0.819,0
0.484,0.085,3
0.089,0.736,0
0.409,0.753,0
0.404,0.72,0
0.417,0.717,0
0.484,0.063,3
0.271,0.456,0
0.501,0.159,3
0.084,0.728,0
0.253,0.549,0
0.463,0.737,0
0.299,0.536,0
0.485,0.094,3
0.47,0.672,0
0.385,0.654,0
0.214,0.535,0
0.444,0.113,3
0.076,0.728,0
0.395,0.754,0
0.508,0.685,0
0.259,0.493,0
0.053,0.804,0
0.448,0.687,0
1.04,0.458,2
0.384,0.717,0
0.585,0.096,3
0.078,0.721,0
0.944,0.492,1
0.47,0.031,3
0.47,0.703,0
0.463,0.733,0
0.37,0.774,0
0.046,0.787,0
0.425,0.061,3
0.301,0.505,0
1.057,0.466,2
0.342,0.506,0
0.399,0.66,0
0.457,0.142,3
0.236,0.497,0
0.931,0.493,1
0.436,0.699,0
0.453,0.187,3
0.073,0.812,0
0.516,0.055,3
0.992,0.558,4
0.441,0.674,0
0.286,0.563,0
0.295,0.529,0
0.492,0.066,3
0.525,0.708,0
0.441,0.679,0
0.287,0.495,0
0.46,0.077,3
0.414,0.683,0
0.536,0.161,3
0.958,0.613,4
0.296,0.542,0
0.982,0.554,4
0.555,0.023,3
0.43,0.103,3
0.93,0.547,1
0.937,0.5,1
0.095,0.826,0
0.22,0.516,0
0.082,0.784,0
0.915,0.516,1
0.05,0.768,0
0.12,0.79,0
0.246,0.502,0
0.39,0.748,0
0.522,0.683,0
0.415,0.704,0
0.045,0.791,0
0.399,0.675,0
0.444,0.068,3
0.103,0.754,0
0.281,0.455,0
0.29,0.464,0
0.441,0.057,3
0.45,0.733,0
0.476,0.662,0
0.504,0.003,3
0.374,0.772,0
0.494,0.67,0
0.502,0.764,0
0.059,0.829,0
1.004,0.545,4
0.475,0.089,3
0.215,0.525,0
0.992,0.594,4
1.032,0.553,4
0.401,0.035,3
0.989,0.51,2
0.989,0.57,4
0.561,0.033,3
0.915,0.502,1
0.454,0.735,0
0.238,0.471,0
0.493,0.062,3
0.402,0.732,0
0.265,0.512,0
0.241,0.531,0
0.961,0.595,4
0.396,0.692,0
0.983,0.563,4
0.442,0.764,0
0.968,0.568,4
0.53,0.077,3
0.519,0.121,3
0.276,0.533,0
0.485,0.772,0
0.49,0.114,3
0.424,0.719,0
0.27,0.558,0
1.014,0.569,4
0.046,0.806,0
0.38,0.742,0
0.274,0.542,0
0.25,0.559,0
0.457,0.73,0
0.514,0.084,3
0.375,0.731,0
0.108,0.785,0
0.959,0.599,4
0.51,0.106,3
0.286,0.484,0
0.078,0.832,0
0.085,0.764,0
0.47,0.098,3
0.497,0.092,3
0.076,0.848,0
0.231,0.514,0
0.26,0.43,0
0.221,0.551,0
0.241,0.516,0
0.055,0.861,0
0.311,0.371,0
0.257,0.476,0
0.008,0.708,0
0.996,0.576,4
0.459,0.055,3
0.943,0.593,4
0.47,0.083,3
0.451,0.681,0
0.455,0.682,0
0.475,0.207,3
0.944,0.469,2
0.055,0.738,0
0.516,0.039,3
0.444,0.104,3
1.024,0.55,4
0.296,0.554,0
0.474,0.679,0
0.319,0.468,0
0.991,0.55,4
0.022,0.839,0
0.988,0.485,2
0.477,0.707,0
0.28,0.501,0
0.035,0.711,0
0.988,0.568,4
0.372,0.727,0
0.448,0.061,3
0.979,0.553,4
0.449,0.705,0
0.253,0.456,0
0.138,0.758,0
0.452,0.76,0
1.039,0.534,2
0.236,0.504,0
0.478,0.045,3
0.977,0.471,2
0.484,0.027,3
0.453,0.687,0
0.544,0.088,3
0.303,0.52,0
0.991,0.579,4
0.374,0.665,0
1.031,0.587,4
0.1,0.855,0
0.983,0.599,4
0.173,0.762,0
0.482,0.098,3
0.063,0.81,0
0.438,0.055,3
0.466,0.045,3
0.983,0.569,4
0.427,0.765,0
0.052,0.849,0
0.507,0.727,0
0.214,0.53,0
0.303,0.552,0
0.582,0.014,3
0.305,0.494,0
0.473,0.079,3
0.284,0.564,0
0.478,0.122,3
0.397,0.629,0
0.186,0.541,0
0.116,0.747,0
0.449,0.71,0
0.095,0.862,0
0.996,0.525,2
0.471,0.047,3
0.112,0.784,0
0.231,0.556,0
0.277,0.594,0
0.496,0.75,0
0.24,0.587,0
0.98,0.563,4
0.531,0.056,3
0.999,0.557,4
0.458,0.707,0
0.443,0.753,0
0.285,0.524,0
0.267,0.53,0
0.31,0.504,0
0.253,0.46,0
0.483,0.783,0
0.005,0.854,0
0.997,0.58,4
0.061,0.792,0
0.313,0.455,0
0.997,0.563,4
0.455,0.757,0
0.083,0.747,0
0.998,0.545,4
0.033,0.783,0
0.493,0.006,3
0.511,0.054,3
0.501,0.062,3
0.565,0.071,3
0.473,0.757,0
0.98,0.52,2
0.997,0.588,4
0.465,0.751,0
0.023,0.711,0
0.937,0.484,1
0.52,0.057,3
0.547,0.118,3
0.46,0.723,0
0.064,0.769,0
0.96,0.557,1
0.912,0.54,1
0.271,0.501,0
0.505,0.73,0
0.183,0.472,0
0.449,0.091,3
0.016,0.794,0
0.445,0.062,3
1.003,0.583,4
0.967,0.56,4
0.001,0.791,0
0.963,0.524,1
0.586,0.146,3
0.399,0.739,0
0.011,0.766,0
0.516,0.709,0
0.238,0.474,0
0.261,0.563,0
0.068,0.795,0
0.08,0.734,0
0.432,0.704,0
0.473,0.718,0
0.442,0.724,0
0.946,0.545,1
0.009,0.794,0
0.44,0.758,0
0.43,0.753,0
0.031,0.795,0
0.487,0.747,0
0.225,0.529,0
0.387,0.722,0
0.461,0.681,0
0.053,0.794,0
0.498,0.768,0
0.483,0.168,3
0.276,0.484,0
0.998,0.566,4
1.016,0.567,4
0.226,0.406,0
0.453,0.691,0
0.53,0.126,3
0.157,0.764,0
0.467,0.07,3
0.483,0.736,0
0.441,0.684,0
0.962,0.586,4
0.275,0.467,0
0.005,0.794,0
0.217,0.487,0
0.545,0.083,3
0.011,0.781,0
1.005,0.566,4
0.108,0.793,0
0.484,0.049,3
0.56,0.049,3
0.067,0.795,0
0.556,0.112,3
0.004,0.807,0
0.394,0.759,0
0.957,0.48,2
0.514,0.745,0
0.3,0.527,0
0.97,0.48,2
0.033,0.772,0
0.337,0.441,0
0.995,0.515,2
0.961,0.541,1
0.999,0.496,2
0.243,0.436,0
0.521,0.085,3
0.168,0.733,0
0.59,0.102,3
0.41,0.648,0
0.302,0.495,0
0.252,0.492,0
0.057,0.822,0
0.983,0.508,2
0.437,0.807,0
0.515,0.765,0
0.28,0.529,0
0.335,0.699,0
0.092,0.7,0
0.539,0.038,3
1.021,0.569,4
0.252,0.535,0
0.254,0.474,0
0.249,0.488,0
0.447,0.728,0
0.287,0.523,0
0.938,0.552,1
0.946,0.563,1
0.102,0.796,0
0.41,0.749,0
0.381,0.657,0
0.452,0.092,3
0.46,0.053,3
0.436,0.758,0
0.572,0.007,3
0.406,0.758,0
0.077,0.749,0
0.969,0.507,2
0.081,0.771,0
0.288,0.53,0
0.543,0.097,3
0.483,0.756,0
0.487,0.071,3
0.255,0.467,0
0.267,0.517,0
0.458,0.682,0
0.038,0.749,0
0.077,0.764,0
1.003,0.534,2
0.477,0.04,3
0.479,0.729,0
1.032,0.586,4
1.002,0.59,4
0.086,0.842,0
0.526,0.052,3
0.476,0.69,0
0.432,0.707,0
0.041,0.779,0
0.274,0.467,0
0.007,0.798,0
0.042,0.769,0
0.476,0.718,0
0.524,0.717,0
0.239,0.515,0
0.575,0.045,3
0.266,0.547,0
0.119,0.754,0
0.455,0.752,0
0.047,0.779,0
0.427,0.646,0
0.494,0.111,3
0.984,0.637,4
0.895,0.599,1
0.106,0.745,0
0.476,0.735,0
0.253,0.484,0
0.967,0.634,4
0.043,0.768,0
0.213,0.553,0
0.082,0.76,0
0.974,0.482,2
0.444,0.687,0
0.945,0.536,1
0.51,0.1,3
0.507,0.084,3
0.115,0.786,0
0.13,0.8,0
0.294,0.503,0
0.207,0.495,0
0.535,0.774,0
0.229,0.418,0
0.406,0.732,0
0.237,0.519,0
1.005,0.558,4
0.105,0.783,0
0.496,0.029,3
0.413,0.435,0
0.464,0.732,0
0.506,0.109,3
0.493,0.048,3
0.086,0.782,0
0.447,0.032,3
0.226,0.487,0
0.386,0.741,0
0.978,0.529,2
0.042,0.796,0
0.046,0.801,0
0.916,0.479,1
1.013,0.474,2
0.557,0,3
0.477,0.112,3
0.245,0.472,0
0.503,0.076,3
0.222,0.514,0
0.1,0.75,0
0.081,0.779,0
0.543,0.067,3
0.296,0.508,0
0.434,0.742,0
0.255,0.438,0
0.313,0.494,0
0.476,0.048,3
0.444,0.704,0
0.306,0.486,0
0.277,0.47,0
0.949,0.542,1
0.437,0.669,0
0.915,0.54,1
0.109,0.821,0
0.041,0.805,0
0.244,0.476,0
0.915,0.567,1
0.279,0.478,0
0.004,0.75,0
0.473,0.069,3
0.539,0.105,3
0.405,0.757,0
0.304,0.546,0
0.096,0.744,0
0.44,0.757,0
0.23,0.51,0
0.971,0.479,2
0.294,0.537,0
0.242,0.505,0
0.065,0.803,0
0.26,0.478,0
0.055,0.735,0
0.988,0.552,4
1.058,0.515,2
0.537,0.037,3
0.051,0.728,0
0.418,0.659,0
0.447,0.751,0
0.437,0.661,0
0.359,0.747,0
0.489,0.72,0
0.494,0.003,3
1.024,0.492,2
0.488,0.058,3
0.976,0.501,2
0.417,0.762,0
0.486,0.679,0
0.128,0.891,0
0.034,0.745,0
0.52,0.021,3
0.563,0.001,3
0.163,0.471,0
0.462,0.662,0
0.444,0.724,0
0.461,0.678,0
0.267,0.534,0
0.976,0.497,2
0.529,0.079,3
0.459,0.057,3
0.497,0.115,3
0.323,0.476,0
0.978,0.529,2
0.13,0.837,0
0.226,0.494,0
0.011,0.737,0
0.507,0.044,3
0.568,0.036,3
0.432,0.133,3
0.248,0.508,0
0.079,0.78,0
0.076,0.773,0
0.55,0.063,3
0.481,0.001,3
0.461,0.719,0
0.044,0.788,0
0.954,0.569,1
0.411,0.621,0
0.427,0.72,0
0.498,0.033,3
0.086,0.825,0
1.083,0.545,2
0.277,0.482,0
0.483,0.061,3
0.95,0.555,1
0.94,0.534,1
0.453,0.103,3
0.998,0.552,4
0.471,0.097,3
0.253,0.545,0
0.476,0.011,3
0.942,0.529,1
0.341,0.447,0
0.45,0.8,0
0.444,0.729,0
0.105,0.813,0
0.081,0.818,0
0.056,0.787,0
0.434,0.695,0
0.954,0.501,1
1.056,0.468,2
0.398,0.776,0
0.166,0.459,0
0.488,0.038,3
0.574,0.111,3
0.132,0.802,0
0.039,0.775,0
0.406,0.749,0
0.509,0.078,3
0.975,0.483,2
0.507,0.09,3
0.434,0.043,3
0.48,0.075,3
0.981,0.585,4
0.351,0.502,0
1.008,0.491,2
0.268,0.449,0
0.123,0.805,0
0.2,0.567,0
0.936,0.607,4
0.955,0.539,1
0.012,0.788,0
1.045,0.589,4
0.285,0.461,0
0.467,0.732,0
0.484,0.019,3
0.315,0.593,0
0.545,0.7,0
0.067,0.818,0
0.339,0.489,0
0.092,0.823,0
0.469,0.733,0
0.086,0.746,0
0.99,0.548,4
0.1,0.745,0
0.473,0.064,3
0.262,0.56,0
0.505,0.055,3
0.464,0.03,3
0.455,0.693,0
0.415,0.721,0
0.126,0.817,0
0.446,0.746,0
0.98,0.558,4
0.416,0.041,3
0.957,0.448,2
0.401,0.748,0
0.396,0.705,0
0.344,0.626,0
0.102,0.745,0
0.966,0.531,1
0.448,0.707,0
0.502,0.122,3
0.363,0.66,0
0.068,0.796,0
1.022,0.545,4
0.425,0.667,0
0.273,0.513,0
0.333,0.496,0
0.466,0.761,0
0.907,0.517,1
0.278,0.507,0
0.577,0.022,3
0.954,0.538,1
0.398,0.734,0
0.499,0.708,0
0.932,0.519,1
0.099,0.728,0
0.97,0.555,4
0.19,0.486,0
0.266,0.465,0
0.985,0.48,2
0.55,0.039,3
0.536,0.08,3
0.384,0.782,0
0.559,0.162,3
0.062,0.697,0
0.096,0.81,0
0.48,0.743,0
0.46,0.037,3
0.467,0.627,0
0.227,0.483,0
0.286,0.534,0
0.475,0.004,3
0.066,0.759,0
0.566,0.073,3
0.999,0.497,2
0.454,0.722,0
0.48,0.05,3
0.406,0.655,0
0.434,0.724,0
0.309,0.461,0
0.401,0.038,3
0.464,0.755,0
0.048,0.753,0
0.14,0.833,0
0.476,0.103,3
0.24,0.518,0
0.94,0.573,1
0.032,0.844,0
0.12,0.722,0
0.511,0.039,3
0.437,0.068,3
0.972,0.536,1
0.016,0.844,0
0.588,0.067,3
1.119,0.505,2
0.054,0.799,0
0.512,0.046,3
0.417,0.723,0
0.052,0.801,0
0.073,0.776,0
0.307,0.479,0
1.044,0.546,4
0.298,0.526,0
0.268,0.543,0
0.552,0.065,3
0.494,0.106,3
0.428,0.703,0
0.516,0.062,3
1.014,0.563,4
0.997,0.571,4
0.063,0.78,0
0.965,0.515,1
0.356,0.491,0
0.424,0.675,0
0.327,0.517,0
0.206,0.485,0
0.519,0.097,3
0.576,0.065,3
0.436,0.758,0
1,0.513,2
0.552,0.1,3
0.055,0.793,0
0.436,0.779,0
1.017,0.566,4
1.003,0.564,4
0.088,0.845,0
0.425,0.793,0
0.186,0.483,0
0.29,0.461,0
0.03,0.824,0
0.445,0.036,3
0.887,0.538,1
0.135,0.718,0
0.438,0.728,0
0.005,0.753,0
0.459,0.083,3
0.968,0.525,1
0.443,0.079,3
0.512,0.113,3
0.937,0.52,1
0.532,0.048,3
0.266,0.408,0
0.232,0.441,0
0.387,0.702,0
0.283,0.497,0
0.215,0.513,0
0.418,0.807,0
0.54,0.765,0
0.108,0.763,0
0.048,0.842,0
0.445,0.777,0
0.426,0.7,0
0.255,0.538,0
0.499,0.077,3
0.448,0.743,0
0.378,0.756,0
0.933,0.533,1
0.97,0.558,4
0.108,0.808,0
0.443,0.687,0
0.337,0.722,0
0.436,0.742,0
0.367,0.766,0
0.436,0.69,0
0.474,0.727,0
0.969,0.584,4
0.244,0.529,0
0.41,0.785,0
0.462,0.052,3
0.989,0.517,2
0.974,0.563,4
0.527,0.074,3
0.924,0.565,1
0.934,0.548,1
0.166,0.762,0
0.932,0.501,1
0.237,0.52,0
0.989,0.517,2
0.406,0.713,0
1.057,0.566,4
0.542,0.058,3
0.05,0.749,0
0.424,0.749,0
0.154,0.811,0
0.278,0.483,0
0.506,0.729,0
0.277,0.518,0
0.467,0.073,3
0.488,0.14,3
0.208,0.484,0
0.457,0.14,3
1.005,0.566,4
0.435,0.669,0
0.314,0.534,0
0.305,0.52,0
1.044,0.581,4
0.427,0.755,0
0.048,0.837,0
1.03,0.527,2
0.28,0.459,0
0.519,0.181,3
0.237,0.518,0
0.226,0.508,0
0.097,0.798,0
0.279,0.477,0
0.327,0.536,0
0.443,0.078,3
0.468,0.675,0
0.943,0.549,1
0.11,0.781,0
0.07,0.794,0
0.25,0.459,0
0.921,0.573,1
0.262,0.428,0
0.433,0.676,0
0.266,0.505,0
0.483,0.059,3
0.965,0.55,1
0.056,0.792,0
0.499,0.095,3
0.282,0.562,0
1,0.527,2
1.013,0.483,2
0.437,0.738,0
0.568,0.047,3
0.008,0.752,0
0.121,0.767,0
0.519,0.075,3
0.494,0.06,3
0.403,0.093,3
0.994,0.569,4
0.235,0.485,0
0.048,0.806,0
0.571,0.02,3
0.456,0.734,0
0.447,0.73,0
0.291,0.459,0
0.43,0.791,0
0.481,0.086,3
1.032,0.516,2
1.013,0.522,2
0.467,0.715,0
0.523,0.037,3
0.453,0.702,0
0.419,0.683,0
0.096,0.747,0
0.922,0.487,1
0.548,0.004,3
1.022,0.568,4
0.45,0.686,0
0.123,0.819,0
0.988,0.532,2
0.959,0.563,1
0.989,0.528,2
0.253,0.443,0
0.96,0.519,1
0.062,0.803,0
0.975,0.611,4
0.321,0.48,0
0.495,0.078,3
0.055,0.765,0
0.051,0.809,0
0.532,0.087,3
0.035,0.748,0
0.24,0.51,0
0.495,0.664,0
0.229,0.501,0
1.002,0.534,2
0.418,0.73,0
0.079,0.742,0
0.398,0.716,0
0.581,0.062,3
0.961,0.546,1
0.542,0.114,3
0.949,0.551,1
0.432,0.718,0
0.078,0.761,0
0.203,0.56,0
0.332,0.502,0
0.968,0.488,2
0.432,0.707,0
0.459,0.671,0
0.245,0.496,0
0.522,0.044,3
0.241,0.498,0
0.343,0.4,0
1.012,0.562,4
0.99,0.615,4
0.521,0.03,3
0.528,0.06,3
0.513,0.018,3
0.977,0.516,2
0.97,0.494,2
0.988,0.631,4
0.271,0.408,0
0.994,0.475,2
0.067,0.787,0
0.501,0.034,3
0.29,0.451,0
0.275,0.497,0
0.431,0.702,0
0.257,0.468,0
0.364,0.72,0
0.344,0.502,0
0.204,0.415,0
0.431,0.091,3
0.236,0.513,0
0.478,0.153,3
0.094,0.755,0
0.33,0.49,0
0.491,0.036,3
0.48,0.068,3
1.014,0.496,2
0.464,0.71,0
0.219,0.509,0
0.287,0.448,0
0.076,0.779,0
0.054,0.822,0
0.969,0.477,2
0.529,0.031,3
0.226,0.493,0
0.987,0.565,4
0.436,0.724,0
0.434,0.096,3
0.969,0.517,2
0.977,0.578,4
0.414,0.694,0
1.001,0.626,4
0.471,0.106,3
0.521,0.691,0
0.073,0.859,0
0.081,0.798,0
0.988,0.568,4
0.217,0.441,0
0.396,0.64,0
0.536,0.12,3
0.482,0.117,3
0.043,0.827,0
0.973,0.542,1
0.18,0.528,0
0.49,0.751,0
1.048,0.562,4
0.478,0.73,0
0.253,0.561,0
0.974,0.483,2
1.036,0.549,4
0.339,0.541,0
0.24,0.46,0
0.282,0.552,0
0.045,0.742,0
0.311,0.455,0
0.014,0.775,0
0.058,0.848,0
0.266,0.488,0
0.475,0.073,3
0.429,0.754,0
0.129,0.843,0
0.61,0.03,3
0.257,0.507,0
0.109,0.748,0
1.008,0.48,2
0.417,0.665,0
0.49,0.746,0
0.515,0.05,3
0.252,0.497,0
0.982,0.576,4
0.072,0.734,0
0.09,0.792,0
0.481,0.078,3
0.982,0.549,4
0.411,0.639,0
0.523,0.063,3
0.434,0.74,0
0.073,0.765,0
0.931,0.489,1
0.37,0.735,0
0.086,0.847,0
0.422,0.716,0
0.018,0.699,0
0.484,0.781,0
0.384,0.729,0
0.97,0.464,2
0.409,0.75,0
0.939,0.563,1
0.234,0.45,0
0.257,0.465,0
1.018,0.519,2
0.514,0.002,3
0.408,0.707,0
0.447,0.13,3
0.524,0.046,3
0.048,0.787,0
0.083,0.727,0
0.971,0.571,4
0.948,0.499,1
0.477,0.713,0
0.96,0.535,1
1.034,0.609,4
0.486,0.766,0
0.506,0.047,3
0.366,0.634,0
0.288,0.474,0
0.196,0.508,0
0.422,0.719,0
0.483,0.69,0
0.982,0.588,4
1.008,0.58,4
0.543,0.066,3
0.524,0.02,3
0.239,0.478,0
0.101,0.843,0
0.449,0.728,0
0.504,0.733,0
0.048,0.84,0
0.041,0.768,0
0.519,0.092,3
0.254,0.422,0
1.016,0.54,2
0.95,0.522,1
0.945,0.586,4
0.318,0.451,0
0.477,0.035,3
0.125,0.811,0
0.217,0.436,0
0.522,0.083,3
0.368,0.557,0
0.346,0.74,0
0.446,0.739,0
0.091,0.804,0
0.067,0.791,0
0.955,0.517,1
0.524,0.71,0
0.11,0.821,0
0.92,0.542,1
0.936,0.606,4
0.051,0.791,0
0.45,0.095,3
1.121,0.526,2
0.956,0.585,4
0.251,0.525,0
0.067,0.789,0
1.046,0.588,4
0.31,0.543,0
0.233,0.561,0
0.091,0.76,0
0.207,0.762,0
0.523,0.013,3
0.903,0.508,1
0.545,0.093,3
0.985,0.53,2
0.052,0.798,0
0.096,0.715,0
0.28,0.515,0
0.975,0.517,2
1.025,0.559,4
0.952,0.609,4
0.446,0.724,0
0.254,0.581,0
0.126,0.682,0
0.099,0.781,0
0.44,0.718,0
0.459,0.717,0
0.248,0.541,0
0.937,0.493,1
1.054,0.507,2
0.917,0.703,4
0.924,0.583,1
1.044,0.537,2
0.505,0.088,3
0.599,0.035,3
0.074,0.75,0
0.441,0.06,3
0.504,0.014,3
0.071,0.762,0
1.008,0.545,4
0.505,0.151,3
0.04,0.78,0
0.066,0.809,0
0.468,0.596,0
0.378,0.663,0
1.008,0.57,4
0.418,0.768,0
1.023,0.454,2
0.034,0.774,0
0.229,0.471,0
0.444,0.052,3
0.521,0.065,3
0.983,0.564,4
0.246,0.536,0
0.294,0.513,0
0.425,0.69,0
0.105,0.733,0
0.464,0.704,0
0.923,0.51,1
0.047,0.719,0
1.005,0.468,2
0.508,0.053,3
0.027,0.771,0
0.069,0.807,0
0.945,0.541,1
0.274,0.456,0
0.471,0.109,3
0.49,0.111,3
0.441,0.671,0
0.379,0.722,0
0.435,0.653,0
0.461,0.762,0
0.458,0.712,0
0.475,0.801,0
0.098,0.855,0
0.471,0.068,3
0.301,0.508,0
0.387,0.711,0
0.148,0.718,0
0.501,0.079,3
0.545,0.106,3
0.928,0.561,1
0.416,0.713,0
0.949,0.624,4
0.304,0.45,0
0.503,0.001,3
0.401,0.707,0
0.512,0.09,3
0.001,0.822,0
1.009,0.532,2
0.995,0.603,4
0.473,0.049,3
0.292,0.468,0
0.332,0.52,0
0.313,0.549,0
0.993,0.473,2
1.013,0.404,2
0.053,0.786,0
0.264,0.497,0
0.121,0.712,0
0.303,0.493,0
0.427,0.012,3
0.098,0.785,0
0.969,0.537,1
0.075,0.847,0
0.937,0.576,1
0.992,0.56,4
0.451,0.711,0
0.281,0.563,0
0.535,0.064,3
0.404,0.756,0
0.424,0.721,0
0.507,0.081,3
0.111,0.785,0
0.473,0.043,3
0.544,0.07,3
0.142,0.787,0
0.41,0.752,0
0.966,0.514,2
0.43,0.746,0
0.412,0.738,0
0.127,0.822,0
0.004,0.76,0
0.239,0.576,0
0.269,0.512,0
0.52,0.009,3
0.059,0.816,0
0.103,0.785,0
0.973,0.507,2
0.384,0.684,0
0.528,0.031,3
0.465,0.046,3
0.946,0.526,1
0.959,0.508,1
0.087,0.772,0
0.079,0.786,0
0.443,0.129,3
0.103,0.817,0
0.321,0.771,0
0.991,0.515,2
0.121,0.811,0
1.042,0.521,2
0.086,0.793,0
0.545,0.706,0
0.505,0.773,0
0.05,0.772,0
1.009,0.527,2
0.493,0.727,0
0.54,0.013,3
0.918,0.477,1
0.097,0.803,0
0.09,0.814,0
0.122,0.761,0
1.004,0.553,4
0.428,0.736,0
1.017,0.559,4
0.377,0.662,0
0.288,0.447,0
0.954,0.495,1
0.129,0.773,0
0.192,0.498,0
0.49,0.07,3
0.534,0.048,3
0.948,0.503,1
0.239,0.545,0
0.044,0.855,0
0.45,0.692,0
0.498,0.036,3
0.479,0.673,0
0.062,0.746,0
0.234,0.493,0
0.073,0.77,0
0.986,0.544,4
0.413,0.796,0
0.463,0.73,0
1.022,0.602,4
0.466,0.114,3
0.05,0.804,0
0.576,0.09,3
0.398,0.818,0
0.312,0.459,0
0.116,0.712,0
0.416,0.721,0
0.963,0.565,4
0.529,0.004,3
1.004,0.575,4
0.946,0.545,1
0.521,0.685,0
0.254,0.464,0
0.195,0.518,0
0.486,0.035,3
0.084,0.798,0
0.392,0.663,0
0.566,0.024,3
0.443,0.736,0
0.46,0.81,0
0.299,0.452,0
0.93,0.525,1
0.253,0.45,0
0.546,0.13,3
0.257,0.5,0
0.489,0.079,3
0.243,0.483,0
0.982,0.528,2
0.988,0.537,2
0.279,0.544,0
0.489,0.002,3
0.251,0.481,0
0.966,0.491,2
0.968,0.563,4
0.053,0.763,0
0.237,0.437,0
0.063,0.818,0
0.519,0.041,3
0.458,0.075,3
0.07,0.796,0
0.97,0.509,2
0.277,0.595,0
1.022,0.485,2
0.495,0.094,3
0.469,0.051,3
0.922,0.521,1
0.115,0.747,0
0.914,0.544,1
0.421,0.772,0
0.246,0.49,0
0.549,0.119,3
0.093,0.753,0
0.26,0.488,0
0.228,0.465,0
0.397,0.718,0
0.495,0.789,0
0.066,0.829,0
0.307,0.489,0
0.557,0.061,3
1.036,0.583,4
0.1,0.805,0
0.208,0.498,0
0.477,0.776,0
0.092,0.745,0
0.481,0.075,3
0.623,0.053,3
0.074,0.799,0
0.041,0.778,0
0.954,0.471,2
0.26,0.555,0
0.999,0.528,2
0.331,0.461,0
0.419,0.768,0
0.531,0.058,3
0.098,0.757,0
0.527,0.001,3
0.256,0.487,0
0.276,0.516,0
0.505,0.023,3
0.971,0.535,1
0.238,0.525,0
0.428,0.738,0
0.499,0.004,3
0.495,0.164,3
0.266,0.435,0
0.191,0.51,0
0.131,0.815,0
0.492,0.11,3
0.981,0.477,2
0.523,0.067,3
0.969,0.513,2
0.297,0.478,0
0.275,0.524,0
0.971,0.555,4
0.457,0.075,3
0.972,0.538,1
0.326,0.561,0
0.541,0.07,3
0.947,0.587,4
0.012,0.785,0
0.983,0.474,2
0.45,0.739,0
0.083,0.787,0
0.071,0.772,0
0.421,0.743,0
0.077,0.807,0
0.458,0.008,3
0.934,0.554,1
0.445,0.002,3
0.504,0.068,3
0.473,0.064,3
0.1,0.745,0
0.97,0.534,1
0.286,0.435,0
0.092,0.772,0
0.536,0.012,3
0.533,0.095,3
0.991,0.511,2
0.488,0.091,3
0.969,0.565,4
0.407,0.713,0
0.235,0.596,0
0.946,0.603,4
0.279,0.516,0
0.403,0.742,0
0.514,0.098,3
0.99,0.506,2
0.478,0.653,0
0.225,0.576,0
0.009,0.74,0
0.276,0.442,0
0.321,0.521,0
0.41,0.67,0
0.326,0.51,0
0.523,0.074,3
0.278,0.5,0
0.512,0.035,3
0.533,0.128,3
0.071,0.809,0
0.445,0.027,3
0.949,0.569,1
0.457,0.769,0
0.525,0.122,3
0.267,0.578,0
0.509,0.14,3
0.531,0.082,3
0.491,0.756,0
0.396,0.782,0
0.967,0.569,4
0.394,0.738,0
0.1,0.8,0
0.403,0.726,0
0.243,0.489,0
0.327,0.538,0
0.086,0.762,0
0.043,0.741,0
0.519,0.038,3
0.29,0.543,0
0.037,0.797,0
0.463,0.711,0
0.966,0.515,1
0.319,0.765,0
0.976,0.515,2
0.065,0.781,0
0.511,0.064,3
0.443,0.724,0
0.451,0.065,3
0.285,0.563,0
0.469,0.127,3
0.078,0.749,0
0.284,0.434,0
0.959,0.571,4
1.01,0.523,2
0.067,0.76,0
0.915,0.554,1
0.458,0.041,3
0.962,0.478,2
0.362,0.513,0
0.531,0.099,3
0.316,0.565,0
0.948,0.482,1
0.32,0.521,0
0.366,0.699,0
1.002,0.534,2
0.952,0.566,1
0.285,0.52,0
0.399,0.724,0
0.486,0.702,0
0.437,0.717,0
0.91,0.517,1
0.975,0.538,1
0.104,0.71,0
0.254,0.562,0
0.545,0.03,3
0.107,0.782,0
0.971,0.518,2
0.312,0.549,0
0.237,0.509,0
0.085,0.794,0
0.503,0.085,3
0.302,0.486,0
0.512,0.101,3
0.442,0.777,0
0.444,0.052,3
0.253,0.477,0
0.957,0.507,1
1.045,0.522,2
0.568,0.036,3
0.213,0.501,0
0.327,0.51,0
0.437,0.717,0
0.055,0.814,0
1.027,0.522,2
0.474,0.111,3
0.556,0.088,3
0.965,0.574,4
0.483,0.684,0
0.087,0.846,0
0.43,0.774,0
0.437,0.769,0
0.439,0.747,0
0.281,0.522,0
0.48,0.045,3
0.119,0.882,0
0.444,0.066,3
0.978,0.531,2
0.951,0.49,1
0.494,0.77,0
0.128,0.728,0
0.293,0.485,0
0.997,0.57,4
0.106,0.731,0
0.275,0.486,0
0.417,0.784,0
0.25,0.585,0
0.479,0.735,0
0.417,0.784,0
0.392,0.769,0
0.408,0.712,0
0.432,0.729,0
0.093,0.733,0
0.956,0.567,1
0.137,0.856,0
0.975,0.574,4
0.101,0.805,0
0.237,0.454,0
0.482,0.111,3
0.258,0.525,0
0.426,0.687,0
0.283,0.514,0
0.532,0.099,3
0.129,0.782,0
0.054,0.81,0
0.398,0.744,0
0.477,0.027,3
1.031,0.538,2
0.118,0.789,0
0.95,0.62,4
0.231,0.467,0
0.423,0.787,0
0.515,0.002,3
0.504,0.094,3
0.928,0.603,1
0.121,0.793,0
0.472,0.057,3
0.967,0.538,1
0.494,0.056,3
0.529,0.065,3
0.204,0.437,0
0.51,0.116,3
0.104,0.802,0
0.467,0.62,0
0.499,0.042,3
0.416,0.697,0
0.435,0.759,0
0.435,0.729,0
0.124,0.804,0
0.433,0.687,0
1.006,0.601,4
0.052,0.776,0
0.405,0.64,0
0.163,0.821,0
0.445,0.69,0
0.483,0.074,3
0.511,0.04,3
0.468,0.757,0
0.431,0.064,3
0.508,0.119,3
1,0.499,2
0.972,0.512,2
0.4,0.768,0
0.511,0.085,3
0.517,0.098,3
0.496,0.082,3
0.22,0.496,0
1.01,0.528,2
1.002,0.538,2
0.435,0.703,0
0.455,0.752,0
0.279,0.485,0
0.399,0.729,0
0.01,0.745,0
0.917,0.577,1
0.545,0.065,3
0.326,0.404,0
0.023,0.699,0
0.972,0.514,2
0.242,0.448,0
0.108,0.788,0
0.47,0.759,0
0.995,0.579,4
0.285,0.559,0
0.052,0.798,0
1.046,0.546,4
0.529,0.078,3
0.071,0.714,0
0.895,0.448,1
0.401,0.756,0
0.933,0.505,1
0.254,0.461,0
0.05,0.8,0
0.501,0.105,3
0.371,0.718,0
0.253,0.521,0
0.962,0.577,4
0.29,0.415,0
0.483,0.773,0
0.253,0.526,0
0.942,0.559,1
0.249,0.431,0
0.527,0.189,3
0.431,0.706,0
0.308,0.514,0
0.947,0.596,4
0.087,0.81,0
0.418,0.823,0
0.277,0.476,0
0.465,0.742,0
0.294,0.462,0
0.325,0.428,0
0.427,0.668,0
0.955,0.54,1
0.101,0.817,0
0.432,0.758,0
0.041,0.733,0
0.464,0.085,3
0.482,0.707,0
0.154,0.764,0
0.097,0.794,0
0.231,0.51,0
0.179,0.507,0
0.105,0.756,0
0.086,0.776,0
1.014,0.55,4
0.2,0.5,0
0.479,0.084,3
0.503,0.756,0
0.964,0.556,1
0.957,0.536,1
0.281,0.522,0
0.527,0.166,3
0.441,0.776,0
0.44,0.742,0
0.397,0.686,0
0.077,0.759,0
0.122,0.76,0
0.473,0.092,3
0.474,0.041,3
0.477,0.747,0
0.481,0.033,3
0.263,0.563,0
0.89,0.482,1
0.016,0.784,0
0.263,0.485,0
0.456,0.038,3
0.287,0.405,0
0.489,0.089,3
0.14,0.777,0
0.416,0.621,0
0.091,0.74,0
0.948,0.497,1
0.122,0.769,0
0.235,0.508,0
1.017,0.6,4
0.033,0.774,0
0.49,0.007,3
0.424,0.638,0
0.463,0.007,3
0.276,0.457,0
0.562,0.021,3
0.289,0.517,0
0.095,0.758,0
1.005,0.444,2
0.487,0.027,3
0.276,0.511,0
0.577,0.045,3
0.14,0.741,0
0.44,0.724,0
0.567,0.069,3
1.11,0.537,2
1.021,0.489,2
0.362,0.675,0
0.48,0.751,0
0.908,0.528,1
0.505,0.673,0
0.485,0.687,0
0.113,0.811,0
0.482,0.036,3
0.249,0.501,0
0.998,0.53,2
0.265,0.514,0
1.002,0.568,4
0.497,0.044,3
0.304,0.588,0
0.065,0.785,0
1.037,0.465,2
0.482,0.035,3
0.406,0.743,0
0.267,0.51,0
0.082,0.714,0
0.466,0.712,0
0.473,0.752,0
0.461,0.1,3
0.968,0.573,4
0.089,0.783,0
0.429,0.685,0
0.067,0.82,0
0.264,0.438,0
0.424,0.702,0
0.46,0.783,0
0.004,0.786,0
0.453,0.737,0
0.27,0.56,0
0.975,0.524,2
0.97,0.633,4
0.085,0.801,0
0.483,0.111,3
0.42,0.747,0
0.268,0.536,0
0.241,0.442,0
0.252,0.501,0
0.968,0.531,1
0.275,0.544,0
0.143,0.806,0
0.523,0.036,3
0.058,0.747,0
0.981,0.427,2
0.484,0.722,0
0.412,0.766,0
0.25,0.526,0
0.063,0.804,0
0.08,0.872,0
0.466,0.709,0
0.392,0.706,0
0.282,0.505,0
1.008,0.564,4
0.317,0.526,0
0.439,0.788,0
0.997,0.519,2
0.992,0.487,2
0.471,0.74,0
0.075,0.792,0
0.46,0.072,3
0.541,0.053,3
0.989,0.48,2
0.051,0.742,0
0.996,0.549,4
0.108,0.751,0
0.591,0.098,3
0.031,0.806,0
1.031,0.513,2
0.534,0.116,3
0.033,0.807,0
0.105,0.726,0
0.492,0.669,0
0.947,0.551,1
0.285,0.459,0
0.05,0.777,0
0.458,0.746,0
0.433,0.102,3
0.486,0.02,3
0.498,0.06,3
0.567,0.067,3
0.438,0.696,0
0.058,0.766,0
0.441,0.095,3
0.236,0.467,0
0.463,0.666,0
0.442,0.054,3
0.489,0.132,3
0.265,0.523,0
0.083,0.793,0
0.526,0.133,3
0.523,0.043,3
0.331,0.494,0
0.401,0.691,0
0.022,0.822,0
0.398,0.733,0
0.493,0.71,0
0.161,0.513,0
0.911,0.523,1
0.19,0.563,0
0.424,0.694,0
0.283,0.494,0
0.198,0.562,0
0.491,0.672,0
0.249,0.504,0
0.557,0.116,3
0.454,0.752,0
0.118,0.771,0
0.939,0.499,1
0.939,0.54,1
0.395,0.79,0
0.455,0.725,0
0.957,0.586,4
1.028,0.615,4
0.078,0.754,0
0.109,0.768,0
0.449,0.716,0
0.999,0.596,4
0.409,0.684,0
0.99,0.514,2
0.076,0.867,0
0.057,0.808,0
0.01,0.798,0
0.458,0.017,3
0.927,0.526,1
0.346,0.475,0
0.084,0.84,0
0.094,0.757,0
0.335,0.488,0
0.526,0.025,3
0.286,0.495,0
0.486,0.034,3
0.075,0.776,0
0.368,0.731,0
0.401,0.664,0
0.296,0.517,0
0.474,0.117,3
0.494,0.122,3
0.972,0.576,4
0.264,0.495,0
1.026,0.544,4
0.936,0.518,1
0.117,0.783,0
0.265,0.512,0
1.009,0.56,4
0.273,0.473,0
0.44,0.685,0
0.098,0.794,0
0.998,0.574,4
0.116,0.757,0
0.517,0.035,3
0.525,0.135,3
0.967,0.567,4
0.108,0.783,0
0.932,0.487,1
0.458,0.705,0
0.008,0.754,0
1.045,0.514,2
0.953,0.538,1
0.981,0.465,2
0.199,0.473,0
0.013,0.726,0
0.473,0.668,0
1.012,0.5,2
0.493,0.068,3
0.933,0.586,1
0.458,0.721,0
0.189,0.482,0
0.477,0.026,3
1.026,0.559,4
0.297,0.56,0
0.439,0.743,0
0.295,0.451,0
0.421,0.73,0
1.042,0.528,2
0.49,0.716,0
0.996,0.528,2
0.403,0.683,0
0.105,0.655,0
0.228,0.522,0
0.163,0.824,0
0.355,0.683,0
1.017,0.58,4
0.117,0.774,0
0.433,0.755,0
1.001,0.571,4
0.035,0.738,0
0.508,0.038,3
0.519,0.121,3
0.233,0.5,0
0.44,0.725,0
0.105,0.814,0
0.099,0.78,0
0.442,0.065,3
0.999,0.561,4
0.064,0.756,0
0.297,0.466,0
0.231,0.508,0
0.156,0.775,0
0.961,0.494,2
0.972,0.544,1
0.295,0.498,0
0.05,0.687,0
0.353,0.705,0
0.477,0.701,0
0.452,0.76,0
0.041,0.819,0
0.413,0.674,0
0.894,0.529,1
0.084,0.793,0
0.056,0.704,0
0.522,0.022,3
0.986,0.556,4
0.257,0.548,0
0.276,0.562,0
0.536,0.074,3
0.339,0.5,0
0.964,0.457,2
0.096,0.771,0
0.916,0.493,1
0.443,0.739,0
0.282,0.48,0
0.453,0.666,0
0.466,0.735,0
0.096,0.794,0
0.996,0.561,4
1.008,0.606,4
0.994,0.581,4
0.057,0.763,0
0.482,0.07,3
0.225,0.494,0
0.025,0.775,0
0.321,0.471,0
0.431,0.053,3
0.111,0.818,0
0.147,0.706,0
0.481,0.68,0
0.517,0.08,3
0.444,0.753,0
0.4,0.681,0
0.992,0.519,2
1.011,0.494,2
0.475,0.728,0
0.211,0.481,0
0.477,0.708,0
0.506,0.029,3
0.972,0.52,2
0.392,0.71,0
0.43,0.072,3
0.064,0.801,0
0.398,0.789,0
0.949,0.533,1
0.256,0.53,0
0.424,0.79,0
0.209,0.466,0
0.975,0.53,2
0.012,0.766,0
1.035,0.564,4
0.466,0.118,3
0.026,0.776,0
0.01,0.758,0
0.164,0.825,0
0.463,0.087,3
0.032,0.786,0
0.124,0.745,0
0.072,0.791,0
0.101,0.718,0
0.045,0.745,0
1.033,0.524,2
0.455,0.66,0
0.412,0.717,0
0.098,0.818,0
0.5,0.067,3
0.504,0.776,0
0.014,0.774,0
0.541,0.047,3
1.051,0.479,2
0.404,0.732,0
1.002,0.489,2
1.016,0.584,4
0.048,0.778,0
1.033,0.537,2
0.333,0.467,0
0.498,0.092,3
0.47,0.711,0
0.517,0.076,3
0.508,0.739,0
0.248,0.514,0
0.425,0.012,3
0.429,0.682,0
0.124,0.766,0
0.425,0.716,0
0.429,0.691,0
0.459,0.043,3
0.509,0.123,3
0.201,0.513,0
0.516,0.048,3
0.091,0.854,0
0.98,0.462,2
0.525,0.107,3
0.328,0.489,0
0.986,0.512,2
0.097,0.769,0
0.057,0.779,0
0.06,0.796,0
0.074,0.77,0
0.54,0.115,3
1.036,0.523,2
0.237,0.508,0
0.537,0.118,3
0.387,0.78,0
0.406,0.632,0
0.049,0.803,0
0.481,0.709,0
0.41,0.73,0
0.467,0.668,0
0.093,0.809,0
0.471,0.754,0
0.295,0.494,0
0.453,0.671,0
0.301,0.488,0
0.434,0.774,0
0.302,0.562,0
0.508,0.042,3
0.274,0.48,0
0.438,0.804,0
0.971,0.538,1
0.471,0.72,0
0.551,0.143,3
0.493,0.017,3
0.985,0.492,2
0.061,0.889,0
0.075,0.742,0
0.328,0.465,0
0.141,0.769,0
0.488,0.046,3
0.246,0.527,0
0.451,0.774,0
0.533,0.011,3
0.4,0.675,0
0.082,0.751,0
0.305,0.502,0
0.438,0.08,3
0.041,0.888,0
0.024,0.8,0
0.975,0.559,4
0.503,0.079,3
0.091,0.794,0
0.26,0.438,0
0.294,0.528,0
0.971,0.512,2
0.019,0.787,0
0.553,0.663,0
0.281,0.472,0
0.969,0.53,1
0.075,0.762,0
0.094,0.812,0
0.041,0.703,0
0.039,0.773,0
0.234,0.555,0
0.966,0.584,4
0.974,0.525,2
0.14,0.719,0
0.002,0.757,0
0.057,0.798,0
0.508,0.048,3
0.092,0.774,0
0.135,0.809,0
0.136,0.762,0
0.446,0.095,3
0.952,0.512,1
0.104,0.775,0
0.243,0.463,0
0.476,0.713,0
0.003,0.791,0
0.495,0.664,0
0.026,0.785,0
0.085,0.771,0
0.103,0.747,0
0.254,0.571,0
0.912,0.524,1
0.447,0.739,0
0.209,0.461,0
0.522,0.019,3
0.085,0.707,0
0.499,0.042,3
0.003,0.761,0
0.419,0.68,0
1.019,0.565,4
0.056,0.816,0
0.937,0.537,1
0.265,0.498,0
1.012,0.519,2
0.412,0.072,3
0.222,0.577,0
0.989,0.54,4
0.957,0.554,1
0.453,0.736,0
0.46,0.757,0
0.542,0.127,3
0.276,0.558,0
0.532,0.085,3
0.589,0.064,3
0.251,0.519,0
0.335,0.484,0
0.104,0.804,0
0.435,0.136,3
0.428,0.8,0
0.281,0.498,0
0.517,0.071,3
0.396,0.76,0
0.555,0.127,3
1.009,0.55,4
0.311,0.546,0
0.5,0.041,3
0.401,0.78,0
1.042,0.478,2
0.956,0.539,1
0.014,0.723,0
0.249,0.518,0
0.174,0.751,0
0.299,0.557,0
0.227,0.471,0
0.036,0.815,0
0.447,0.724,0
0.935,0.523,1
0.544,0.712,0
0.097,0.8,0
0.449,0.001,3
0.044,0.776,0
0.246,0.464,0
0.331,0.48,0
1.021,0.572,4
0.023,0.728,0
0.081,0.72,0
0.476,0.054,3
0.22,0.519,0
0.24,0.533,0
0.983,0.468,2
0.085,0.818,0
0.454,0.745,0
1.029,0.521,2
0.047,0.825,0
0.467,0.689,0
0.316,0.408,0
0.319,0.438,0
1.029,0.525,2
1.052,0.569,4
0.282,0.492,0
0.47,0.745,0
0.032,0.731,0
0.052,0.743,0
0.291,0.523,0
0.245,0.57,0
0.424,0.12,3
0.071,0.817,0
0.318,0.529,0
0.289,0.476,0
0.969,0.513,2
0.455,0.709,0
0.241,0.527,0
0.021,0.847,0
0.345,0.513,0
0.427,0.683,0
1.044,0.553,4
0.485,0.002,3
0.279,0.487,0
0.515,0.118,3
0.469,0.765,0
0.469,0.716,0
0.434,0.808,0
0.955,0.475,2
0.989,0.579,4
0.467,0.094,3
0.41,0.82,0
0.457,0.009,3
0.432,0.778,0
0.992,0.562,4
0.233,0.493,0
1.01,0.525,2
0.141,0.792,0
0.237,0.515,0
0.305,0.478,0
0.93,0.55,1
0.939,0.533,1
0.507,0.715,0
0.46,0.734,0
0.312,0.505,0
0.079,0.827,0
1.01,0.542,4
0.164,0.782,0
1.006,0.579,4
0.279,0.548,0
0.464,0.691,0
1.009,0.512,2
0.271,0.442,0
0.445,0.727,0
0.255,0.483,0
1.013,0.48,2
0.959,0.586,4
0.288,0.486,0
0.453,0.725,0
0.225,0.495,0
0.452,0.648,0
0.123,0.792,0
0.558,0.164,3
0.425,0.698,0
0.953,0.53,1
0.984,0.499,2
0.078,0.812,0
0.308,0.416,0
0.897,0.533,1
0.542,0.112,3
0.468,0.036,3
0.967,0.515,2
0.414,0.736,0
0.453,0.693,0
0.946,0.487,1
0.477,0.023,3
0.297,0.511,0
0.121,0.758,0
0.526,0.041,3
0.259,0.513,0
0.204,0.469,0
0.168,0.814,0
0.227,0.477,0
0.516,0.031,3
0.368,0.726,0
0.471,0.677,0
0.116,0.791,0
0.505,0.738,0
0.43,0.748,0
1.038,0.519,2
0.458,0.74,0
0.077,0.796,0
0.385,0.812,0
0.507,0.119,3
0.99,0.578,4
0.355,0.683,0
0.116,0.747,0
0.579,0.024,3
0.475,0.695,0
0.387,0.718,0
0.905,0.543,1
0.294,0.514,0
0.441,0.709,0
0.474,0.084,3
0.417,0.727,0
0.266,0.491,0
1.029,0.569,4
0.043,0.757,0
0.248,0.514,0
0.463,0.707,0
0.248,0.511,0
0.499,0.093,3
0.998,0.605,4
0.484,0.107,3
1.013,0.503,2
0.392,0.689,0
0.524,0.065,3
0.407,0.7,0
0.428,0.748,0
0.298,0.493,0
0.196,0.469,0
0.523,0.09,3
0.46,0.098,3
0.967,0.552,1
0.543,0.018,3
0.42,0.774,0
0.953,0.535,1
0.985,0.523,2
0.508,0.039,3
0.413,0.737,0
0.985,0.548,4
0.28,0.488,0
0.241,0.45,0
0.351,0.49,0
0.299,0.56,0
0.331,0.53,0
0.089,0.822,0
0.084,0.716,0
0.097,0.817,0
0.493,0.052,3
0.201,0.439,0
0.516,0.118,3
0.436,0.71,0
0.262,0.552,0
0.937,0.498,1
1.014,0.544,4
0.511,0.086,3
0.484,0.717,0
0.078,0.73,0
0.074,0.763,0
0.523,0.034,3
1.008,0.597,4
0.283,0.518,0
0.92,0.605,1
0.018,0.798,0
0.288,0.53,0
0.424,0.782,0
0.435,0.8,0
0.409,0.729,0
0.423,0.696,0
0.424,0.737,0
0.272,0.468,0
0.08,0.785,0
0.992,0.57,4
0.53,0.081,3
0.931,0.566,1
0.435,0.698,0
0.147,0.757,0
0.252,0.551,0
0.95,0.556,1
0.52,0.672,0
0.253,0.48,0
0.279,0.559,0
1.079,0.536,2
0.487,0.004,3
0.525,0.062,3
0.024,0.862,0
0.548,0.068,3
0.421,0.71,0
0.463,0.681,0
0.224,0.524,0
0.996,0.617,4
0.991,0.502,2
0.299,0.503,0
0.07,0.749,0
0.48,0.126,3
0.518,0.089,3
0.086,0.75,0
0.433,0.764,0
0.447,0.721,0
0.982,0.503,2
0.982,0.587,4
0.437,0.085,3
0.217,0.48,0
0.539,0.117,3
0.977,0.573,4
0.956,0.514,1
0.396,0.712,0
0.438,0.795,0
0.053,0.864,0
0.269,0.463,0
0.491,0.012,3
0.993,0.488,2
0.465,0.853,0
0.075,0.766,0
0.275,0.563,0
0.283,0.508,0
0.976,0.496,2
0.486,0.722,0
0.126,0.812,0
0.259,0.544,0
0.35,0.705,0
0.121,0.793,0
0.288,0.512,0
0.068,0.779,0
0.461,0.077,3
0.245,0.541,0
0.444,0.06,3
0.324,0.5,0
0.456,0.803,0
0.502,0.072,3
0.48,0.107,3
0.276,0.513,0
0.425,0.774,0
0.403,0.67,0
0.575,0.009,3
0.395,0.718,0
0.973,0.531,1
0.461,0.1,3
0.485,0.095,3
1.064,0.625,4
0.116,0.718,0
0.258,0.522,0
0.181,0.779,0
0.113,0.781,0
0.957,0.547,1
0.395,0.748,0
0.538,0.738,0
0.468,0.076,3
0.426,0.73,0
0.44,0.092,3
0.526,0.094,3
0.945,0.487,1
0.458,0.738,0
0.47,0.067,3
0.976,0.525,2
0.464,0.015,3
0.281,0.512,0
0.251,0.539,0
0.519,0.119,3
0.099,0.751,0
0.354,0.497,0
0.478,0.725,0
0.95,0.522,1
0.284,0.439,0
0.279,0.488,0
0.105,0.751,0
1.018,0.531,2
0.499,0.036,3
0.451,0.796,0
0.904,0.547,1
1.037,0.574,4
0.534,0.106,3
0.949,0.518,1
0.053,0.793,0
0.108,0.739,0
0.412,0.675,0
0.916,0.551,1
0.986,0.507,2
0.496,0.088,3
0.976,0.553,4
0.476,0.716,0
0.328,0.482,0
0.971,0.536,1
0.127,0.781,0
0.987,0.506,2
0.411,0.702,0
1.051,0.563,4
0.002,0.784,0
0.431,0.027,3
0.24,0.477,0
0.478,0.735,0
0.44,0.783,0
0.236,0.491,0
0.234,0.469,0
0.943,0.582,1
0.074,0.842,0
1.039,0.517,2
0.128,0.782,0
0.3,0.49,0
0.483,0.099,3
0.052,0.798,0
0.46,0.699,0
0.264,0.529,0
0.095,0.748,0
0.287,0.505,0
0.505,0.021,3
0.398,0.718,0
0.475,0.729,0
0.259,0.493,0
0.062,0.75,0
0.025,0.768,0
0.994,0.486,2
0.52,0.698,0
0.253,0.537,0
0.451,0.082,3
0.972,0.517,2
0.528,0.062,3
1.013,0.516,2
0.468,0.704,0
0.512,0.018,3
1.041,0.542,2
0.309,0.511,0
0.274,0.47,0
0.302,0.474,0
0.973,0.442,2
0.487,0.762,0
0.085,0.841,0
0.444,0.803,0
0.474,0.777,0
0.124,0.792,0
0.437,0.739,0
0.537,0.154,3
0.245,0.542,0
0.965,0.518,1
0.445,0.648,0
0.982,0.533,2
0.993,0.459,2
0.305,0.524,0
0.913,0.517,1
0.273,0.471,0
0.428,0.764,0
1.056,0.583,4
0.509,0.06,3
0.93,0.56,1
0.406,0.752,0
0.023,0.762,0
0.282,0.494,0
0.906,0.517,1
0.324,0.52,0
0.544,0.042,3
0.077,0.766,0
0.478,0.081,3
0.509,0.128,3
0.998,0.553,4
0.944,0.553,1
0.564,0.06,3
0.533,0.076,3
0.263,0.483,0
0.049,0.814,0
0.883,0.539,1
0.483,0.758,0
0.32,0.504,0
0.138,0.754,0
0.084,0.839,0
0.889,0.599,1
0.589,0.072,3
0.581,0.035,3
0.141,0.755,0
0.441,0.711,0
0.526,0.069,3
0.236,0.536,0
0.265,0.531,0
0.436,0.081,3
0.516,0.072,3
0.042,0.767,0
0.389,0.71,0
0.231,0.586,0
0.27,0.467,0
0.043,0.8,0
0.995,0.448,2
0.962,0.59,4
0.533,0.011,3
0.49,0.059,3
0.076,0.766,0
0.374,0.756,0
0.275,0.512,0
0.962,0.518,1
1.057,0.583,4
0.271,0.522,0
0.975,0.527,2
0.516,0.078,3
0.03,0.816,0
0.12,0.763,0
0.919,0.497,1
0.503,0.09,3
0.956,0.583,4
0.332,0.485,0
0.971,0.532,1
0.575,0.048,3
0.421,0.718,0
0.47,0.053,3
0.486,0.096,3
0.566,0.135,3
0.115,0.8,0
0.272,0.524,0
0.462,0.034,3
0.08,0.749,0
0.417,0.053,3
1.029,0.489,2
0.96,0.537,1
0.976,0.499,2
0.073,0.734,0
0.499,0.05,3
0.206,0.482,0
0.497,0.051,3
0.305,0.48,0
0.455,0.678,0
0.137,0.807,0
0.13,0.747,0
0.422,0.79,0
0.503,0.09,3
0.496,0.085,3
0.476,0.171,3
0.522,0.084,3
0.997,0.557,4
0.275,0.464,0
0.092,0.793,0
0.428,0.757,0
0.417,0.704,0
1.007,0.491,2
0.507,0.037,3
0.496,0.06,3
0.038,0.799,0
0.286,0.529,0
0.408,0.68,0
0.226,0.469,0
0,0.779,0
0.27,0.46,0
0.218,0.571,0
1.028,0.516,2
0.091,0.78,0
0.293,0.465,0
0.986,0.556,4
0.319,0.473,0
0.932,0.481,1
0.446,0.702,0
0.364,0.733,0
0.408,0.716,0
0.006,0.752,0
0.293,0.496,0
0.236,0.487,0
0.469,0.802,0
0.208,0.557,0
0.402,0.728,0
0.547,0.037,3
0.272,0.54,0
0.942,0.509,1
0.255,0.435,0
1.052,0.562,4
0.105,0.8,0
0.087,0.7,0
0.923,0.6,1
0.931,0.536,1
0.417,0.723,0
0.305,0.465,0
0.236,0.539,0
0.023,0.769,0
0.485,0.711,0
0.482,0.665,0
0.048,0.782,0
0.927,0.516,1
1.053,0.57,4
0.109,0.824,0
0.984,0.551,4
0.995,0.526,2
1.022,0.539,2
0.07,0.768,0
0.468,0.144,3
0.93,0.611,4
0.95,0.565,1
0.27,0.447,0
0.138,0.801,0
0.44,0.704,0
0.189,0.445,0
0.475,0.087,3
0.427,0.8,0
0.969,0.518,2
0.444,0.706,0
0.024,0.815,0
0.476,0.053,3
0.442,0.699,0
0.287,0.518,0
0.977,0.532,2
0.27,0.529,0
0.068,0.795,0
0.437,0.702,0
0.296,0.505,0
0.524,0.093,3
0.032,0.734,0
0.994,0.476,2
0.998,0.501,2
0.15,0.474,0
0.268,0.456,0
0.467,0.057,3
0.313,0.462,0
0.045,0.733,0
0.487,0.061,3
0.269,0.517,0
0.296,0.495,0
0.221,0.502,0
0.53,0.066,3
0.457,0.029,3
0.416,0.689,0
0.206,0.467,0
0.136,0.82,0
0.071,0.833,0
0.093,0.733,0
0.302,0.514,0
0.518,0.136,3
0.459,0.031,3
0.511,0.042,3
0.52,0.152,3
0.421,0.712,0
0.527,0.091,3
0.077,0.75,0
0.928,0.549,1
1.036,0.592,4
0.508,0.022,3
0.053,0.73,0
0.536,0.035,3
0.941,0.577,1
0.52,0.115,3
0.497,0.109,3
0.047,0.746,0
0.398,0.711,0
0.507,0.011,3
0.243,0.5,0
0.424,0.759,0
1.021,0.595,4
0.251,0.463,0
0.397,0.778,0
0.92,0.481,1
0.9,0.573,1
0.328,0.564,0
0.496,0.709,0
0.077,0.788,0
0.122,0.821,0
0.984,0.563,4
0.426,0.737,0
0.431,0.648,0
0.106,0.803,0
0.511,0.102,3
0.51,0.055,3
0.293,0.521,0
0.075,0.832,0
0.246,0.373,0
0.035,0.865,0
0.95,0.532,1
0.378,0.661,0
0.459,0.704,0
0.009,0.729,0
0.999,0.501,2
0.494,0.066,3
0.412,0.702,0
0.514,0.158,3
0.946,0.546,1
0.277,0.46,0
0.095,0.744,0
0.465,0.759,0
0.074,0.79,0
0.276,0.506,0
0.436,0.1,3
1.009,0.591,4
0.478,0.707,0
0.138,0.8,0
0.553,0.032,3
0.415,0.688,0
0.24,0.489,0
0.405,0.065,3
0.47,0.103,3
0.47,0.039,3
0.388,0.767,0
0.554,0.043,3
0.223,0.551,0
0.993,0.569,4
0.471,0.71,0
0.265,0.47,0
0.955,0.508,1
0.495,0.698,0
0.423,0.712,0
0.065,0.725,0
0.235,0.477,0
0.254,0.478,0
0.535,0.061,3
0.269,0.522,0
0.102,0.831,0
0.074,0.8,0
0.401,0.738,0
0.477,0.801,0
0.992,0.576,4
0.111,0.783,0
0.98,0.501,2
0.102,0.763,0
0.52,0.14,3
0.917,0.538,1
1.021,0.493,2
0.284,0.425,0
0.466,0.689,0
0.247,0.486,0
0.46,0.738,0
0.92,0.52,1
0.486,0.067,3
0.423,0.463,0
0.147,0.702,0
0.549,0.082,3
0.439,0.7,0
0.09,0.718,0
0.198,0.509,0
0.096,0.711,0
0.385,0.723,0
0.298,0.466,0
0.544,0.136,3
0.061,0.777,0
1.055,0.532,2
0.422,0.683,0
0.125,0.791,0
1.002,0.462,2
0.436,0.834,0
0.12,0.726,0
0.484,0.093,3
0.27,0.497,0
0.02,0.754,0
0.481,0.089,3
0.453,0.81,0
0.456,0.689,0
0.274,0.546,0
1.02,0.544,4
0.467,0.744,0
0.108,0.795,0
0.458,0.07,3
0.042,0.704,0
0.299,0.442,0
0.987,0.584,4
1.003,0.572,4
0.435,0.732,0
0.373,0.731,0
0.06,0.785,0
0.002,0.803,0
0.498,0.078,3
1.068,0.531,2
0.946,0.585,4
0.414,0.649,0
1.059,0.506,2
0.053,0.732,0
0.276,0.489,0
0.056,0.836,0
0.965,0.462,2
0.28,0.559,0
0.282,0.559,0
0.299,0.422,0
0.133,0.793,0
0.42,0.006,3
0.941,0.464,1
0.233,0.474,0
0.515,0.757,0
0.116,0.774,0
0.521,0.027,3
0.383,0.68,0
0.108,0.817,0
0.531,0.113,3
0.026,0.779,0
0.103,0.768,0
0.987,0.539,4
0.106,0.828,0
0.397,0.738,0
0.246,0.54,0
0.397,0.789,0
0.471,0.078,3
0.283,0.508,0
0.331,0.519,0
0.953,0.531,1
0.935,0.48,1
0.437,0.743,0
0.987,0.592,4
0.458,0.765,0
0.486,0.02,3
0.363,0.728,0
0.235,0.527,0
0.496,0.048,3
0.496,0.011,3
0.415,0.787,0
0.073,0.738,0
0.43,0.644,0
0.428,0.71,0
0.448,0.035,3
0.49,0.728,0
0.48,0.226,3
0.954,0.506,1
0.472,0.701,0
0.306,0.466,0
0.525,0.693,0
0.462,0.686,0
0.523,0.708,0
0.936,0.529,1
0.292,0.492,0
0.093,0.744,0
0.07,0.763,0
0.108,0.787,0
0.115,0.802,0
0.213,0.576,0
0.516,0.103,3
0.273,0.426,0
0.3,0.511,0
0.061,0.824,0
0.033,0.747,0
0.384,0.77,0
0.933,0.551,1
0.219,0.51,0
0.964,0.526,1
0.415,0.752,0
0.286,0.493,0
0.512,0.024,3
0.25,0.534,0
0.116,0.755,0
0.274,0.556,0
0.356,0.596,0
0.49,0.043,3
0.098,0.769,0
0.366,0.525,0
0.285,0.499,0
0.977,0.513,2
0.41,0.719,0
0.457,0.682,0
0.961,0.575,4
0.327,0.477,0
0.985,0.584,4
0.297,0.517,0
0.234,0.555,0
0.499,0.006,3
0.043,0.762,0
0.497,0.732,0
0.981,0.57,4
0.065,0.726,0
1.054,0.542,2
0.299,0.469,0
0.069,0.736,0
1.03,0.549,4
0.075,0.79,0
1.029,0.566,4
0.576,0.038,3
1.009,0.584,4
0.53,0.059,3
0.972,0.532,1
0.056,0.799,0
0.424,0.725,0
0.053,0.683,0
0.088,0.807,0
0.45,0.718,0
1.035,0.502,2
0.476,0.627,0
0.437,0.766,0
0.491,0.116,3
0.959,0.516,1
0.028,0.816,0
0.396,0.775,0
0.28,0.513,0
0.283,0.508,0
0.238,0.529,0
0.463,0.728,0
0.238,0.521,0
0.086,0.804,0
0.493,0.11,3
0.545,0.757,0
0.117,0.785,0
0.507,0.102,3
0.524,0.161,3
0.501,0.101,3
0.478,0.114,3
0.42,0.714,0
0.508,0.772,0
0.937,0.523,1
1.039,0.474,2
0.475,0.71,0
0.289,0.522,0
0.949,0.588,4
0.043,0.725,0
0.025,0.751,0
0.451,0.764,0
0.322,0.468,0
0.434,0.749,0
0.46,0.084,3
0.022,0.711,0
0.251,0.49,0
0.972,0.546,4
0.012,0.737,0
0.493,0.028,3
0.481,0.078,3
0.44,0.715,0
0.402,0.656,0
0.477,0.076,3
0.46,0.083,3
0.543,0.112,3
0.531,0.018,3
0.439,0.712,0
0.532,0.151,3
0.433,0.679,0
0.995,0.505,2
0.481,0.705,0
0.006,0.775,0
0.259,0.465,0
0.282,0.486,0
0.947,0.492,1
0.079,0.768,0
0.274,0.515,0
0.074,0.762,0
0.365,0.502,0
0.047,0.787,0
0.287,0.486,0
0.447,0.076,3
0.448,0.02,3
0.935,0.594,1
0.225,0.535,0
0.005,0.836,0
0.506,0.04,3
1.018,0.624,4
0.058,0.842,0
0.103,0.789,0
0.144,0.704,0
0.437,0.738,0
0.379,0.767,0
1.032,0.554,4
0.985,0.487,2
0.383,0.772,0
0.29,0.448,0
0.483,0.062,3
0.475,0.076,3
0.099,0.8,0
0.249,0.466,0
0.484,0.747,0
0.244,0.564,0
0.507,0.033,3
0.47,0.731,0
0.126,0.766,0
0.09,0.723,0
0.124,0.673,0
0.086,0.742,0
1.039,0.606,4
0.454,0.75,0
1.077,0.539,2
0.26,0.493,0
0.474,0.754,0
0.573,0.092,3
0.878,0.564,1
0.246,0.525,0
0.509,0.093,3
0.445,0.807,0
0.472,0.086,3
0.426,0.072,3
0.485,0.087,3
0.974,0.558,4
0.242,0.51,0
0.486,0.059,3
0.599,0.002,3
0.255,0.489,0
0.38,0.772,0
0.026,0.725,0
0.465,0.069,3
0.071,0.81,0
0.957,0.562,1
0.299,0.538,0
0.108,0.742,0
0.172,0.783,0
0.438,0.695,0
0.489,0.689,0
0.414,0.707,0
0.125,0.769,0
0.323,0.498,0
0.949,0.559,1
0.047,0.803,0
0.414,0.7,0
0.454,0.738,0
0.582,0.059,3
0.495,0.017,3
0.346,0.523,0
0.529,0.058,3
0.128,0.719,0
0.493,0.132,3
0.569,0.091,3
0.479,0.043,3
0.241,0.509,0
0.328,0.465,0
0.076,0.742,0
0.855,0.555,1
1.007,0.554,4
0.083,0.811,0
0.304,0.518,0
0.074,0.741,0
0.264,0.438,0
0.135,0.842,0
0.471,0.749,0
0.508,0.1,3
0.96,0.59,4
0.931,0.531,1
0.41,0.714,0
0.47,0.125,3
0.497,0.113,3
0.485,0.067,3
1.047,0.509,2
0.552,0.131,3
0.44,0.076,3
0.23,0.518,0
0.457,0.716,0
0.475,0.8,0
0.304,0.537,0
0.957,0.581,4
0.391,0.049,3
0.414,0.698,0
0.477,0.739,0
0.019,0.719,0
0.062,0.768,0
0.501,0.032,3
0.046,0.723,0
0.062,0.772,0
0.42,0.079,3
0.126,0.692,0
0.454,0.739,0
0.271,0.496,0
0.266,0.488,0
0.142,0.758,0
0.485,0.057,3
0.986,0.562,4
0.489,0.743,0
0.398,0.684,0
0.447,0.091,3
1.012,0.571,4
0.459,0.7,0
0.408,0.738,0
0.437,0.783,0
0.32,0.471,0
1.007,0.579,4
0.988,0.505,2
0.519,0.746,0
0.98,0.49,2
0.242,0.509,0
0.52,0.062,3
0.349,0.52,0
0.42,0.773,0
0.434,0.108,3
0.446,0.697,0
0.054,0.714,0
0.532,0.049,3
0.431,0.774,0
0.957,0.57,4
0.428,0.099,3
0.395,0.729,0
0.494,0.036,3
0.516,0.079,3
0.486,0.059,3
0.975,0.561,4
0.466,0.739,0
0.948,0.551,1
0.343,0.56,0
0.469,0.693,0
0.118,0.83,0
0.495,0.055,3
0.108,0.825,0
0.455,0.73,0
0.574,0.084,3
0.296,0.46,0
0.256,0.479,0
0.493,0.029,3
0.471,0.788,0
0.449,0.766,0
0.017,0.789,0
0.072,0.789,0
0.943,0.53,1
0.304,0.452,0
0.081,0.757,0
0.05,0.782,0
0.472,0.71,0
0.449,0.832,0
0.095,0.731,0
0.522,0.016,3
0.32,0.52,0
0.899,0.526,1
0.253,0.507,0
1.027,0.528,2
0.492,0.084,3
0.464,0.664,0
0.43,0.734,0
0.452,0.723,0
0.101,0.781,0
0.25,0.503,0
0.251,0.455,0
0.919,0.535,1
0.064,0.736,0
0.379,0.708,0
1.003,0.569,4
0.515,0.077,3
0.113,0.716,0
0.439,0.656,0
0.301,0.483,0
0.199,0.408,0
0.094,0.8,0
0.504,0.039,3
0.228,0.486,0
0.076,0.754,0
0.254,0.482,0
0.462,0.092,3
0.514,0.118,3
0.494,0.026,3
0.061,0.821,0
0.433,0.769,0
0.052,0.772,0
0.502,0.096,3
0.951,0.618,4
0.503,0.04,3
0.074,0.724,0
0.114,0.795,0
0.257,0.559,0
0.446,0.743,0
0.255,0.511,0
0.235,0.439,0
0.451,0.75,0
0.954,0.575,4
1.018,0.463,2
0.055,0.831,0
0.209,0.553,0
0.438,0.708,0
0.097,0.786,0
0.519,0.028,3
0.441,0.703,0
0.426,0.781,0
0.416,0.776,0
0.985,0.536,2
0.967,0.56,4
0.283,0.468,0
0.137,0.716,0
0.947,0.539,1
0.513,0.01,3
0.443,0.815,0
0.389,0.769,0
0.446,0.068,3
0.21,0.51,0
0.283,0.488,0
0.129,0.76,0
0.995,0.587,4
0.041,0.831,0
0.407,0.696,0
0.46,0.764,0
0.415,0.749,0
0.464,0.073,3
0.504,0.038,3
0.484,0.749,0
0.998,0.594,4
0.954,0.44,2
0.278,0.54,0
0.551,0.09,3
0.472,0.69,0
0.505,0.106,3
0.502,0.121,3
0.265,0.511,0
0.143,0.779,0
0.456,0.123,3
0.264,0.451,0
0.281,0.485,0
0.982,0.543,4
0.066,0.755,0
0.291,0.484,0
1.003,0.574,4
0.474,0.717,0
0.97,0.48,2
1.014,0.511,2
0.525,0.789,0
0.401,0.728,0
0.443,0.657,0
0.979,0.518,2
0.25,0.499,0
0.484,0.083,3
0.459,0.741,0
1.055,0.543,2
0.085,0.709,0
0.464,0.092,3
0.929,0.492,1
0.495,0.064,3
0.564,0.025,3
0.494,0.122,3
0.438,0.739,0
0.496,0.148,3
0.113,0.778,0
0.01,0.777,0
0.409,0.698,0
0.253,0.48,0
0.502,0.089,3
0.117,0.795,0
0.993,0.493,2
0.483,0.125,3
0.296,0.518,0
0.063,0.749,0
0.38,0.737,0
0.481,0.718,0
0.522,0.121,3
0.232,0.49,0
0.54,0.15,3
0.293,0.508,0
0.008,0.755,0
0.555,0.059,3
0.293,0.492,0
0.437,0.701,0
0.499,0.705,0
0.47,0.109,3
0.031,0.754,0
0.949,0.552,1
0.031,0.843,0
0.319,0.541,0
0.494,0.108,3
0.04,0.841,0
0.407,0.741,0
0.533,0.124,3
0.134,0.756,0
0.424,0.697,0
0.979,0.513,2
0.51,0.725,0
0.419,0.744,0
0.501,0.7,0
0.247,0.463,0
0.59,0.036,3
0.374,0.738,0
0.531,0.037,3
0.46,0.063,3
0.295,0.518,0
0.465,0.056,3
0.123,0.712,0
1.013,0.542,4
1.033,0.576,4
0.425,0.659,0
0.968,0.48,2
0.989,0.503,2
0.467,0.017,3
0.525,0.094,3
0.49,0.763,0
0.468,0.741,0
0.361,0.519,0
0.237,0.548,0
0.409,0.76,0
0.071,0.76,0
0.397,0.704,0
0.29,0.533,0
0.119,0.798,0
0.266,0.449,0
0.991,0.511,2
0.063,0.77,0
0.274,0.497,0
0.573,0.051,3
0.149,0.781,0
0.996,0.59,4
0.908,0.578,1
0.443,0.627,0
0.972,0.515,2
0.559,0.079,3
0.237,0.509,0
0.149,0.805,0
0.258,0.521,0
0.07,0.729,0
0.249,0.546,0
0.439,0.142,3
0.123,0.778,0
0.078,0.798,0
0.482,0.115,3
0.42,0.721,0
0.278,0.5,0
0.902,0.524,1
0.376,0.495,0
0.453,0.658,0
0.495,0.086,3
0.455,0.716,0
0.966,0.517,1
0.112,0.757,0
0.035,0.837,0
0.442,0.055,3
0.484,0.088,3
0.218,0.475,0
0.25,0.49,0
0.335,0.492,0
0.494,0.003,3
0.117,0.798,0
0.49,0.005,3
0.925,0.572,1
0.285,0.499,0
0.958,0.534,1
1.01,0.571,4
0.505,0.123,3
0.076,0.806,0
0.499,0.14,3
0.094,0.763,0
0.481,0.054,3
0.427,0.76,0
1.002,0.551,4
0.983,0.553,4
0.21,0.515,0
0.928,0.463,1
0.114,0.78,0
1.011,0.447,2
0.299,0.442,0
0.073,0.791,0
1.035,0.549,4
0.061,0.757,0
1.027,0.511,2
0.233,0.495,0
0.088,0.792,0
0.506,0.068,3
0.014,0.801,0
0.403,0.715,0
0.042,0.76,0
0.289,0.48,0
0.438,0.127,3
0.464,0.032,3
0.432,0.093,3
0.393,0.768,0
0.082,0.756,0
0.973,0.537,1
0.276,0.503,0
0.479,0.097,3
0.291,0.504,0
1,0.55,4
0.049,0.753,0
0.432,0.755,0
0.537,0.061,3
0.286,0.541,0
0.957,0.588,4
0.287,0.457,0
0.265,0.49,0
0.311,0.465,0
0.369,0.661,0
0.44,0.696,0
1.056,0.548,4
0.545,0.068,3
0.439,0.646,0
0.232,0.463,0
0.145,0.7,0
0.44,0.731,0
0.47,0.006,3
0.517,0.731,0
0.056,0.816,0
0.444,0.671,0
0.063,0.782,0
0.13,0.77,0
0.019,0.708,0
0.466,0.691,0
0.513,0.713,0
0.512,0.039,3
0.12,0.815,0
0.427,0.77,0
0.968,0.495,2
0.462,0.101,3
0.412,0.67,0
0.979,0.57,4
0.967,0.569,4
0.967,0.605,4
0.281,0.56,0
0.513,0.056,3
0.103,0.774,0
0.32,0.557,0
0.084,0.813,0
0.103,0.772,0
0.456,0.095,3
0.508,0.1,3
1.005,0.547,4
0.241,0.495,0
0.966,0.542,1
0.905,0.5,1
0.084,0.832,0
0.482,0.127,3
0.41,0.087,3
0.413,0.755,0
0.428,0.728,0
0.47,0.685,0
0.514,0.066,3
1.044,0.524,2
0.102,0.789,0
0.41,0.731,0
0.019,0.769,0
0.074,0.747,0
0.561,0.037,3
0.418,0.794,0
0.295,0.412,0
0.252,0.524,0
0.471,0.081,3
0.494,0.686,0
0.035,0.783,0
0.289,0.51,0
0.529,0.04,3
0.46,0.68,0
0.398,0.697,0
0.209,0.469,0
0.282,0.533,0
0.126,0.759,0
0.999,0.46,2
0.376,0.781,0
0.489,0.125,3
0.975,0.526,2
0.461,0.792,0
0.455,0.741,0
0.404,0.695,0
0.066,0.736,0
0.49,0.679,0
0.542,0.138,3
0.348,0.77,0
1.031,0.474,2
0.48,0.037,3
0.958,0.528,1
0.907,0.643,4
0.433,0.772,0
0.055,0.746,0
0.51,0.758,0
0.945,0.547,1
0.529,0.035,3
0.531,0.066,3
0.516,0.113,3
0.067,0.777,0
0.47,0.087,3
0.403,0.768,0
0.959,0.517,1
0.097,0.774,0
0.509,0.076,3
0.283,0.499,0
1.036,0.558,4
0.55,0.047,3
0.55,0.064,3
0.09,0.794,0
0.269,0.524,0
1.041,0.525,2
0.528,0.082,3
0.057,0.78,0
0.005,0.805,0
0.071,0.813,0
0.266,0.514,0
0.567,0.034,3
0.262,0.53,0
0.528,0.082,3
1.035,0.601,4
0.439,0.107,3
0.269,0.472,0
0.937,0.524,1
0.105,0.769,0
0.311,0.461,0
0.05,0.755,0
0.312,0.477,0
0.012,0.773,0
0.202,0.448,0
0.42,0.082,3
0.463,0.656,0
0.088,0.749,0
0.563,0.083,3
0.077,0.701,0
0.947,0.547,1
0.968,0.524,1
0.996,0.569,4
0.978,0.602,4
0.036,0.814,0
0.273,0.426,0
0.186,0.565,0
0.499,0.694,0
0.257,0.623,0
0.114,0.811,0
0.904,0.536,1
0.332,0.75,0
1.073,0.508,2
0.416,0.725,0
0.491,0.078,3
0.503,0.793,0
0.251,0.551,0
0.285,0.477,0
0.291,0.551,0
0.561,0.124,3
1.036,0.544,4
0.282,0.539,0
0.042,0.806,0
0.513,0.071,3
0.143,0.756,0
0.947,0.512,1
0.892,0.533,1
0.437,0.15,3
0.934,0.569,1
0.964,0.526,1
0.327,0.439,0
0.491,0.127,3
0.252,0.44,0
0.431,0.727,0
0.338,0.644,0
0.45,0.056,3
0.214,0.5,0
0.263,0.534,0
0.272,0.492,0
0.101,0.813,0
0.075,0.744,0
0.44,0.675,0
0.507,0.095,3
0.281,0.48,0
0.908,0.621,1
0.972,0.527,2
0.489,0.761,0
0.285,0.564,0
0.385,0.76,0
0.506,0.041,3
0.438,0.061,3
0.164,0.521,0
0.506,0.091,3
0.502,0.056,3
0.414,0.673,0
0.273,0.503,0
0.104,0.852,0
0.539,0.093,3
0.994,0.514,2
0.931,0.47,1
0.278,0.589,0
0.109,0.804,0
0.454,0.752,0
0.066,0.771,0
0.108,0.73,0
0.441,0.716,0
0.384,0.708,0
0.215,0.468,0
0.523,0.724,0
1.013,0.491,2
0.217,0.518,0
0.199,0.465,0
0.354,0.471,0
0.365,0.671,0
1.056,0.578,4
0.471,0.102,3
0.466,0.072,3
1.043,0.477,2
0.447,0.747,0
0.449,0.713,0
0.007,0.822,0
0.26,0.515,0
0.279,0.532,0
1.015,0.608,4
0.324,0.51,0
0.246,0.52,0
0.918,0.539,1
0.226,0.58,0
0.058,0.717,0
0.264,0.497,0
0.369,0.542,0
0.306,0.454,0
0.533,0.099,3
0.496,0.048,3
0.519,0.044,3
0.127,0.761,0
0.513,0.039,3
0.059,0.808,0
0.523,0.125,3
0.441,0.663,0
0.914,0.539,1
0.21,0.501,0
0.972,0.551,4
0.518,0.078,3
1.006,0.589,4
0.393,0.792,0
0.022,0.789,0
0.246,0.519,0
0.021,0.776,0
0.927,0.587,1
0.032,0.816,0
0.991,0.537,2
0.107,0.797,0
0.273,0.527,0
0.939,0.548,1
0.427,0.048,3
0.534,0.089,3
0.111,0.793,0
0.966,0.527,1
0.104,0.686,0
0.274,0.533,0
0.07,0.766,0
0.289,0.526,0
0.999,0.506,2
0.541,0.143,3
0.253,0.458,0
0.455,0.065,3
0.433,0.756,0
0.116,0.797,0
0.199,0.555,0
0.233,0.463,0
0.053,0.824,0
0.37,0.512,0
0.942,0.589,1
0.536,0.721,0
0.288,0.48,0
0.031,0.829,0
0.19,0.527,0
0.13,0.758,0
0.441,0.667,0
0.399,0.714,0
0.935,0.54,1
0.549,0.088,3
0.97,0.525,1
0.471,0.718,0
0.409,0.703,0
0.93,0.505,1
0.457,0.066,3
0.139,0.784,0
0.104,0.838,0
0.095,0.762,0
0.423,0.754,0
0.524,0.077,3
0.437,0.066,3
1.029,0.568,4
0.553,0.054,3
0.946,0.559,1
0.347,0.534,0
0.984,0.524,2
0.109,0.78,0
1.046,0.53,2
0.929,0.52,1
0.983,0.478,2
0.995,0.541,4
0.278,0.498,0
1.017,0.575,4
0.279,0.488,0
0.52,0.013,3
0.939,0.508,1
0.912,0.594,1
0.29,0.489,0
0.424,0.72,0
0.224,0.582,0
0.519,0.119,3
0.976,0.493,2
0.482,0.119,3
0.999,0.468,2
0.541,0.057,3
0.539,0.069,3
0.545,0.069,3
1.12,0.476,2
0.334,0.47,0
0.151,0.734,0
0.32,0.542,0
0.425,0.676,0
0.902,0.527,1
0.52,0.058,3
0.267,0.507,0
0.025,0.768,0
0.27,0.49,0
0.384,0.074,3
0.95,0.49,1
0.114,0.78,0
0.983,0.528,2
0.082,0.769,0
0.13,0.826,0
0.445,0.783,0
0.249,0.484,0
0.492,0.039,3
0.641,0.078,3
0.094,0.821,0
0.078,0.783,0
0.401,0.686,0
0.216,0.439,0
0.461,0.083,3
0.5,0.127,3
0.013,0.768,0
0.933,0.515,1
0.901,0.539,1
0.455,0.68,0
0.53,0.048,3
0.508,0.005,3
0.397,0.695,0
0.97,0.463,2
0.12,0.817,0
0.072,0.798,0
0.485,0.763,0
0.404,0.106,3
0.327,0.492,0
0.249,0.502,0
1.007,0.483,2
0.446,0.122,3
0.527,0.679,0
0.977,0.501,2
0.208,0.456,0
0.971,0.544,1
0.12,0.848,0
0.467,0.746,0
0.232,0.516,0
0.06,0.856,0
0.497,0.077,3
0.064,0.844,0
0.432,0.039,3
0.958,0.528,1
0.087,0.815,0
0.991,0.525,2
0.52,0.043,3
0.064,0.799,0
1.012,0.503,2
0.423,0.826,0
0.439,0.726,0
0.463,0.646,0
0.02,0.81,0
0.221,0.542,0
0.997,0.499,2
0.908,0.53,1
0.396,0.091,3
0.076,0.704,0
0.45,0.003,3
0.034,0.747,0
0.546,0.09,3
1.035,0.514,2
0.237,0.522,0
0.306,0.448,0
0.955,0.522,1
0.251,0.496,0
0.493,0.668,0
0.409,0.68,0
0.303,0.466,0
0.484,0.132,3
0.233,0.552,0
0.513,0.019,3
0.403,0.704,0
0.093,0.773,0
0.075,0.797,0
0.551,0.078,3
0.084,0.792,0
0.488,0.027,3
1.07,0.475,2
0.051,0.819,0
0.308,0.429,0
0.188,0.462,0
0.929,0.568,1
0.483,0.101,3
0.481,0.706,0
0.45,0.687,0
0.494,0.69,0
0.338,0.412,0
0.456,0.201,3
0.492,0.773,0
0.406,0.733,0
0.059,0.8,0
0.196,0.484,0
0.481,0.767,0
0.451,0.729,0
0.073,0.809,0
0.971,0.534,1
0.437,0.653,0
0.42,0.75,0
0.107,0.763,0
0.991,0.529,2
0.033,0.757,0
0.485,0.742,0
0.955,0.466,2
0.269,0.479,0
0.317,0.473,0
0.07,0.754,0
1.008,0.616,4
0.487,0.732,0
0.477,0.052,3
0.965,0.508,2
1.032,0.471,2
0.03,0.791,0
1.026,0.548,4
0.462,0.084,3
0.218,0.468,0
0.465,0.101,3
0.078,0.793,0
0.073,0.786,0
0.01,0.801,0
0.944,0.525,1
0.256,0.521,0
0.389,0.72,0
0.472,0.086,3
0.301,0.514,0
0.965,0.551,1
0.503,0.032,3
1,0.563,4
0.066,0.759,0
0.583,0.088,3
0.991,0.561,4
0.978,0.468,2
0.25,0.527,0
0.496,0.097,3
0.302,0.466,0
0.352,0.472,0
0.056,0.798,0
0.492,0.097,3
0.185,0.508,0
0.258,0.493,0
0.051,0.726,0
0.455,0.711,0
0.534,0.129,3
0.071,0.712,0
0.517,0.064,3
0.496,0.027,3
0.085,0.898,0
0.278,0.45,0
0.099,0.846,0
0.231,0.447,0
0.406,0.686,0
0.454,0.086,3
0.993,0.515,2
0.439,0.737,0
0.236,0.502,0
0.967,0.534,1
0.257,0.428,0
0.485,0.089,3
0.121,0.799,0
0.503,0.729,0
0.427,0.737,0
0.564,0.042,3
1.016,0.543,4
0.54,0.108,3
0.299,0.495,0
0.406,0.781,0
0.543,0.085,3
0.53,0.049,3
0.916,0.474,1
0.123,0.738,0
0.084,0.802,0
0.5,0.037,3
0.444,0.072,3
0.422,0.709,0
0.457,0.088,3
0.92,0.469,1
0.978,0.504,2
0.072,0.777,0
0.118,0.7,0
1.022,0.62,4
0.978,0.56,4
0.932,0.592,1
0.357,0.76,0
0.949,0.604,4
0.187,0.478,0
0.472,0.072,3
0.174,0.461,0
0.427,0.785,0
0.405,0.519,0
0.975,0.499,2
0.451,0.699,0
0.55,0.082,3
0.105,0.76,0
0.049,0.708,0
0.513,0.134,3
0.091,0.685,0
1.007,0.543,4
0.93,0.551,1
0.476,0.026,3
0.56,0.032,3
0.52,0.765,0
0.311,0.548,0
0.472,0.102,3
0.978,0.539,4
0.484,0.065,3
0.438,0.706,0
0.081,0.776,0
0.479,0.115,3
0.264,0.453,0
0.265,0.55,0
0.222,0.453,0
0.599,0.141,3
0.99,0.512,2
0.287,0.509,0
1.006,0.577,4
0.312,0.533,0
0.352,0.465,0
0.054,0.787,0
1.023,0.528,2
0.358,0.437,0
0.964,0.511,1
0.456,0.772,0
0.479,0.101,3
0.446,0.714,0
0.1,0.808,0
0.952,0.555,1
0.164,0.878,0
0.516,0.073,3
0.026,0.814,0
0.339,0.521,0
0.498,0.074,3
0.162,0.801,0
0.953,0.582,4
0.549,0.054,3
0.399,0.77,0
0.537,0.009,3
0.367,0.794,0
0.398,0.752,0
0.117,0.753,0
0.306,0.454,0
0.066,0.732,0
0.086,0.808,0
0.507,0.032,3
0.477,0.77,0
0.088,0.833,0
1.006,0.523,2
0.091,0.783,0
0.239,0.531,0
0.446,0.762,0
0.977,0.517,2
0.352,0.518,0
0.501,0.07,3
0.936,0.524,1
0.337,0.686,0
0.432,0.736,0
0.352,0.465,0
0.454,0.116,3
0.241,0.428,0
0.492,0.063,3
0.057,0.701,0
0.09,0.759,0
0.087,0.775,0
0.477,0.708,0
0.489,0.118,3
0.088,0.834,0
0.041,0.731,0
0.991,0.487,2
0.955,0.559,1
0.193,0.55,0
0.073,0.818,0
0.528,0.035,3
0.517,0.713,0
0.104,0.805,0
0.942,0.584,1
0.431,0.641,0
0.399,0.746,0
0.466,0.69,0
0.509,0.099,3
0.229,0.488,0
0.365,0.758,0
0.11,0.806,0
0.426,0.099,3
0.296,0.521,0
0.502,0.002,3
0.477,0.052,3
0.559,0.101,3
0.279,0.486,0
0.207,0.455,0
0.984,0.588,4
0.538,0.126,3
0.926,0.497,1
0.024,0.741,0
0.894,0.559,1
0.479,0.069,3
0.112,0.762,0
0.464,0.679,0
0.303,0.504,0
0.218,0.473,0
0.009,0.824,0
0.278,0.514,0
0.544,0.127,3
0.345,0.488,0
0.405,0.773,0
0.444,0.731,0
0.351,0.499,0
0.032,0.839,0
0.998,0.494,2
0.065,0.743,0
0.428,0.628,0
0.486,0.035,3
0.427,0.698,0
0.291,0.537,0
0.254,0.418,0
0.076,0.829,0
0.249,0.439,0
0.274,0.453,0
0.3,0.427,0
0.238,0.507,0
0.975,0.557,4
1,0.545,4
0.4,0.748,0
0.011,0.729,0
0.524,0.064,3
0.427,0.722,0
0.958,0.589,4
0.069,0.785,0
1.048,0.589,4
0.433,0.734,0
0.076,0.822,0
1.078,0.605,4
0.987,0.554,4
0.473,0.037,3
0.456,0.081,3
0.525,0.094,3
0.976,0.552,4
0.935,0.526,1
0.497,0.069,3
0.008,0.737,0
0.473,0.105,3
0.942,0.531,1
0.511,0.723,0
0.252,0.553,0
0.332,0.457,0
0.985,0.535,2
0.286,0.498,0
0.415,0.725,0
0.383,0.064,3
0.485,0.707,0
0.229,0.522,0
0.106,0.829,0
0.213,0.771,0
0.3,0.509,0
0.265,0.488,0
0.486,0.043,3
0.31,0.477,0
0.201,0.528,0
0.925,0.505,1
0.317,0.48,0
0.161,0.727,0
0.114,0.807,0
0.474,0.783,0
0.547,0.049,3
0.024,0.79,0
0.481,0.047,3
0.313,0.521,0
0.048,0.743,0
0.996,0.566,4
0.944,0.582,1
0.998,0.594,4
1.009,0.63,4
0.249,0.521,0
0.966,0.625,4
0.38,0.682,0
0.506,0.087,3
0.262,0.532,0
0.969,0.538,1
0.41,0.041,3
0.034,0.803,0
0.442,0.713,0
0.901,0.616,1
0.983,0.556,4
0.952,0.566,1
0.52,0.142,3
0.441,0.78,0
0.473,0.756,0
0.973,0.481,2
0.476,0.015,3
0.393,0.768,0
0.434,0.777,0
0.987,0.542,4
0.331,0.456,0
0.228,0.538,0
0.535,0.045,3
0.51,0.074,3
0.472,0.077,3
0.08,0.797,0
0.493,0.018,3
0.502,0.069,3
0.555,0.062,3
0.083,0.704,0
0.894,0.553,1
0.984,0.48,2
0.499,0.036,3
0.284,0.441,0
0.115,0.777,0
0.429,0.701,0
0.483,0.053,3
0.399,0.752,0
0.333,0.745,0
0.416,0.726,0
0.04,0.834,0
0.484,0.685,0
0.404,0.74,0
0.472,0.022,3
0.258,0.498,0
0.321,0.444,0
0.457,0.688,0
0.408,0.734,0
0.424,0.729,0
0.281,0.457,0
0.37,0.712,0
0.272,0.457,0
0.471,0.065,3
0.306,0.513,0
0.078,0.784,0
0.482,0.088,3
0.972,0.506,2
0.403,0.691,0
0.06,0.806,0
0.41,0.733,0
0.261,0.466,0
0.512,0.184,3
0.451,0.695,0
0.483,0.079,3
0.196,0.487,0
0.413,0.697,0
0.073,0.843,0
0.011,0.788,0
0.438,0.728,0
0.341,0.505,0
0.368,0.743,0
0.053,0.863,0
0.529,0.048,3
0.085,0.799,0
0.973,0.519,2
0.501,0.055,3
0.392,0.785,0
0.442,0.771,0
0.152,0.809,0
0.983,0.545,4
0.479,0.725,0
0.327,0.473,0
0.942,0.541,1
0.973,0.584,4
0.577,0.102,3
0.118,0.799,0
0.34,0.453,0
0.416,0.715,0
0.43,0.074,3
0.518,0.05,3
0.446,0.073,3
0.381,0.749,0
0.538,0.059,3
0.469,0.742,0
0.308,0.393,0
0.43,0.723,0
0.454,0.701,0
0.057,0.738,0
0.313,0.494,0
0.416,0.754,0
0.515,0.005,3
1.02,0.574,4
0.546,0.058,3
0.989,0.584,4
0.506,0.047,3
0.246,0.54,0
0.326,0.556,0
0.498,0.68,0
0.266,0.585,0
0.257,0.473,0
0.287,0.433,0
0.412,0.78,0
0.446,0.594,0
0.328,0.462,0
0.301,0.404,0
0.44,0.723,0
1.001,0.511,2
0.513,0.103,3
0.526,0.036,3
0.073,0.751,0
0.525,0.066,3
0.007,0.76,0
0.97,0.495,2
0.953,0.593,4
0.135,0.779,0
0.481,0.068,3
0.171,0.507,0
0.219,0.592,0
0.44,0.723,0
0.208,0.466,0
0.453,0.716,0
0.452,0.712,0
0.974,0.541,1
0.584,0.111,3
0.518,0.038,3
1.005,0.602,4
0.016,0.695,0
0.301,0.53,0
0.264,0.508,0
0.444,0.679,0
0.481,0.718,0
0.095,0.81,0
0.256,0.594,0
0.939,0.508,1
0.233,0.54,0
0.083,0.817,0
0.006,0.775,0
0.399,0.635,0
0.3,0.434,0
0.298,0.523,0
0.017,0.758,0
0.354,0.542,0
0.053,0.803,0
0.924,0.547,1
0.395,0.108,3
0.361,0.737,0
0.519,0.036,3
0.429,0.688,0
0.935,0.505,1
0.099,0.842,0
0.473,0.683,0
0.18,0.475,0
1.017,0.536,2
0.135,0.747,0
0.505,0.037,3
0.473,0.019,3
0.371,0.693,0
1.024,0.583,4
0.957,0.534,1
0.303,0.494,0
0.431,0.781,0
0.97,0.577,4
0.518,0.038,3
0.543,0.166,3
0.065,0.826,0
0.019,0.811,0
0.122,0.853,0
0.537,0.03,3
0.515,0.08,3
0.434,0.743,0
0.316,0.506,0
0.239,0.457,0
0.511,0.045,3
0.921,0.586,1
0.461,0.11,3
0.478,0.118,3
0.56,0.076,3
0.989,0.504,2
1.052,0.548,4
0.275,0.46,0
0.009,0.719,0
0.493,0.014,3
0.494,0.026,3
0.973,0.602,4
0.466,0.17,3
0.447,0.083,3
0.107,0.778,0
0.512,0.152,3
0.501,0.162,3
0.946,0.469,2
0.972,0.516,2
0.251,0.493,0
0.228,0.485,0
0.094,0.843,0
0.057,0.836,0
0.48,0.707,0
0.072,0.731,0
0.49,0.053,3
0.501,0.101,3
0.147,0.817,0
0.486,0.052,3
0.25,0.474,0
0.914,0.569,1
0.191,0.555,0
0.256,0.488,0
0.482,0.756,0
0.26,0.48,0
0.321,0.523,0
1.002,0.471,2
0.989,0.638,4
0.989,0.607,4
0.392,0.803,0
0.476,0.693,0
0.272,0.498,0
0.974,0.573,4
0.245,0.558,0
0.564,0.052,3
0.972,0.528,1
1.038,0.484,2
0.267,0.493,0
0.516,0.123,3
0.447,0.7,0
0.188,0.514,0
0.973,0.537,1
0.889,0.499,1
0.28,0.547,0
1.039,0.513,2
0.092,0.825,0
0.924,0.512,1
0.885,0.568,1
0.984,0.567,4
0.512,0.025,3
0.478,0.701,0
0.056,0.708,0
0.949,0.515,1
0.424,0.675,0
0.256,0.535,0
0.475,0.042,3
0.934,0.462,1
1.003,0.556,4
0.502,0.022,3
0.389,0.717,0
0.12,0.726,0
0.973,0.543,1
0.152,0.799,0
0.534,0.027,3
0.996,0.541,4
0.463,0.766,0
0.09,0.764,0
0.959,0.51,1
0.527,0.734,0
0.221,0.523,0
0.236,0.512,0
0.998,0.522,2
0.948,0.513,1
0.237,0.49,0
0.228,0.51,0
0.254,0.429,0
0.443,0.684,0
0.55,0.082,3
0.081,0.761,0
0.049,0.806,0
0.425,0.049,3
0.49,0.12,3
0.446,0.094,3
0.969,0.499,2
0.971,0.509,2
0.365,0.724,0
0.473,0.657,0
0.228,0.567,0
0.543,0.056,3
0.029,0.769,0
0.407,0.729,0
0.26,0.567,0
0.131,0.488,0
0.479,0.731,0
0.428,0.724,0
0.337,0.521,0
0.497,0.029,3
0.083,0.709,0
0.007,0.831,0
0.322,0.47,0
0.515,0.096,3
0.477,0.059,3
0.996,0.603,4
0.974,0.554,4
0.415,0.688,0
0.093,0.811,0
0.483,0.733,0
0.011,0.765,0
0.105,0.786,0
0.473,0.756,0
0.544,0.096,3
0.482,0.698,0
0.483,0.142,3
0.41,0.703,0
0.482,0.669,0
0.296,0.435,0
0.483,0.04,3
0.498,0.039,3
0.096,0.75,0
0.509,0.144,3
0.239,0.518,0
0.285,0.552,0
0.521,0.084,3
0.078,0.723,0
0.271,0.49,0
0.5,0.066,3
0.534,0.76,0
0.35,0.52,0
0.425,0.711,0
0.134,0.777,0
0.104,0.738,0
0.927,0.549,1
0.185,0.534,0
0.27,0.422,0
0.065,0.825,0
0.47,0.757,0
0.164,0.785,0
0.399,0.734,0
0.224,0.437,0
0.523,0.119,3
0.398,0.709,0
0.285,0.515,0
0.459,0.74,0
0.039,0.803,0
0.958,0.455,2
0.479,0.037,3
0.434,0.669,0
0.109,0.779,0
0.1,0.815,0
0.102,0.769,0
0.257,0.515,0
0.988,0.533,2
0.995,0.534,2
0.439,0.048,3
0.979,0.585,4
0.963,0.516,1
0.347,0.526,0
0.082,0.786,0
0.062,0.777,0
0.453,0.712,0
0.468,0.726,0
0.479,0.07,3
1.056,0.523,2
0.117,0.748,0
0.023,0.789,0
0.486,0.041,3
0.455,0.08,3
0.517,0.025,3
0.418,0.04,3
0.57,0.068,3
0.42,0.721,0
0.521,0.111,3
0.451,0.721,0
1.032,0.506,2
0.352,0.637,0
0.322,0.522,0
0.091,0.801,0
0.496,0.139,3
0.459,0.739,0
0.455,0.746,0
0.977,0.487,2
0.233,0.556,0
0.988,0.529,2
0.236,0.521,0
0.322,0.483,0
0.288,0.5,0
0.485,0.12,3
0.076,0.755,0
0.067,0.794,0
0.319,0.515,0
0.474,0.118,3
0.416,0.704,0
0.848,0.542,1
0.039,0.787,0
0.949,0.55,1
0.111,0.732,0
0.085,0.815,0
0.166,0.699,0
0.523,0.124,3
0.956,0.54,1
0.264,0.506,0
0.087,0.773,0
0.076,0.728,0
0.1,0.784,0
0.903,0.47,1
0.55,0.025,3
0.494,0.071,3
0.356,0.498,0
0.061,0.763,0
0.922,0.493,1
0.497,0.08,3
0.507,0.785,0
0.066,0.851,0
0.409,0.684,0
0.456,0.658,0
0.464,0.029,3
0.023,0.841,0
0.464,0.127,3
0.507,0.116,3
0.982,0.533,2
0.495,0.705,0
0.509,0.152,3
0.461,0.747,0
0.454,0.813,0
0.292,0.54,0
0.514,0.114,3
0.544,0.041,3
0.989,0.512,2
0.123,0.83,0
1.07,0.548,4
0.091,0.746,0
0.402,0.674,0
0.308,0.527,0
0.48,0.736,0
0.935,0.562,1
0.445,0.101,3
0.956,0.511,1
0.964,0.5,2
0.082,0.741,0
0.299,0.497,0
0.461,0.068,3
0.399,0.733,0
0.482,0.12,3
0.498,0.119,3
0.518,0.106,3
0.471,0.127,3
1.022,0.548,4
0.041,0.751,0
0.507,0.054,3
0.375,0.526,0
0.306,0.503,0
0.073,0.801,0
0.439,0.803,0
1.018,0.564,4
0.944,0.548,1
0.494,0.062,3
0.011,0.785,0
0.573,0.084,3
0.398,0.689,0
0.061,0.755,0
0.461,0.07,3
0.491,0.658,0
0.49,0.017,3
0.467,0.133,3
0.381,0.727,0
1.058,0.607,4
0.514,0.724,0
0.398,0.691,0
0.435,0.772,0
1.029,0.53,2
0.237,0.521,0
0.456,0.717,0
0.089,0.807,0
1.003,0.486,2
1.08,0.579,4
0.381,0.674,0
0.294,0.528,0
0.284,0.435,0
1.022,0.522,2
0.102,0.791,0
0.078,0.793,0
0.491,0.737,0
1.047,0.56,4
1.016,0.583,4
0.3,0.451,0
0.949,0.57,1
0.028,0.746,0
0.505,0.054,3
0.284,0.574,0
0.065,0.725,0
0.974,0.485,2
0.509,0.148,3
0.045,0.792,0
0.491,0.002,3
0.465,0.073,3
0.123,0.77,0
0.539,0.083,3
0.459,0.715,0
0.306,0.494,0
0.044,0.805,0
0.431,0.772,0
0.445,0.742,0
0.086,0.754,0
0.997,0.521,2
0.019,0.814,0
0.449,0.782,0
0.153,0.454,0
1.021,0.579,4
0.516,0.783,0
0.913,0.586,1
0.267,0.496,0
0.474,0.067,3
0.228,0.49,0
0.328,0.494,0
1.034,0.518,2
0.372,0.673,0
0.516,0.111,3
0.268,0.536,0
0.516,0.085,3
0.502,0.044,3
0.565,0.044,3
0.071,0.745,0
0.142,0.849,0
0.263,0.434,0
0.491,0.746,0
1.074,0.6,4
0.512,0.048,3
0.278,0.52,0
0.939,0.524,1
0.09,0.765,0
0.471,0.728,0
0.444,0.033,3
0.451,0.144,3
0.005,0.826,0
0.081,0.749,0
0.029,0.759,0
0.993,0.54,4
0.496,0.036,3
0.976,0.511,2
0.482,0.745,0
0.29,0.486,0
0.951,0.509,1
0.304,0.527,0
1.005,0.548,4
0.189,0.521,0
0.256,0.562,0
0.977,0.518,2
0.524,0.037,3
0.54,0.025,3
0.305,0.454,0
0.512,0.089,3
0.491,0.672,0
0.009,0.831,0
0.551,0.08,3
0.324,0.508,0
0.985,0.58,4
0.105,0.793,0
0.323,0.538,0
0.392,0.749,0
0.273,0.432,0
0.179,0.498,0
0.396,0.697,0
0.988,0.536,2
0.547,0.03,3
0.108,0.811,0
0.089,0.794,0
0.399,0.668,0
0.246,0.483,0
0.969,0.523,1
0.121,0.847,0
0.51,0.716,0
0.459,0.119,3
0.453,0.716,0
0.135,0.833,0
0.299,0.517,0
0.521,0.788,0
0.478,0.061,3
0.282,0.479,0
0.399,0.725,0
0.564,0.063,3
1.037,0.597,4
0.272,0.454,0
0.466,0.025,3
0.478,0.111,3
1.014,0.535,2
0.041,0.815,0
0.495,0.07,3
0.393,0.733,0
0.535,0.687,0
1.045,0.497,2
0.269,0.564,0
0.248,0.423,0
0.485,0.717,0
0.999,0.509,2
0.079,0.735,0
0.467,0.069,3
0.248,0.61,0
0.239,0.481,0
0.44,0.707,0
0.06,0.838,0
0.113,0.754,0
0.504,0.8,0
0.391,0.703,0
0.566,0.052,3
0.038,0.736,0
0.476,0.64,0
0.245,0.487,0
0.418,0.834,0
0.241,0.539,0
0.072,0.769,0
0.073,0.764,0
0.416,0.743,0
0.959,0.507,1
0.954,0.538,1
1.018,0.576,4
1.06,0.565,4
0.25,0.425,0
0.521,0.039,3
0.981,0.578,4
0.059,0.813,0
0.477,0.06,3
0.025,0.803,0
1.008,0.46,2
0.424,0.727,0
0.47,0.079,3
0.976,0.52,2
0.936,0.583,1
0.524,0.052,3
0.233,0.453,0
0.443,0.769,0
0.256,0.448,0
0.495,0.034,3
0.272,0.565,0
0.294,0.524,0
0.473,0.087,3
0.092,0.776,0
0.438,0.098,3
0.212,0.472,0
0.298,0.463,0
1.02,0.573,4
0.514,0.133,3
0.833,0.452,1
1.019,0.58,4
0.429,0.053,3
0.237,0.54,0
0.996,0.581,4
0.432,0.112,3
0.433,0.715,0
0.443,0.684,0
0.505,0.706,0
0.427,0.739,0
0.451,0.666,0
0.488,0.756,0
0.487,0.143,3
1.032,0.484,2
0.266,0.567,0
0.504,0.01,3
0.069,0.804,0
0.483,0.05,3
0.061,0.763,0
0.419,0.102,3
0.961,0.486,2
0.477,0.088,3
0.12,0.722,0
0.5,0.104,3
0.437,0.764,0
0.212,0.555,0
0.13,0.852,0
0.341,0.434,0
0.533,0.068,3
0.278,0.471,0
0.941,0.599,4
0.227,0.431,0
0.286,0.425,0
0.106,0.81,0
0.433,0.739,0
0.562,0.079,3
0.05,0.705,0
0.385,0.741,0
0.995,0.516,2
0.48,0.077,3
0.538,0.014,3
0.478,0.75,0
0.082,0.783,0
0.245,0.518,0
0.277,0.504,0
0.524,0.013,3
0.966,0.601,4
0.989,0.619,4
0.083,0.77,0
0.552,0.068,3
0.038,0.658,0
0.191,0.785,0
0.107,0.778,0
0.532,0.068,3
0.53,0.053,3
0.019,0.786,0
0.551,0.08,3
1.042,0.55,4
0.891,0.464,1
0.429,0.716,0
0.161,0.757,0
0.111,0.713,0
0.393,0.72,0
0.033,0.715,0
0.292,0.518,0
0.103,0.726,0
0.067,0.806,0
0.28,0.459,0
0.491,0.093,3
0.331,0.479,0
0.485,0.066,3
1.04,0.518,2
1.045,0.589,4
0.056,0.775,0
0.334,0.53,0
0.482,0.089,3
0.465,0.706,0
0.575,0.072,3
0.589,0.073,3
0.061,0.752,0
0.408,0.733,0
0.244,0.505,0
0.981,0.564,4
0.474,0.01,3
0.951,0.562,1
1.027,0.516,2
0.528,0.054,3
0.507,0.108,3
0.387,0.671,0
0.039,0.725,0
0.287,0.576,0
0.506,0.156,3
0.517,0.071,3
0.284,0.595,0
0.996,0.495,2
0.034,0.862,0
0.951,0.592,4
0.936,0.559,1
0.09,0.764,0
0.609,0.068,3
0.278,0.533,0
0.231,0.487,0
0.359,0.593,0
0.242,0.441,0
0.961,0.536,1
0.216,0.482,0
0.985,0.512,2
0.556,0.106,3
0.308,0.503,0
0.234,0.498,0
0.395,0.742,0
0.275,0.455,0
0.082,0.748,0
0.455,0.776,0
0.973,0.545,4
0.049,0.774,0
0.952,0.57,1
0.486,0.054,3
0.481,0.073,3
0.056,0.696,0
0.438,0.756,0
0.477,0.09,3
0.021,0.776,0
0.454,0.719,0
0.959,0.544,1
0.116,0.808,0
0.274,0.516,0
0.98,0.622,4
0.274,0.479,0
0.596,0.05,3
0.512,0.086,3
0.952,0.5,1
0.051,0.752,0
0.995,0.517,2
0.241,0.49,0
0.947,0.525,1
0.371,0.746,0
0.552,0.004,3
1.04,0.583,4
0.093,0.746,0
0.165,0.482,0
0.485,0.06,3
0.976,0.523,2
0.365,0.699,0
0.331,0.494,0
0.204,0.425,0
0.511,0.09,3
0.123,0.771,0
0.276,0.51,0
0.4,0.636,0
0.331,0.533,0
0.488,0.137,3
0.24,0.478,0
0.327,0.47,0
0.083,0.848,0
0.262,0.57,0
0.407,0.674,0
0.115,0.729,0
0.275,0.453,0
0.982,0.575,4
0.444,0.768,0
0.463,0.764,0
0.195,0.47,0
1.083,0.502,2
0.475,0.697,0
0.127,0.792,0
0.507,0.035,3
0.515,0.126,3
0.887,0.536,1
0.509,0.09,3
0.459,0.096,3
0.049,0.815,0
0.537,0.73,0
0.538,0.064,3
0.129,0.813,0
0.238,0.425,0
0.457,0.709,0
0.229,0.465,0
0.906,0.528,1
0.006,0.748,0
0.24,0.54,0
0.534,0.687,0
0.049,0.764,0
0.27,0.478,0
0.377,0.772,0
0.008,0.761,0
0.532,0.043,3
0.283,0.567,0
0.291,0.47,0
0.139,0.788,0
0.166,0.473,0
0.223,0.493,0
0.395,0.73,0
0.422,0.666,0
0.242,0.437,0
0.121,0.848,0
0.499,0.674,0
0.387,0.667,0
0.254,0.515,0
0.476,0.69,0
0.066,0.741,0
0.484,0.062,3
0.428,0.684,0
0.434,0.757,0
0.935,0.623,4
0.077,0.792,0
0.444,0.704,0
0.52,0.087,3
0.253,0.523,0
0.452,0.722,0
0.486,0.029,3
0.083,0.713,0
0.43,0.724,0
0.519,0.067,3
0.052,0.722,0
0.292,0.5,0
0.948,0.566,1
0.515,0.003,3
0.295,0.502,0
0.275,0.41,0
0.365,0.658,0
0.899,0.589,1
0.426,0.657,0
0.26,0.43,0
0.986,0.462,2
0.528,0.046,3
1.011,0.586,4
0.062,0.792,0
0.235,0.509,0
0.482,0.694,0
0.296,0.466,0
0.498,0.125,3
0.517,0.102,3
0.313,0.5,0
0.408,0.638,0
0.948,0.602,4
0.528,0.118,3
0.451,0.676,0
0.442,0.133,3
0.423,0.675,0
0.042,0.763,0
0.976,0.521,2
1.007,0.579,4
0.456,0.146,3
0.11,0.72,0
0.297,0.492,0
0.954,0.626,4
0.585,0.104,3
0.313,0.484,0
0.342,0.548,0
0.501,0.055,3
0.436,0.739,0
0.006,0.772,0
0.035,0.806,0
0.976,0.535,2
0.47,0.085,3
0.571,0.135,3
0.439,0.743,0
0.12,0.819,0
0.278,0.521,0
0.899,0.497,1
0.094,0.766,0
0.475,0.086,3
0.512,0.064,3
0.425,0.056,3
0.142,0.851,0
1.019,0.566,4
0.441,0.722,0
0.277,0.47,0
0.403,0.687,0
0.011,0.801,0
0.41,0.727,0
0.521,0.044,3
0.459,0.688,0
0.485,0.742,0
0.086,0.757,0
0.227,0.506,0
0.403,0.757,0
0.478,0.067,3
0.556,0.038,3
0.987,0.611,4
0.462,0.063,3
0.095,0.757,0
0.473,0.716,0
0.477,0.089,3
0.261,0.462,0
0.287,0.532,0
0.393,0.719,0
0.438,0.731,0
0.429,0.723,0
1.049,0.576,4
0.011,0.83,0
0.499,0.007,3
0.473,0.041,3
0.479,0.051,3
0.296,0.533,0
0.544,0.115,3
0.299,0.503,0
0.186,0.494,0
0.037,0.697,0
0.935,0.544,1
0.519,0.067,3
0.539,0.022,3
0.42,0.726,0
0.285,0.577,0
0.065,0.748,0
0.489,0.744,0
0.047,0.771,0
0.977,0.503,2
0.081,0.701,0
0.455,0.743,0
0.914,0.461,1
0.016,0.741,0
0.395,0.684,0
0.501,0.029,3
0.457,0.037,3
0.535,0.112,3
0.461,0.77,0
0.262,0.485,0
0.371,0.543,0
0.035,0.822,0
0.525,0.079,3
0.428,0.748,0
0.39,0.747,0
0.331,0.845,0
0.143,0.812,0
0.095,0.85,0
0.069,0.794,0
0.076,0.787,0
0.3,0.506,0
0.425,0.751,0
0.321,0.461,0
0.985,0.57,4
0.109,0.781,0
0.961,0.609,4
0.478,0.07,3
0.544,0.085,3
0.072,0.747,0
0.498,0.107,3
0.02,0.726,0
0.558,0.08,3
0.436,0.12,3
0.416,0.693,0
0.469,0.666,0
0.453,0.002,3
0.99,0.611,4
0.401,0.664,0
0.058,0.767,0
0.42,0.736,0
0.504,0.029,3
0.247,0.448,0
0.089,0.786,0
0.972,0.565,4
0.526,0.135,3
0.451,0.775,0
0.434,0.71,0
0.477,0.741,0
0.893,0.516,1
0.281,0.502,0
0.296,0.452,0
0.236,0.507,0
0.266,0.523,0
0.08,0.788,0
0.465,0.752,0
0.102,0.791,0
0.185,0.76,0
0.355,0.698,0
0.255,0.463,0
0.294,0.52,0
0.395,0.746,0
0.413,0.722,0
0.986,0.543,4
0.071,0.807,0
0.506,0.068,3
0.991,0.525,2
0.97,0.568,4
1.072,0.589,4
0.231,0.497,0
0.399,0.734,0
0.946,0.559,1
0.258,0.489,0
0.495,0.062,3
0.485,0.091,3
0.989,0.554,4
0.201,0.486,0
0.961,0.58,4
0.518,0.706,0
0.44,0.715,0
0.394,0.726,0
0.502,0.075,3
0.97,0.526,1
0.306,0.488,0
0.972,0.612,4
0.291,0.523,0
0.375,0.677,0
0.254,0.554,0
0.536,0.022,3
0.063,0.775,0
0.453,0.075,3
0.424,0.704,0
0.093,0.768,0
0.291,0.433,0
0.235,0.46,0
0.008,0.834,0
0.423,0.747,0
0.136,0.76,0
0.41,0.724,0
0.1,0.763,0
1.022,0.563,4
0.502,0.677,0
0.461,0.767,0
0.158,0.78,0
0.356,0.702,0
0.455,0.094,3
0.238,0.487,0
0.52,0.103,3
0.247,0.597,0
1.024,0.525,2
0.475,0.116,3
0.054,0.773,0
0.444,0.691,0
0.242,0.457,0
1.028,0.508,2
0.053,0.766,0
0.223,0.559,0
0.153,0.735,0
0.275,0.478,0
0.464,0.643,0
0.5,0.034,3
0.964,0.44,2
0.48,0.722,0
0.942,0.575,1
0.926,0.482,1
0.1,0.781,0
0.52,0.064,3
0.021,0.843,0
0.512,0.076,3
0.534,0.013,3
0.478,0.721,0
0.521,0.062,3
0.213,0.512,0
0.131,0.813,0
0.069,0.756,0
0.013,0.815,0
0.432,0.733,0
0.095,0.772,0
1.063,0.511,2
0.438,0.757,0
0.323,0.505,0
0.422,0.716,0
0.264,0.498,0
0.503,0.763,0
0.459,0.745,0
0.532,0.034,3
0.42,0.671,0
0.475,0.036,3
0.496,0.12,3
0.949,0.486,1
0.213,0.538,0
0.389,0.756,0
0.1,0.779,0
0.483,0.109,3
0.47,0.02,3
0.961,0.511,1
0.517,0.098,3
0.278,0.451,0
0.016,0.768,0
0.413,0.707,0
0.972,0.535,1
0.442,0.132,3
0.432,0.68,0
0.329,0.516,0
0.281,0.541,0
0.334,0.534,0
0.251,0.467,0
0.152,0.712,0
0.518,0.778,0
0.078,0.743,0
0.49,0.767,0
0.094,0.827,0
0.392,0.792,0
0.082,0.769,0
0.418,0.769,0
0.475,0.695,0
0.539,0.076,3
0.993,0.514,2
0.411,0.736,0
0.993,0.566,4
0.045,0.786,0
0.414,0.075,3
0.508,0.036,3
0.473,0.078,3
0.294,0.444,0
0.427,0.684,0
0.55,0.11,3
0.275,0.472,0
1.02,0.546,4
0.403,0.701,0
0.245,0.456,0
0.956,0.505,1
0.551,0.089,3
0.499,0.768,0
0.296,0.462,0
0.992,0.586,4
0.508,0.044,3
0.414,0.633,0
1.008,0.619,4
0.028,0.838,0
0.275,0.506,0
1.002,0.523,2
0.431,0.704,0
0.064,0.755,0
0.432,0.714,0
0.233,0.459,0
0.454,0.123,3
0.285,0.528,0
0.465,0.079,3
0.279,0.456,0
0.064,0.777,0
1.021,0.535,2
0.545,0.024,3
0.45,0.768,0
0.462,0.056,3
0.402,0.79,0
0.261,0.443,0
0.893,0.552,1
0.141,0.807,0
0.021,0.821,0
1.02,0.507,2
0.251,0.546,0
0.976,0.478,2
0.495,0.02,3
0.419,0.709,0
0.459,0.717,0
0.1,0.712,0
0.455,0.672,0
0.946,0.575,1
0.503,0.077,3
0.24,0.516,0
0.244,0.48,0
0.938,0.542,1
0.409,0.711,0
0.261,0.487,0
0.509,0.006,3
0.447,0.018,3
0.232,0.434,0
0.449,0.584,0
0.318,0.557,0
0.979,0.575,4
0.295,0.479,0
0.962,0.585,4
0.493,0.141,3
0.22,0.511,0
1.022,0.504,2
0.53,0.696,0
0.987,0.497,2
0.062,0.733,0
1.068,0.609,4
0.503,0.72,0
0.461,0.79,0
0.018,0.839,0
0.396,0.82,0
0.048,0.774,0
0.351,0.471,0
0.098,0.811,0
0.277,0.464,0
1.045,0.559,4
0.966,0.504,2
0.183,0.479,0
0.477,0.069,3
0.351,0.748,0
0.419,0.016,3
0.262,0.543,0
0.326,0.522,0
0.304,0.527,0
0.178,0.723,0
0.07,0.801,0
0.272,0.561,0
0.095,0.733,0
0.901,0.569,1
0.515,0.753,0
0.977,0.539,4
0.221,0.468,0
0.497,0.037,3
0.085,0.828,0
0.066,0.794,0
0.448,0.733,0
0.279,0.574,0
0.271,0.506,0
0.949,0.528,1
0.289,0.499,0
0.545,0.065,3
0.03,0.808,0
0.551,0.118,3
0.076,0.829,0
0.067,0.772,0
0.451,0.764,0
0.464,0.087,3
0.371,0.723,0
0.294,0.444,0
0.997,0.575,4
0.477,0.049,3
0.173,0.74,0
0.455,0.002,3
0.963,0.508,2
0.474,0.686,0
0.25,0.472,0
0.393,0.704,0
0.596,0.035,3
0.065,0.695,0
0.563,0.106,3
0.985,0.543,4
0.086,0.784,0
0.537,0.097,3
1.025,0.547,4
1.008,0.53,2
0.359,0.686,0
0.53,0.09,3
0.348,0.67,0
0.948,0.517,1
0.455,0.717,0
0.239,0.492,0
0.3,0.542,0
0.294,0.496,0
0.092,0.757,0
0.288,0.566,0
0.935,0.472,1
0.432,0.722,0
0.177,0.53,0
0.366,0.627,0
0.059,0.795,0
0.248,0.409,0
1.054,0.449,2
0.476,0.037,3
0.473,0.018,3
0.207,0.483,0
0.498,0.101,3
0.419,0.701,0
0.539,0.065,3
0.262,0.495,0
0.531,0.094,3
0.028,0.735,0
0.453,0.055,3
0.046,0.752,0
0.52,0.107,3
0.223,0.761,0
0.978,0.55,4
0.08,0.767,0
0.476,0.708,0
0.994,0.509,2
0.06,0.854,0
0.972,0.494,2
0.213,0.532,0
1.014,0.506,2
0.942,0.569,1
0.425,0.747,0
0.119,0.763,0
0.096,0.748,0
0.544,0.05,3
0.109,0.747,0
0.241,0.451,0
0.44,0.771,0
0.951,0.572,1
0.948,0.492,1
0.239,0.458,0
1.007,0.502,2
0.277,0.441,0
0.035,0.778,0
0.1,0.712,0
0.428,0.766,0
0.252,0.52,0
0.452,0.734,0
0.535,0.093,3
0.494,0.603,0
0.253,0.505,0
0.497,0.057,3
0.436,0.728,0
1.032,0.498,2
0.047,0.742,0
0.014,0.777,0
0.517,0.027,3
0.217,0.556,0
0.294,0.443,0
0.944,0.532,1
0.968,0.595,4
0.946,0.461,2
0.948,0.552,1
0.277,0.493,0
0.393,0.782,0
0.276,0.521,0
0.384,0.681,0
0.283,0.526,0
0.28,0.473,0
0.149,0.705,0
0.556,0.074,3
0.931,0.546,1
0.31,0.523,0
0.475,0.803,0
0.48,0.777,0
0.228,0.482,0
0.533,0.028,3
0.435,0.757,0
0.077,0.696,0
0.055,0.81,0
0.93,0.622,4
0.505,0.07,3
0.337,0.517,0
0.298,0.539,0
0.916,0.487,1
0.883,0.527,1
1.035,0.495,2
1.036,0.527,2
0.278,0.477,0
0.076,0.732,0
0.471,0.725,0
0.028,0.783,0
0.5,0.036,3
0.267,0.516,0
0.427,0.707,0
0.309,0.448,0
0.457,0.104,3
0.268,0.544,0
0.482,0.779,0
0.042,0.797,0
1.005,0.516,2
0.53,0.001,3
0.936,0.532,1
0.386,0.706,0
0.475,0.148,3
0.082,0.749,0
0.06,0.782,0
0.446,0.642,0
1.021,0.566,4
0.059,0.827,0
0.531,0.085,3
0.495,0.663,0
0.033,0.76,0
0.341,0.568,0
0.098,0.807,0
0.405,0.027,3
0.55,0.067,3
1.002,0.507,2
0.491,0.101,3
0.891,0.503,1
1.024,0.497,2
0.479,0.756,0
0.483,0.656,0
0.146,0.731,0
0.474,0.076,3
0.435,0.658,0
0.488,0.021,3
0.534,0.055,3
0.996,0.501,2
0.352,0.665,0
0.038,0.775,0
0.444,0.737,0
0.482,0.721,0
0.958,0.545,1
0.269,0.543,0
0.434,0.681,0
0.994,0.548,4
0.097,0.821,0
0.52,0.018,3
0.054,0.805,0
0.386,0.724,0
0.576,0.118,3
0.45,0.668,0
0.36,0.608,0
0.958,0.515,1
0.486,0.074,3
0.485,0.081,3
0.534,0.126,3
0.254,0.548,0
0.477,0.754,0
1.018,0.541,4
0.973,0.527,2
0.312,0.495,0
0.21,0.404,0
0.073,0.78,0
1.005,0.595,4
0.055,0.826,0
0.06,0.793,0
0.254,0.497,0
0.458,0.728,0
0.496,0.059,3
0.463,0.778,0
0.524,0.107,3
0.491,0.025,3
1.019,0.533,2
0.379,0.776,0
0.515,0.014,3
0.518,0.158,3
0.079,0.81,0
0.974,0.535,1
0.465,0.734,0
0.277,0.496,0
0.082,0.876,0
0.452,0.032,3
0.985,0.502,2
0.966,0.537,1
0.974,0.574,4
1.039,0.565,4
0.518,0.018,3
1.018,0.584,4
0.437,0.709,0
0.236,0.543,0
0.487,0.061,3
0.256,0.489,0
0.275,0.503,0
0.507,0.14,3
0.468,0.767,0
0.575,0.036,3
0.489,0.063,3
0.324,0.486,0
0.943,0.544,1
0.958,0.576,4
0.261,0.49,0
0.464,0.73,0
0.239,0.499,0
0.084,0.813,0
0.228,0.512,0
0.521,0.016,3
0.05,0.785,0
0.544,0.056,3
0.22,0.504,0
0.125,0.773,0
0.047,0.795,0
0.097,0.852,0
0.507,0.093,3
0.065,0.807,0
1.012,0.568,4
0.48,0.735,0
0.458,0.012,3
0.523,0.016,3
1.008,0.545,4
0.294,0.495,0
0.463,0.059,3
0.439,0.704,0
1.014,0.523,2
0.052,0.766,0
0.501,0.116,3
0.141,0.794,0
0.444,0.8,0
0.077,0.834,0
0.258,0.449,0
0.46,0.118,3
0.057,0.789,0
0.264,0.565,0
0.104,0.767,0
0.949,0.563,1
0.035,0.773,0
0.426,0.667,0
1.058,0.528,2
0.268,0.497,0
0.427,0.691,0
0.359,0.81,0
0.252,0.533,0
0.983,0.524,2
0.951,0.52,1
0.922,0.579,1
0.232,0.537,0
0.128,0.78,0
0.484,0.059,3
0.244,0.517,0
0.475,0.657,0
0.131,0.79,0
0.028,0.745,0
0.092,0.775,0
0.437,0.154,3
0.078,0.797,0
0.508,0.1,3
0.363,0.661,0
0.45,0.005,3
0.244,0.534,0
0.96,0.565,4
0.488,0.69,0
0.067,0.812,0
0.407,0.692,0
0.242,0.488,0
0.301,0.5,0
0.934,0.518,1
0.297,0.459,0
0.501,0.021,3
0.514,0.006,3
0.277,0.481,0
0.102,0.744,0
0.481,0.71,0
0.465,0.042,3
1.028,0.558,4
0.543,0.068,3
0.549,0.005,3
0.34,0.521,0
0.163,0.716,0
0.048,0.791,0
0.939,0.55,1
0.025,0.735,0
0.43,0.708,0
0.48,0.112,3
0.539,0.052,3
0.953,0.519,1
0.447,0.826,0
0.389,0.659,0
0.264,0.398,0
0.579,0.8,0
0.223,0.475,0
0.412,0.729,0
0.451,0.003,3
0.117,0.871,0
0.016,0.813,0
0.208,0.522,0
0.078,0.745,0
0.422,0.774,0
0.513,0.722,0
0.868,0.6,1
0.466,0.765,0
0.487,0.084,3
0.458,0.705,0
0.949,0.583,4
0.114,0.843,0
0.072,0.785,0
1.035,0.517,2
0.416,0.761,0
0.961,0.58,4
0.053,0.799,0
0.244,0.471,0
0.319,0.479,0
0.97,0.524,1
0.508,0.153,3
0.07,0.802,0
0.984,0.54,4
1.035,0.571,4
0.546,0.154,3
0.439,0.757,0
0.348,0.512,0
0.07,0.741,0
0.442,0.771,0
0.51,0.732,0
0.509,0.054,3
0.474,0.11,3
0.433,0.103,3
0.975,0.51,2
0.342,0.419,0
0.397,0.703,0
1.019,0.492,2
0.423,0.115,3
0.408,0.81,0
0.429,0.781,0
0.129,0.788,0
0.373,0.512,0
0.455,0.033,3
0.02,0.769,0
0.937,0.5,1
0.997,0.513,2
0.216,0.441,0
0.071,0.75,0
0.486,0.745,0
0.422,0.692,0
0.487,0.051,3
0.031,0.72,0
0.478,0.733,0
0.305,0.476,0
0.231,0.488,0
0.579,0.074,3
0.263,0.474,0
0.161,0.501,0
0.089,0.878,0
0.969,0.545,1
0.082,0.782,0
0.958,0.534,1
0.082,0.785,0
0.283,0.504,0
0.291,0.506,0
0.263,0.397,0
0.459,0.745,0
0.246,0.556,0
1.037,0.498,2
0.08,0.811,0
1.01,0.575,4
0.107,0.765,0
0.417,0.608,0
0.956,0.536,1
0.288,0.521,0
0.463,0.661,0
0.136,0.806,0
0.065,0.789,0
0.991,0.546,4
0.23,0.545,0
0.558,0.038,3
0.393,0.695,0
0.078,0.74,0
0.54,0.085,3
0.335,0.478,0
0.248,0.502,0
0.247,0.506,0
0.253,0.62,0
0.515,0.031,3
0.329,0.503,0
0.435,0.692,0
0.578,0.106,3
0.463,0.676,0
0.086,0.83,0
0.307,0.465,0
0.209,0.53,0
0.501,0.098,3
0.924,0.553,1
0.45,0.131,3
0.305,0.49,0
0.297,0.542,0
0.989,0.585,4
0.55,0.098,3
0.96,0.533,1
0.491,0.729,0
0.039,0.762,0
0.458,0.755,0
0.115,0.769,0
0.305,0.525,0
0.913,0.549,1
0.519,0.105,3
0.082,0.766,0
1.067,0.514,2
0.273,0.434,0
0.03,0.757,0
0.985,0.573,4
0.982,0.569,4
1.012,0.554,4
0.464,0.663,0
0.068,0.828,0
0.115,0.788,0
0.242,0.516,0
0.246,0.509,0
0.502,0.07,3
0.545,0.168,3
0.097,0.785,0
0.978,0.579,4
0.095,0.781,0
0.307,0.572,0
0.548,0.137,3
0.036,0.748,0
0.952,0.485,2
0.254,0.496,0
0.383,0.721,0
0.2,0.511,0
0.961,0.51,1
0.296,0.452,0
0.359,0.484,0
0.409,0.748,0
1.027,0.477,2
0.085,0.783,0
0.117,0.821,0
0.974,0.568,4
0.437,0.749,0
0.995,0.502,2
0.998,0.605,4
0.435,0.741,0
0.071,0.783,0
0.071,0.712,0
0.506,0.006,3
0.064,0.794,0
0.358,0.728,0
0.399,0.748,0
0.091,0.744,0
1.006,0.474,2
0.285,0.462,0
0.396,0.769,0
0.998,0.543,4
0.182,0.748,0
0.401,0.687,0
0.099,0.749,0
0.231,0.5,0
0.998,0.562,4
0.005,0.823,0
0.513,0.077,3
0.49,0.7,0
0.137,0.82,0
0.021,0.705,0
0.44,0.753,0
0.931,0.503,1
0.987,0.528,2
0.986,0.56,4
0.094,0.816,0
0.251,0.509,0
0.416,0.715,0
0.15,0.797,0
0.969,0.453,2
1.008,0.601,4
0.483,0.111,3
0.248,0.489,0
0.898,0.511,1
0.984,0.508,2
0.232,0.507,0
0.509,0.101,3
0.425,0.728,0
0.492,0.08,3
0.234,0.516,0
0.481,0.715,0
0.45,0.035,3
0.238,0.56,0
0.981,0.49,2
0.3,0.607,0
0.453,0.739,0
0.379,0.747,0
1.002,0.537,2
1.015,0.562,4
0.446,0.738,0
0.438,0.036,3
0.387,0.035,3
0.266,0.415,0
0.249,0.505,0
0.918,0.543,1
0.115,0.803,0
0.533,0.132,3
0.99,0.512,2
0.109,0.725,0
0.114,0.808,0
0.509,0.099,3
0.156,0.775,0
0.385,0.666,0
0.42,0.664,0
0.34,0.524,0
0.346,0.476,0
0.462,0.845,0
0.494,0.017,3
0.98,0.46,2
0.235,0.529,0
0.503,0.771,0
0.027,0.89,0
0.378,0.715,0
0.017,0.783,0
0.539,0.084,3
0.344,0.492,0
0.467,0.755,0
0.257,0.497,0
0.159,0.501,0
0.284,0.518,0
0.432,0.826,0
0.304,0.502,0
0.476,0.104,3
0.458,0.711,0
0.311,0.514,0
0.956,0.519,1
0.106,0.829,0
0.09,0.73,0
0.411,0.766,0
0.035,0.743,0
0.103,0.767,0
0.229,0.481,0
1.02,0.562,4
0.938,0.512,1
0.548,0.047,3
0.544,0.096,3
0.254,0.397,0
0.26,0.474,0
0.95,0.554,1
0.102,0.731,0
0.064,0.783,0
1.03,0.529,2
0.46,0.746,0
0.484,0.032,3
0.464,0.038,3
0.217,0.493,0
0.492,0.091,3
0.218,0.491,0
0.437,0.086,3
0.441,0.728,0
0.485,0.058,3
0.288,0.514,0
0.048,0.867,0
0.293,0.536,0
0.465,0.696,0
0.276,0.545,0
0.508,0.056,3
0.876,0.551,1
1.05,0.539,2
0.446,0.686,0
0.529,0.061,3
0.357,0.612,0
0.408,0.697,0
0.153,0.769,0
0.43,0.739,0
0.996,0.514,2
0.47,0.631,0
0.49,0.062,3
0.363,0.756,0
0.453,0.746,0
0.031,0.719,0
0.963,0.567,4
1.027,0.573,4
0.417,0.755,0
0.486,0.77,0
0.988,0.6,4
0.424,0.728,0
0.316,0.486,0
0.271,0.452,0
0.997,0.553,4
0.284,0.491,0
0.922,0.525,1
0.378,0.663,0
0.33,0.494,0
0.492,0.722,0
0.213,0.482,0
0.452,0.068,3
0.535,0.129,3
0.92,0.524,1
1.025,0.624,4
0.532,0.038,3
0.511,0.023,3
0.498,0.035,3
0.546,0.056,3
0.071,0.719,0
0.285,0.454,0
0.45,0.101,3
0.987,0.536,2
0.403,0.075,3
0.507,0.745,0
0.409,0.688,0
0.544,0.096,3
0.481,0.734,0
0.076,0.846,0
0.401,0.746,0
0.256,0.53,0
0.09,0.816,0
0.051,0.816,0
0.504,0.078,3
0.267,0.449,0
0.518,0.028,3
0.489,0.097,3
0.499,0.692,0
0.995,0.536,2
0.524,0.731,0
0.282,0.498,0
1.021,0.552,4
0.488,0.759,0
0.947,0.539,1
0.386,0.694,0
0.491,0.761,0
0.994,0.542,4
0.273,0.505,0
0.507,0.099,3
0.92,0.585,1
0.308,0.489,0
0.525,0.07,3
0.479,0.76,0
0.985,0.597,4
0.972,0.565,4
1.01,0.454,2
0.481,0.189,3
0.314,0.446,0
0.326,0.47,0
0.323,0.493,0
0.927,0.563,1
0.004,0.761,0
0.473,0.064,3
0.944,0.607,4
0.239,0.518,0
0.238,0.501,0
0.103,0.764,0
0.46,0.673,0
0.482,0.737,0
1.06,0.465,2
0.372,0.083,3
0.204,0.464,0
0.418,0.721,0
0.251,0.455,0
0.415,0.725,0
0.281,0.52,0
0.554,0.087,3
0.983,0.54,4
0.215,0.511,0
0.949,0.527,1
0.469,0.705,0
0.465,0.152,3
0.472,0.705,0
0.483,0.075,3
0.448,0.703,0
0.991,0.562,4
0.467,0.69,0
0.965,0.58,4
0.958,0.558,1
0.49,0.114,3
0.093,0.794,0
0.29,0.447,0
0.096,0.748,0
0.38,0.695,0
0.314,0.447,0
0.429,0.784,0
0.056,0.74,0
0.081,0.747,0
0.242,0.56,0
0.49,0.771,0
0.112,0.761,0
0.981,0.561,4
1.032,0.562,4
1.043,0.503,2
0.417,0.746,0
0.984,0.512,2
0.089,0.76,0
0.527,0.058,3
0.419,0.696,0
0.121,0.754,0
0.477,0.703,0
0.55,0.091,3
0.988,0.512,2
0.042,0.79,0
0.019,0.8,0
0.413,0.685,0
0.472,0.02,3
0.493,0.063,3
0.111,0.768,0
0.924,0.574,1
0.118,0.721,0
0.977,0.63,4
0.378,0.677,0
0.319,0.483,0
0.357,0.71,0
0.329,0.514,0
0.228,0.476,0
0.264,0.499,0
0.324,0.541,0
0.262,0.488,0
0.398,0.695,0
0.124,0.768,0
0.977,0.442,2
0.233,0.558,0
0.237,0.543,0
1.008,0.57,4
0.944,0.537,1
0.25,0.49,0
0.439,0.68,0
0.26,0.488,0
0.526,0.077,3
0.108,0.781,0
0.262,0.517,0
0.499,0.049,3
0.484,0.052,3
0.089,0.836,0
0.421,0.071,3
0.258,0.502,0
0.455,0.759,0
0.43,0.714,0
0.315,0.47,0
0.95,0.583,4
0.306,0.449,0
0.021,0.872,0
0.03,0.794,0
0.5,0.056,3
0.226,0.475,0
0.067,0.753,0
1.005,0.618,4
0.5,0.062,3
0.439,0.673,0
0.055,0.768,0
0.962,0.575,4
0.493,0.09,3
0.255,0.537,0
0.073,0.855,0
0.451,0.774,0
0.968,0.549,1
0.062,0.761,0
0.453,0.055,3
0.48,0.712,0
0.976,0.571,4
0.265,0.524,0
0.488,0.11,3
0.528,0.076,3
0.534,0.037,3
0.426,0.716,0
0.405,0.137,3
0.492,0.052,3
0.534,0.021,3
0.105,0.77,0
0.047,0.795,0
1,0.57,4
0.036,0.833,0
0.973,0.524,2
0.108,0.806,0
0.969,0.546,1
0.489,0.049,3
0.032,0.824,0
0.42,0.748,0
0.43,0.641,0
0.063,0.837,0
0.275,0.455,0
0.13,0.738,0
0.308,0.545,0
0.54,0.766,0
0.077,0.781,0
0.119,0.788,0
0.427,0.735,0
0.537,0.058,3
0.968,0.58,4
1.024,0.57,4
0.079,0.785,0
0.277,0.524,0
1.015,0.564,4
0.451,0.658,0
0.455,0.739,0
0.299,0.499,0
0.395,0.715,0
0.45,0.721,0
0.982,0.531,2
0.44,0.763,0
0.498,0.132,3
0.529,0.787,0
0.959,0.506,1
0.944,0.585,1
0.116,0.857,0
0.524,0.088,3
0.536,0.082,3
0.279,0.506,0
0.227,0.471,0
0.38,0.771,0
0.511,0.003,3
0.305,0.443,0
0.524,0.075,3
0.315,0.353,0
0.058,0.801,0
0.223,0.651,0
0.084,0.782,0
0.458,0.75,0
0.178,0.454,0
0.266,0.519,0
0.992,0.552,4
1.002,0.561,4
0.107,0.726,0
0.287,0.524,0
0.07,0.758,0
0.377,0.675,0
0.472,0.129,3
0.2,0.463,0
0.058,0.71,0
0.463,0.114,3
0.278,0.551,0
0.284,0.499,0
0.087,0.792,0
0.214,0.47,0
0.141,0.709,0
0.535,0.052,3
0.118,0.74,0
0.456,0.036,3
1.028,0.594,4
0.475,0.114,3
0.33,0.723,0
0.471,0.719,0
0.952,0.522,1
0.939,0.381,2
0.496,0.651,0
0.483,0.049,3
0.978,0.551,4
0.482,0.108,3
0.266,0.57,0
0.07,0.782,0
0.447,0.734,0
0.04,0.825,0
0.475,0.069,3
0.28,0.476,0
0.979,0.61,4
0.345,0.741,0
0.982,0.553,4
0.288,0.467,0
0.089,0.716,0
1.002,0.547,4
0.046,0.797,0
0.16,0.781,0
0.999,0.523,2
0.429,0.785,0
0.41,0.652,0
0.497,0.738,0
0.382,0.691,0
0.05,0.747,0
1.015,0.552,4
0.316,0.435,0
0.97,0.59,4
0.075,0.801,0
0.983,0.474,2
0.398,0.762,0
0.931,0.495,1
0.453,0.708,0
0.459,0.051,3
0.477,0.688,0
0.399,0.749,0
0.898,0.567,1
0.304,0.559,0
0.528,0.097,3
0.024,0.755,0
0.519,0.11,3
1.065,0.564,4
0.399,0.709,0
0.497,0.74,0
0.289,0.542,0
0.491,0.048,3
0.507,0.119,3
1.016,0.526,2
0.069,0.803,0
0.942,0.578,1
0.443,0.748,0
0.423,0.702,0
0.122,0.81,0
0.189,0.548,0
0.072,0.845,0
0.987,0.469,2
0.987,0.535,2
1.003,0.51,2
0.11,0.805,0
0.519,0.023,3
0.981,0.53,2
0.418,0.796,0
0.431,0.71,0
0.35,0.803,0
0.258,0.518,0
0.263,0.55,0
0.003,0.743,0
0.422,0.654,0
0.081,0.743,0
0.269,0.518,0
0.292,0.477,0
0.521,0.071,3
0.135,0.774,0
0.949,0.519,1
0.466,0.656,0
1.03,0.649,4
0.035,0.861,0
0.39,0.688,0
0.265,0.532,0
0.53,0.071,3
0.42,0.709,0
0.565,0.059,3
0.235,0.499,0
0.335,0.534,0
0.161,0.789,0
0.526,0.137,3
1.022,0.538,2
0.281,0.471,0
0.945,0.51,1
0.147,0.8,0
0.539,0.046,3
0.233,0.497,0
0.075,0.776,0
0.058,0.737,0
0.941,0.542,1
0.489,0.675,0
0.24,0.484,0
0.982,0.545,4
0.123,0.811,0
0.267,0.528,0
0.525,0.074,3
0.207,0.524,0
0.512,0.049,3
0.442,0.025,3
0.086,0.805,0
0.951,0.513,1
0.462,0.076,3
0.479,0.071,3
0.082,0.809,0
0.244,0.561,0
0.952,0.543,1
0.478,0.739,0
0.981,0.609,4
1.043,0.467,2
0.3,0.489,0
0.268,0.562,0
0.447,0.738,0
0.473,0.099,3
1.05,0.55,4
0.408,0.743,0
0.332,0.512,0
0.498,0.11,3
0.295,0.492,0
0.941,0.591,1
0.202,0.538,0
0.487,0.047,3
0.453,0.706,0
0.332,0.523,0
0.971,0.535,1
0.253,0.589,0
0.48,0.129,3
0.312,0.476,0
0.544,0.11,3
0.276,0.586,0
0.92,0.589,1
0.478,0.709,0
0.949,0.52,1
0.253,0.441,0
0.479,0.019,3
0.233,0.566,0
0.444,0.723,0
0.54,0.11,3
0.322,0.537,0
0.478,0.057,3
0.489,0.121,3
0.088,0.829,0
0.458,0.012,3
0.524,0.023,3
0.047,0.787,0
0.464,0.715,0
0.988,0.525,2
0.961,0.52,1
0.251,0.518,0
1.021,0.504,2
0.966,0.576,4
0.013,0.765,0
0.074,0.865,0
0.137,0.795,0
0.945,0.519,1
0.471,0.704,0
0.343,0.467,0
1.049,0.517,2
0.455,0.651,0
1.031,0.555,4
0.384,0.761,0
0.533,0.096,3
0.387,0.694,0
0.122,0.762,0
0.243,0.47,0
0.341,0.483,0
0.408,0.681,0
0.47,0.062,3
0.91,0.556,1
0.139,0.816,0
0.473,0.002,3
0.467,0.722,0
0.26,0.502,0
0.324,0.398,0
0.525,0.736,0
0.411,0.036,3
0.248,0.523,0
1.031,0.535,2
0.512,0.071,3
0.474,0.046,3
0.071,0.779,0
0.097,0.792,0
0.494,0.068,3
0.231,0.516,0
0.122,0.808,0
0.309,0.545,0
0.309,0.493,0
0.439,0.738,0
0.94,0.493,1
0.542,0.005,3
0.104,0.785,0
0.448,0.774,0
0.305,0.468,0
0.112,0.82,0
0.952,0.544,1
0.239,0.497,0
0.312,0.507,0
0.231,0.458,0
0.503,0.13,3
0.491,0.687,0
0.979,0.463,2
0.501,0.039,3
0.963,0.523,1
0.093,0.822,0
0.092,0.806,0
0.248,0.53,0
0.424,0.638,0
0.448,0.151,3
0.402,0.722,0
0.021,0.706,0
0.08,0.715,0
0.508,0.712,0
0.257,0.555,0
0.334,0.435,0
0.278,0.527,0
0.995,0.556,4
1.012,0.536,2
0.489,0.666,0
0.521,0.098,3
0.299,0.491,0
0.434,0.013,3
0.45,0.617,0
0.999,0.507,2
0.327,0.516,0
0.086,0.774,0
1.02,0.582,4
0.515,0.062,3
0.541,0.059,3
0.07,0.74,0
1.017,0.562,4
0.943,0.55,1
0.319,0.445,0
0.258,0.531,0
0.268,0.467,0
0.09,0.761,0
0.937,0.546,1
0.539,0.107,3
1.099,0.595,4
0.527,0.189,3
0.468,0.12,3
0.348,0.758,0
0.408,0.752,0
0.224,0.46,0
0.127,0.737,0
0.474,0.726,0
0.265,0.51,0
0.279,0.475,0
0.245,0.489,0
0.529,0.052,3
0.971,0.549,4
0.964,0.473,2
0.995,0.554,4
0.09,0.83,0
0.448,0.683,0
0.906,0.556,1
0.29,0.496,0
0.392,0.734,0
0.976,0.552,4
0.453,0.716,0
1.011,0.497,2
0.904,0.588,1
0.001,0.794,0
0.09,0.773,0
0.254,0.488,0
0.071,0.775,0
0.558,0.016,3
0.375,0.712,0
0.965,0.512,2
0.104,0.773,0
0.156,0.766,0
0.456,0.726,0
0.414,0.689,0
0.043,0.754,0
0.987,0.586,4
0.067,0.731,0
1.009,0.544,4
0.456,0.638,0
0.334,0.453,0
0.508,0.084,3
1.014,0.474,2
0.999,0.586,4
0.062,0.783,0
0.497,0.68,0
0.512,0.129,3
1.031,0.5,2
0.259,0.525,0
0.073,0.807,0
0.031,0.74,0
1.045,0.541,2
0.064,0.752,0
0.103,0.788,0
0.988,0.541,4
0.43,0.715,0
0.238,0.519,0
0.456,0.797,0
0.502,0.032,3
0.294,0.538,0
0.987,0.562,4
0.309,0.567,0
0.446,0.709,0
0.086,0.767,0
0.998,0.575,4
1.029,0.476,2
0.065,0.851,0
0.563,0.182,3
0.957,0.469,2
0.937,0.474,1
0.438,0.721,0
0.526,0.136,3
0.236,0.496,0
0.097,0.823,0
0.272,0.513,0
0.408,0.793,0
0.464,0.715,0
0.239,0.484,0
1.029,0.497,2
0.211,0.535,0
1.007,0.488,2
0.481,0.766,0
0.002,0.865,0
0.98,0.563,4
0.985,0.518,2
0.502,0.103,3
0.274,0.537,0
0.042,0.8,0
0.462,0.722,0
0.036,0.846,0
0.5,0.04,3
0.127,0.735,0
0.304,0.494,0
0.472,0.095,3
0.458,0.11,3
0.445,0.726,0
0.54,0.112,3
0.137,0.818,0
0.339,0.511,0
0.214,0.487,0
0.433,0.1,3
0.945,0.579,1
0.514,0.054,3
0.515,0.09,3
0.535,0.057,3
0.499,0.646,0
0.368,0.716,0
0.297,0.463,0
0.555,0.042,3
0.178,0.47,0
0.531,0.085,3
0.915,0.606,1
0.461,0.11,3
0.055,0.871,0
0.505,0.718,0
0.246,0.453,0
0.549,0.003,3
1.053,0.55,4
0.205,0.5,0
0.953,0.477,2
0.125,0.74,0
0.302,0.473,0
0.064,0.71,0
0.948,0.515,1
0.025,0.744,0
0.01,0.73,0
1.087,0.53,2
0.908,0.621,1
0.001,0.777,0
0.521,0.731,0
0.508,0.02,3
0.262,0.474,0
0.259,0.531,0
0.284,0.513,0
0.354,0.491,0
0.236,0.514,0
0.995,0.485,2
0.273,0.556,0
0.96,0.596,4
0.249,0.507,0
0.263,0.518,0
0.959,0.612,4
1.044,0.525,2
0.477,0.714,0
0.974,0.507,2
1.072,0.611,4
0.471,0.753,0
0.258,0.493,0
0.511,0.101,3
0.015,0.805,0
0.933,0.473,1
0.453,0.741,0
0.505,0.114,3
0.105,0.734,0
0.953,0.495,1
0.277,0.494,0
0.474,0.031,3
0.489,0.058,3
0.535,0.029,3
0.059,0.869,0
0.977,0.56,4
0.48,0.755,0
0.971,0.522,2
0.374,0.659,0
0.549,0.121,3
0.224,0.431,0
0.351,0.449,0
0.161,0.767,0
0.442,0.739,0
0.549,0.121,3
0.258,0.563,0
0.109,0.774,0
0.056,0.773,0
0.461,0.76,0
0.295,0.517,0
0.481,0.127,3
0.487,0.722,0
0.996,0.56,4
0.516,0.712,0
0.526,0.086,3
0.2,0.457,0
0.986,0.513,2
1.02,0.482,2
0.436,0.099,3
0.479,0.704,0
0.277,0.54,0
0.264,0.594,0
0.442,0.042,3
0.96,0.502,2
0.284,0.601,0
1.06,0.565,4
0.458,0.688,0
1.014,0.567,4
0.425,0.722,0
0.061,0.842,0
0.275,0.55,0
0,0.862,0
0.07,0.793,0
0.161,0.828,0
0.181,0.465,0
0.035,0.728,0
1.034,0.555,4
0.316,0.436,0
0.275,0.525,0
0.234,0.513,0
0.388,0.729,0
0.976,0.513,2
0.567,0.125,3
0.035,0.797,0
0.473,0.094,3
0.447,0.066,3
0.038,0.773,0
0.21,0.507,0
0.976,0.593,4
0.984,0.592,4
0.918,0.509,1
0.536,0.13,3
0.47,0.69,0
0.03,0.753,0
0.375,0.723,0
0.201,0.494,0
0.228,0.509,0
0.258,0.468,0
0.993,0.455,2
0.495,0.007,3
0.959,0.539,1
1.035,0.587,4
0.454,0.09,3
0.946,0.562,1
1.022,0.533,2
0.452,0.694,0
0.235,0.505,0
0.438,0.682,0
0.322,0.496,0
0.381,0.727,0
0.448,0.675,0
0.265,0.51,0
0.167,0.768,0
0.521,0.094,3
0.319,0.481,0
0.508,0.713,0
0.947,0.606,4
0.445,0.691,0
0.499,0.082,3
0.048,0.806,0
0.53,0.031,3
0.244,0.433,0
0.444,0.145,3
0.951,0.447,2
0.472,0.684,0
1.021,0.459,2
0.4,0.775,0
0.521,0.019,3
0.499,0.115,3
0.006,0.808,0
0.093,0.79,0
0.509,0.091,3
0.441,0.769,0
0.972,0.514,2
0.262,0.482,0
0.995,0.478,2
0.966,0.505,2
0.496,0.082,3
0.491,0.048,3
0.507,0.042,3
0.973,0.546,4
0.345,0.514,0
1.007,0.608,4
0.579,0.096,3
0.484,0.71,0
0.418,0.666,0
0.463,0.054,3
0.284,0.502,0
0.941,0.541,1
0.073,0.8,0
0.457,0.134,3
0.974,0.513,2
0.291,0.432,0
0.366,0.57,0
0.474,0.109,3
0.463,0.061,3
0.286,0.486,0
0.378,0.722,0
0.268,0.48,0
0.249,0.559,0
0.083,0.788,0
0.048,0.83,0
0.479,0.055,3
1.041,0.527,2
1.02,0.549,4
0.289,0.476,0
0.094,0.777,0
0.386,0.694,0
0.963,0.551,1
0.167,0.749,0
0.077,0.756,0
0.244,0.56,0
0.303,0.538,0
0.296,0.463,0
0.44,0.686,0
0.054,0.78,0
0.271,0.595,0
0.366,0.755,0
0.026,0.747,0
0.302,0.494,0
0.502,0.74,0
0.548,0.078,3
0.289,0.467,0
1.018,0.529,2
0.503,0.089,3
1.029,0.608,4
1.076,0.525,2
0.283,0.776,0
0.482,0.144,3
0.945,0.511,1
0.071,0.797,0
0.231,0.525,0
0.948,0.555,1
0.069,0.75,0
0.066,0.818,0
0.427,0.732,0
0.202,0.518,0
0.415,0.731,0
0.5,0.733,0
1.042,0.541,2
0.963,0.525,1
0.265,0.503,0
0.09,0.751,0
0.961,0.442,2
0.436,0.79,0
0.386,0.692,0
0.432,0.703,0
0.258,0.539,0
0.077,0.719,0
0.273,0.528,0
0.446,0.759,0
0.448,0.758,0
0.521,0.677,0
0.238,0.468,0
1.023,0.512,2
0.437,0.675,0
0.44,0.124,3
0.261,0.557,0
0.956,0.548,1
0.085,0.804,0
0.393,0.721,0
0.168,0.786,0
0.062,0.868,0
0.205,0.525,0
0.936,0.543,1
0.077,0.807,0
0.029,0.732,0
0.448,0.687,0
0.11,0.865,0
0.477,0.083,3
0.402,0.689,0
0.425,0.721,0
0.411,0.777,0
0.385,0.691,0
0.046,0.785,0
0.006,0.796,0
0.054,0.76,0
0.315,0.523,0
0.492,0.03,3
0.407,0.731,0
0.6,0.053,3
0.218,0.486,0
0.462,0.792,0
0.372,0.754,0
0.476,0.062,3
0.538,0.055,3
0.45,0.05,3
0.455,0.689,0
0.025,0.786,0
0.2,0.865,0
0.528,0.728,0
0.022,0.843,0
0.558,0.105,3
0.556,0.094,3
0.404,0.712,0
1.018,0.574,4
0.927,0.531,1
0.018,0.829,0
0.331,0.556,0
0.11,0.798,0
0.254,0.527,0
0.318,0.473,0
0.452,0.73,0
0.457,0.709,0
0.244,0.527,0
0.344,0.503,0
0.451,0.729,0
0.221,0.475,0
0.995,0.533,2
0.967,0.582,4
0.135,0.793,0
0.507,0.102,3
0.14,0.787,0
0.946,0.531,1
0.252,0.53,0
0.518,0.037,3
0.248,0.512,0
0.572,0.079,3
0.531,0.2,3
0.285,0.467,0
0.344,0.485,0
0.976,0.534,2
0.93,0.588,1
0.496,0.115,3
0.418,0.127,3
0.456,0.104,3
0.95,0.552,1
0.321,0.495,0
0.25,0.545,0
0.451,0.146,3
0.295,0.437,0
0.13,0.841,0
0.055,0.843,0
0.285,0.502,0
0.066,0.762,0
0.447,0.809,0
0.46,0.029,3
0.434,0.742,0
0.998,0.57,4
0.995,0.608,4
0.285,0.456,0
0.036,0.744,0
0.103,0.782,0
0.421,0.767,0
0.04,0.735,0
0.157,0.734,0
0.284,0.45,0
0.527,0.075,3
0.919,0.484,1
0.476,0.189,3
0.257,0.534,0
1.087,0.54,2
0.925,0.484,1
0.471,0.114,3
0.953,0.568,1
0.445,0.685,0
0.418,0.111,3
0.473,0.008,3
0.249,0.435,0
1.006,0.542,4
0.903,0.481,1
0.46,0.131,3
0.053,0.701,0
0.533,0.014,3
0.452,0.11,3
0.922,0.53,1
0.505,0.745,0
0.475,0.71,0
0.911,0.502,1
0.016,0.844,0
1.023,0.513,2
0.543,0.057,3
1.027,0.547,4
0.495,0.101,3
0.995,0.558,4
0.082,0.808,0
0.962,0.556,1
0.048,0.746,0
1.001,0.57,4
0.251,0.48,0
0.288,0.464,0
0.458,0.78,0
0.116,0.781,0
0.198,0.57,0
1.033,0.521,2
0.931,0.545,1
0.094,0.848,0
0.978,0.559,4
0.394,0.522,0
0.973,0.579,4
0.989,0.485,2
0.491,0.137,3
0.539,0.076,3
0.115,0.771,0
0.497,0.069,3
0.132,0.785,0
0.586,0.076,3
0.518,0.144,3
0.089,0.772,0
0.048,0.822,0
0.947,0.539,1
0.513,0.051,3
0.435,0.727,0
0.478,0.734,0
0.517,0.733,0
0.055,0.779,0
0.436,0.72,0
0.504,0.77,0
0.917,0.536,1
0.561,0.105,3
0.471,0.735,0
0.317,0.448,0
0.009,0.747,0
0.278,0.512,0
0.509,0.036,3
0.467,0.139,3
0.49,0.681,0
0.417,0.757,0
0.296,0.529,0
0.063,0.806,0
0.308,0.493,0
0.483,0.075,3
0.53,0.057,3
0.48,0.045,3
0.104,0.813,0
0.955,0.446,2
0.501,0.724,0
0.952,0.522,1
0.462,0.119,3
0.41,0.727,0
0.298,0.47,0
0.04,0.755,0
0.413,0.653,0
0.457,0.681,0
0.043,0.768,0
0.495,0.076,3
0.523,0.04,3
0.072,0.754,0
0.497,0.036,3
0.196,0.613,0
0.271,0.48,0
0.019,0.711,0
0.084,0.811,0
0.117,0.744,0
0.249,0.557,0
0.94,0.546,1
0.06,0.862,0
0.072,0.806,0
0.118,0.788,0
0.262,0.505,0
0.525,0.044,3
0.292,0.489,0
0.214,0.532,0
0.284,0.481,0
0.061,0.774,0
0.989,0.528,2
0.108,0.755,0
0.446,0.032,3
0.14,0.738,0
0.261,0.463,0
0.269,0.502,0
0.544,0.091,3
0.262,0.509,0
0.417,0.697,0
0.047,0.77,0
0.312,0.578,0
1.032,0.549,4
0.055,0.736,0
0.107,0.782,0
0.477,0.698,0
0.051,0.782,0
0.113,0.824,0
0.985,0.565,4
0.234,0.467,0
0.066,0.828,0
0.247,0.477,0
0.096,0.774,0
0.483,0.079,3
0.291,0.526,0
0.234,0.463,0
0.06,0.779,0
0.471,0.733,0
0.039,0.794,0
0.993,0.559,4
0.455,0.671,0
0.975,0.544,4
0.525,0.165,3
0.059,0.782,0
0.399,0.757,0
1.02,0.563,4
0.986,0.548,4
0.268,0.532,0
0.179,0.421,0
0.229,0.471,0
0.455,0.745,0
0.093,0.731,0
0.08,0.858,0
0.519,0.053,3
0.477,0.097,3
0.4,0.034,3
0.964,0.474,2
0.938,0.565,1
0.078,0.761,0
0.13,0.791,0
0.998,0.548,4
0.481,0.708,0
0.542,0.74,0
0.027,0.806,0
0.263,0.539,0
0.01,0.824,0
0.1,0.793,0
0.441,0.778,0
0.448,0.789,0
0.491,0.651,0
0.489,0.055,3
0.284,0.506,0
0.285,0.499,0
0.292,0.424,0
0.438,0.014,3
0.456,0.155,3
0.447,0.065,3
0.457,0.731,0
0.262,0.51,0
0.969,0.599,4
0.414,0.673,0
0.333,0.481,0
0.925,0.506,1
0.402,0.702,0
0.058,0.713,0
0.442,0.751,0
0.478,0.092,3
0.023,0.784,0
0.422,0.723,0
0.958,0.601,4
0.959,0.539,1
0.005,0.794,0
0.508,0.085,3
0.926,0.472,1
0.264,0.506,0
0.089,0.792,0
0.552,0.074,3
0.248,0.485,0
0.608,0.047,3
0.442,0.675,0
0.422,0.727,0
0.054,0.779,0
0.47,0.073,3
0.055,0.813,0
0.446,0.821,0
0.458,0.726,0
0.481,0.031,3
0.1,0.776,0
0.295,0.506,0
0.504,0.021,3
0.106,0.816,0
0.478,0.703,0
0.362,0.761,0
0.273,0.49,0
0.558,0.086,3
0.962,0.618,4
0.472,0.723,0
0.473,0.714,0
0.073,0.798,0
0.195,0.498,0
0.271,0.463,0
0.987,0.534,2
0.077,0.804,0
0.438,0.167,3
0.288,0.635,0
0.477,0.061,3
0.936,0.506,1
0.44,0.698,0
0.221,0.429,0
0.098,0.792,0
0.404,0.024,3
1.015,0.569,4
0.503,0.095,3
0.561,0.14,3
0.95,0.566,1
0.936,0.535,1
0.51,0.115,3
0.056,0.828,0
1.013,0.564,4
0.174,0.41,0
0.494,0.088,3
0.99,0.498,2
0.101,0.796,0
0.494,0.757,0
0.049,0.765,0
0.536,0.042,3
0.96,0.562,1
0.491,0.747,0
0.003,0.776,0
0.957,0.558,1
0.09,0.757,0
0.572,0.066,3
0.27,0.507,0
0.543,0.024,3
0.336,0.556,0
1.03,0.521,2
0.433,0.708,0
0.128,0.761,0
0.135,0.842,0
0.248,0.539,0
0.202,0.483,0
0.948,0.612,4
0.045,0.8,0
0.254,0.528,0
0.564,0.085,3
0.279,0.517,0
0.177,0.792,0
0.985,0.556,4
0.416,0.758,0
0.179,0.53,0
0.536,0.665,0
1.001,0.516,2
1.04,0.485,2
0.517,0.059,3
0.184,0.41,0
0.291,0.57,0
0.36,0.668,0
0.986,0.555,4
0.926,0.596,1
0.977,0.481,2
0.421,0.03,3
0.441,0.751,0
0.237,0.436,0
0.251,0.463,0
0.248,0.486,0
0.121,0.804,0
1.028,0.573,4
0.557,0.03,3
1.008,0.565,4
0.053,0.819,0
0.444,0.683,0
0.41,0.727,0
0.398,0.707,0
0.051,0.745,0
0.434,0.727,0
0.422,0.052,3
0.11,0.824,0
0.089,0.76,0
0.245,0.522,0
1.057,0.498,2
1.038,0.524,2
0.489,0.118,3
0.959,0.523,1
0.416,0.691,0
0.101,0.768,0
0.96,0.523,1
0.371,0.507,0
0.974,0.47,2
0.03,0.767,0
0.3,0.568,0
0.475,0.739,0
0.231,0.502,0
0.537,0.103,3
0.149,0.817,0
0.459,0.695,0
0.594,0.097,3
0.925,0.556,1
0.053,0.838,0
0.101,0.72,0
0.197,0.47,0
0.454,0.66,0
0.235,0.486,0
0.399,0.742,0
0.063,0.727,0
0.444,0.688,0
0.471,0.028,3
0.389,0.711,0
1.047,0.552,4
0.045,0.763,0
0.522,0.72,0
0.069,0.774,0
0.292,0.473,0
0.952,0.583,4
0.001,0.776,0
0.109,0.765,0
0.516,0.1,3
0.526,0.039,3
0.421,0.699,0
0.472,0.808,0
1.03,0.489,2
0.273,0.551,0
0.498,0.082,3
0.387,0.707,0
0.11,0.774,0
0.927,0.599,1
0.194,0.475,0
0.505,0.065,3
0.574,0.092,3
0.102,0.771,0
0.438,0.705,0
0.073,0.786,0
0.088,0.714,0
0.438,0.804,0
0.025,0.777,0
0.546,0.013,3
0.077,0.768,0
0.446,0.689,0
0.98,0.551,4
0.485,0.715,0
0.247,0.517,0
0.979,0.527,2
0.406,0.736,0
0.031,0.765,0
0.49,0.074,3
0.104,0.782,0
0.951,0.469,2
0.933,0.564,1
0.123,0.731,0
0.018,0.725,0
0.516,0.035,3
0.988,0.53,2
0.492,0.767,0
0.072,0.836,0
0.427,0.691,0
0.084,0.821,0
0.447,0.674,0
0.09,0.738,0
0.096,0.726,0
0.937,0.522,1
0.537,0.054,3
0.232,0.563,0
0.441,0.765,0
1.015,0.543,4
0.422,0.758,0
0.923,0.52,1
0.421,0.813,0
0.429,0.709,0
0.452,0.757,0
0.453,0.733,0
0.29,0.554,0
0.099,0.832,0
0.956,0.567,1
0.308,0.426,0
0.494,0.097,3
0.471,0.057,3
0.218,0.435,0
0.344,0.446,0
0.149,0.805,0
0.254,0.431,0
1.014,0.555,4
0.966,0.559,4
0.488,0.019,3
0.458,0.77,0
0.528,0.086,3
0.324,0.483,0
0.91,0.529,1
0.534,0.13,3
0.507,0.743,0
0.047,0.811,0
0.33,0.522,0
0.489,0.753,0
0.438,0.673,0
0.432,0.75,0
0.402,0.722,0
0.1,0.781,0
0.081,0.818,0
0.433,0.806,0
0.107,0.795,0
0.075,0.791,0
0.266,0.509,0
0.102,0.832,0
0.253,0.567,0
0.281,0.477,0
0.421,0.698,0
0.495,0.657,0
0.944,0.498,1
0.332,0.529,0
0.491,0.789,0
0.262,0.504,0
0.247,0.492,0
0.97,0.471,2
0.264,0.545,0
0.26,0.498,0
0.091,0.817,0
0.081,0.736,0
0.385,0.702,0
0.575,0.106,3
0.921,0.547,1
0.417,0.667,0
0.447,0.716,0
0.293,0.416,0
0.394,0.699,0
0.49,0.082,3
0.971,0.443,2
0.481,0.094,3
0.899,0.598,1
0.211,0.505,0
0.931,0.56,1
0.569,0.013,3
0.259,0.536,0
0.509,0.036,3
0.495,0.184,3
0.458,0.044,3
0.442,0.145,3
1.048,0.523,2
0.427,0.698,0
0.971,0.526,1
0.009,0.755,0
0.476,0.723,0
0.131,0.805,0
0.014,0.747,0
0.453,0.668,0
0.998,0.518,2
0.469,0.711,0
0.984,0.531,2
0.461,0.066,3
0.41,0.744,0
0.452,0.653,0
0.274,0.519,0
0.033,0.804,0
0.543,0.056,3
1.013,0.511,2
0.508,0.15,3
0.271,0.568,0
0.277,0.478,0
0.967,0.563,4
0.264,0.476,0
1,0.548,4
0.098,0.683,0
1.009,0.554,4
0.52,0.032,3
0.491,0.673,0
0.877,0.46,1
0.058,0.747,0
0.056,0.812,0
0.093,0.748,0
0.46,0.801,0
0.326,0.526,0
0.51,0.027,3
0.226,0.54,0
0.924,0.527,1
0.548,0.043,3
0.461,0.073,3
0.907,0.519,1
0.99,0.505,2
0.15,0.798,0
0.259,0.47,0
0.912,0.538,1
0.451,0.102,3
0.506,0.098,3
0.476,0.061,3
0.167,0.756,0
0.422,0.704,0
0.907,0.546,1
0.526,0.845,0
0.287,0.41,0
0.13,0.791,0
0.378,0.677,0
0.931,0.538,1
0.109,0.803,0
0.479,0.069,3
0.254,0.485,0
0.107,0.773,0
0.288,0.527,0
0.479,0.007,3
0.404,0.75,0
0.088,0.735,0
0.439,0.828,0
1.019,0.472,2
0.307,0.441,0
0.123,0.772,0
0.394,0.653,0
0.975,0.559,4
1.003,0.516,2
0.445,0.777,0
1.014,0.527,2
0.3,0.515,0
0.545,0.168,3
0.971,0.508,2
0.27,0.562,0
0.454,0.743,0
0.534,0.016,3
0.437,0.125,3
0.922,0.523,1
0.07,0.759,0
0.946,0.533,1
0.375,0.513,0
0.251,0.521,0
0.088,0.743,0
0.514,0.752,0
0.116,0.773,0
0.089,0.783,0
0.102,0.764,0
0.291,0.496,0
0.983,0.581,4
0.545,0.156,3
1.018,0.536,2
0.523,0.039,3
0.449,0.666,0
0.29,0.503,0
0.506,0.092,3
0.312,0.497,0
0.967,0.502,2
0.533,0.096,3
0.023,0.716,0
0.269,0.491,0
0.932,0.47,1
0.994,0.548,4
0.081,0.791,0
0.555,0.147,3
0.4,0.753,0
0.958,0.533,1
0.055,0.776,0
0.293,0.524,0
0.475,0.767,0
0.407,0.762,0
0.469,0.797,0
0.566,0.063,3
1.039,0.545,4
0.332,0.523,0
0.911,0.557,1
0.252,0.46,0
0.46,0.72,0
0.383,0.518,0
1.023,0.523,2
0.07,0.81,0
0.431,0.778,0
0.053,0.784,0
0.242,0.455,0
0.043,0.835,0
0.12,0.825,0
0.08,0.797,0
0.424,0.645,0
0.483,0.638,0
0.274,0.517,0
0.036,0.777,0
0.41,0.733,0
0.329,0.515,0
0.219,0.494,0
0.065,0.77,0
0.929,0.484,1
0.406,0.741,0
0.269,0.486,0
0.558,0.101,3
0.147,0.819,0
0.434,0.77,0
1.03,0.57,4
0.399,0.798,0
0.064,0.835,0
0.027,0.756,0
0.955,0.612,4
0.519,0.079,3
0.432,0.737,0
0.215,0.544,0
0.109,0.779,0
0.946,0.486,1
0.521,0.009,3
0.557,0.143,3
0.427,0.798,0
0.38,0.681,0
0.522,0.794,0
0.356,0.515,0
0.222,0.519,0
0.063,0.783,0
0.107,0.844,0
0.075,0.807,0
0.41,0.074,3
0.008,0.774,0
0.519,0.047,3
0.942,0.54,1
0.051,0.831,0
0.086,0.791,0
0.531,0.08,3
0.098,0.802,0
0.894,0.509,1
0.335,0.5,0
0.446,0.118,3
0.462,0.715,0
1.016,0.547,4
1.014,0.546,4
0.295,0.53,0
0.484,0.051,3
0.283,0.518,0
0.466,0.68,0
0.045,0.791,0
0.055,0.787,0
0.433,0.775,0
0.472,0.082,3
0.458,0.049,3
0.361,0.789,0
0.948,0.521,1
0.967,0.482,2
0.235,0.514,0
0.087,0.753,0
1.016,0.444,2
0.047,0.703,0
0.968,0.489,2
0.527,0.092,3
0.583,0.006,3
0.452,0.745,0
0.407,0.694,0
1.038,0.554,4
0.17,0.78,0
0.201,0.52,0
0.377,0.717,0
0.967,0.604,4
0.573,0.096,3
0.446,0.033,3
0.915,0.54,1
0.041,0.731,0
0.106,0.78,0
0.099,0.72,0
0.452,0.725,0
0.93,0.506,1
0.274,0.547,0
0.045,0.781,0
0.256,0.444,0
0.442,0.021,3
0.385,0.684,0
0.502,0.014,3
0.102,0.743,0
0.121,0.819,0
0.45,0.757,0
0.227,0.456,0
0.969,0.542,1
0.053,0.768,0
0.544,0.052,3
0.502,0.109,3
0.1,0.785,0
0.944,0.533,1
0.546,0.07,3
0.387,0.703,0
0.214,0.477,0
0.026,0.782,0
0.279,0.507,0
0.032,0.753,0
0.461,0.079,3
0.463,0.728,0
0.325,0.528,0
0.075,0.82,0
0.038,0.709,0
0.24,0.473,0
0.304,0.482,0
0.261,0.478,0
0.434,0.785,0
0.362,0.762,0
0.553,0.064,3
0.504,0.137,3
0.31,0.516,0
0.091,0.759,0
0.082,0.819,0
0.518,0.141,3
0.063,0.766,0
0.093,0.82,0
0.409,0.739,0
0.381,0.782,0
0.42,0.074,3
0.066,0.768,0
0.962,0.5,2
0.973,0.599,4
0.548,0.084,3
0.404,0.085,3
0.059,0.797,0
0.468,0.753,0
0.485,0.113,3
0.555,0.09,3
0.396,0.7,0
0.478,0.034,3
0.317,0.501,0
0.433,0.063,3
0.068,0.788,0
0.066,0.825,0
0.168,0.555,0
0.49,0.674,0
0.404,0.699,0
0.135,0.785,0
0.304,0.448,0
0.287,0.479,0
1.01,0.44,2
0.248,0.458,0
0.433,0.706,0
0.289,0.541,0
0.065,0.726,0
0.475,0.071,3
0.155,0.805,0
0.261,0.58,0
0.986,0.439,2
0.291,0.523,0
0.175,0.751,0
0.472,0.104,3
0.445,0.714,0
0.28,0.473,0
0.537,0.065,3
0.862,0.536,1
0.061,0.8,0
0.477,0.127,3
0.405,0.71,0
0.095,0.797,0
0.194,0.492,0
0.5,0.099,3
0.25,0.505,0
0.279,0.496,0
0.991,0.579,4
0.254,0.512,0
0.044,0.803,0
0.548,0.086,3
0.493,0.113,3
0.452,0.701,0
0.086,0.766,0
0.095,0.815,0
0.495,0.773,0
0.427,0.715,0
0.279,0.535,0
1.006,0.563,4
0.122,0.807,0
0.216,0.502,0
0.978,0.527,2
0.085,0.819,0
0.925,0.488,1
0.565,0.05,3
0.474,0.011,3
0.414,0.662,0
0.254,0.504,0
0.396,0.751,0
0.048,0.794,0
1.014,0.535,2
1.019,0.613,4
0.411,0.754,0
0.224,0.497,0
0.423,0.805,0
0.956,0.574,4
0.078,0.795,0
0.592,0.041,3
0.279,0.466,0
0.925,0.464,1
0.035,0.811,0
0.495,0.033,3
0.122,0.82,0
0.472,0.661,0
0.14,0.736,0
0.974,0.634,4
0.038,0.71,0
0.499,0.103,3
0.425,0.728,0
0.516,0.079,3
0.943,0.534,1
0.449,0.114,3
0.928,0.522,1
0.257,0.489,0
0.983,0.501,2
1.043,0.561,4
0.494,0.038,3
0.468,0.112,3
0.884,0.504,1
0.981,0.511,2
1.011,0.517,2
0.046,0.719,0
0.075,0.808,0
0.06,0.758,0
0.279,0.496,0
0.531,0.089,3
0.286,0.538,0
0.121,0.711,0
0.079,0.731,0
0.968,0.511,2
0.482,0.728,0
0.08,0.791,0
0.484,0.069,3
0.07,0.706,0
0.469,0.053,3
0.916,0.533,1
0.328,0.538,0
0.044,0.786,0
0.078,0.768,0
0.249,0.502,0
0.505,0.002,3
0.313,0.418,0
1.025,0.55,4
0.259,0.44,0
0.412,0.736,0
0.118,0.763,0
0.208,0.521,0
0.27,0.454,0
0.33,0.769,0
0.449,0.74,0
0.459,0.675,0
1.003,0.543,4
0.192,0.789,0
0.461,0.718,0
0.032,0.717,0
1.032,0.543,4
0.286,0.44,0
0.998,0.559,4
0.492,0.674,0
0.488,0.688,0
0.068,0.841,0
0.241,0.513,0
0.445,0.745,0
0.527,0.139,3
0.486,0.123,3
0.033,0.754,0
0.321,0.528,0
0.323,0.518,0
0.919,0.613,1
0.968,0.47,2
0.898,0.518,1
0.495,0.119,3
1.011,0.59,4
0.369,0.699,0
0.416,0.721,0
0.035,0.835,0
0.505,0.103,3
0.946,0.581,1
0.912,0.548,1
0.466,0.658,0
0.41,0.062,3
0.501,0.013,3
0.443,0.716,0
0.443,0.711,0
0.279,0.497,0
0.385,0.769,0
0.299,0.496,0
0.459,0.709,0
0.117,0.781,0
0.304,0.434,0
0.941,0.598,4
0.455,0.071,3
0.433,0.72,0
0.085,0.798,0
0.275,0.445,0
0.21,0.503,0
0.222,0.469,0
0.219,0.535,0
0.495,0.762,0
1.01,0.468,2
0.097,0.8,0
0.969,0.454,2
0.509,0.13,3
0.111,0.807,0
0.354,0.711,0
0.465,0.772,0
0.067,0.77,0
0.548,0.102,3
0.333,0.515,0
0.217,0.494,0
0.264,0.572,0
0.512,0.695,0
0.449,0.718,0
0.056,0.714,0
0.402,0.736,0
0.917,0.509,1
0.986,0.46,2
0.054,0.805,0
0.555,0.003,3
1.002,0.564,4
0.069,0.798,0
0.083,0.732,0
0.455,0.736,0
0.145,0.766,0
0.27,0.487,0
1.032,0.516,2
0.271,0.466,0
0.475,0.142,3
0.525,0.678,0
0.095,0.747,0
0.459,0.07,3
0.518,0.039,3
0.064,0.75,0
0.08,0.818,0
0.216,0.577,0
0.392,0.778,0
0.013,0.83,0
0.549,0.075,3
0.277,0.47,0
0.467,0.726,0
0.422,0.753,0
0.263,0.539,0
0.37,0.7,0
0.047,0.735,0
0.222,0.484,0
0.445,0.713,0
0.911,0.521,1
0.32,0.676,0
0.953,0.57,1
0.987,0.535,2
0.461,0.035,3
0.959,0.566,4
0.474,0.687,0
0.528,0.1,3
0.534,0.716,0
0.951,0.548,1
0.308,0.497,0
1.008,0.572,4
0.461,0.716,0
0.062,0.718,0
0.361,0.487,0
1,0.545,4
1.051,0.575,4
0.053,0.833,0
0.503,0.014,3
0.577,0.043,3
0.439,0.678,0
0.266,0.494,0
0.109,0.796,0
0.983,0.478,2
0.286,0.47,0
0.058,0.809,0
0.313,0.5,0
0.058,0.753,0
0.135,0.759,0
0.417,0.691,0
0.046,0.774,0
0.264,0.518,0
0.529,0.039,3
0.519,0.082,3
0.25,0.475,0
0.285,0.479,0
0.052,0.799,0
0.071,0.761,0
1.007,0.585,4
0.103,0.891,0
0.31,0.529,0
0.063,0.79,0
0.394,0.073,3
0.494,0.125,3
0.504,0.082,3
0.484,0.012,3
0.225,0.518,0
0.137,0.722,0
0.987,0.552,4
0.295,0.485,0
0.29,0.484,0
0.944,0.548,1
0.45,0.081,3
0.236,0.501,0
0.937,0.541,1
0.944,0.59,4
0.285,0.532,0
0.969,0.611,4
0.245,0.533,0
0.182,0.771,0
0.983,0.541,4
0.307,0.543,0
0.93,0.563,1
0.377,0.713,0
0.491,0.037,3
0.472,0.67,0
1.007,0.442,2
0.493,0.739,0
0.426,0.668,0
0.248,0.523,0
0.406,0.791,0
0.066,0.707,0
0.477,0.065,3
0.172,0.756,0
0.085,0.834,0
0.062,0.748,0
0.035,0.767,0
0.171,0.736,0
0.498,0.711,0
0.48,0.649,0
0.984,0.505,2
0.42,0.728,0
0.391,0.732,0
1.002,0.603,4
0.221,0.514,0
0.589,0.1,3
0.422,0.696,0
0.962,0.518,1
0.161,0.443,0
0.435,0.716,0
0.114,0.864,0
0.36,0.512,0
0.965,0.466,2
0.425,0.687,0
0.26,0.514,0
0.269,0.551,0
0.105,0.689,0
0.507,0.113,3
0.243,0.509,0
0.323,0.418,0
0.277,0.529,0
0.381,0.698,0
0.559,0.021,3
0.291,0.482,0
0.4,0.05,3
0.413,0.789,0
0.525,0.026,3
1.022,0.553,4
0.451,0.771,0
0.968,0.521,1
0.513,0.025,3
0.43,0.742,0
0.119,0.795,0
0.091,0.717,0
0.982,0.564,4
0.514,0.044,3
0.206,0.539,0
0.467,0.702,0
0.518,0.108,3
1.037,0.514,2
0.963,0.52,1
0.406,0.686,0
0.433,0.767,0
0.51,0.716,0
0.499,0.034,3
0.259,0.507,0
1.029,0.495,2
0.507,0.005,3
0.994,0.584,4
0.399,0.711,0
0.199,0.495,0
0.946,0.586,4
0.555,0.041,3
0.042,0.785,0
0.488,0.754,0
0.296,0.511,0
0.082,0.74,0
0.346,0.567,0
0.425,0.054,3
0.251,0.582,0
0.508,0.829,0
1.015,0.56,4
0.926,0.531,1
0.091,0.823,0
0.53,0.068,3
0.336,0.432,0
0.485,0.743,0
1.018,0.585,4
0.112,0.733,0
0.067,0.789,0
0.329,0.434,0
0.458,0.077,3
0.523,0.056,3
0.06,0.786,0
0.443,0.673,0
0.502,0.009,3
0.29,0.516,0
0.28,0.541,0
0.448,0.066,3
0.5,0.04,3
0.263,0.497,0
0.278,0.518,0
0.33,0.505,0
0.1,0.708,0
0.524,0.062,3
0.47,0.75,0
0.513,0.138,3
0.551,0.059,3
0.082,0.749,0
0.328,0.572,0
0.27,0.452,0
0.286,0.399,0
1.059,0.541,2
0.037,0.755,0
0.081,0.743,0
0.225,0.506,0
0.297,0.469,0
0.125,0.875,0
0.467,0.723,0
0.241,0.524,0
0.54,0.097,3
0.454,0.753,0
0.477,0.02,3
0.446,0.093,3
0.279,0.542,0
0.54,0.111,3
0.306,0.537,0
0.106,0.782,0
0.477,0.131,3
0.015,0.681,0
0.352,0.472,0
0.411,0.784,0
0.464,0.716,0
0.457,0.708,0
0.478,0.132,3
0.338,0.498,0
0.388,0.707,0
0.428,0.645,0
0.947,0.533,1
0.286,0.477,0
0.223,0.471,0
0.052,0.723,0
0.215,0.473,0
0.49,0.023,3
0.472,0.763,0
0.477,0.083,3
0.305,0.573,0
0.328,0.494,0
0.445,0.763,0
0.269,0.541,0
0.454,0.799,0
1.02,0.581,4
0.116,0.709,0
0.247,0.494,0
1.032,0.499,2
1.001,0.523,2
0.97,0.514,2
0.948,0.588,4
0.389,0.725,0
0.433,0.721,0
0.214,0.493,0
0.104,0.753,0
0.06,0.81,0
0.527,0.109,3
0.02,0.822,0
0.47,0.081,3
0.546,0.074,3
0.043,0.757,0
0.493,0.671,0
0.513,0.087,3
0.525,0.117,3
1.012,0.574,4
0.219,0.456,0
0.009,0.844,0
0.277,0.509,0
0.376,0.772,0
0.242,0.494,0
0.229,0.486,0
0.249,0.477,0
0.535,0.02,3
0.441,0.673,0
0.564,0.06,3
0.477,0.755,0
0.127,0.773,0
0.965,0.621,4
0.972,0.531,1
0.874,0.517,1
0.922,0.527,1
0.126,0.769,0
0.218,0.478,0
0.9,0.603,1
0.274,0.515,0
0.274,0.515,0
0.36,0.718,0
0.075,0.733,0
0.537,0.069,3
0.256,0.551,0
0.417,0.727,0
0.462,0.06,3
0.913,0.534,1
0.474,0.753,0
0.87,0.542,1
0.462,0.061,3
0.962,0.519,1
0.993,0.546,4
0.074,0.788,0
0.259,0.479,0
0.302,0.488,0
0.445,0.039,3
0.331,0.515,0
0.533,0.114,3
0.979,0.558,4
0.264,0.45,0
1.051,0.55,4
0.935,0.553,1
0.563,0.1,3
0.464,0.045,3
0.02,0.788,0
0.345,0.509,0
0.477,0.058,3
0.446,0.634,0
0.522,0.775,0
0.397,0.626,0
0.511,0.133,3
0.431,0.092,3
0.165,0.732,0
0.528,0.059,3
0.317,0.49,0
0.044,0.777,0
0.993,0.525,2
0.241,0.478,0
0.484,0.713,0
0.077,0.864,0
0.339,0.546,0
0.512,0.079,3
0.227,0.552,0
0.981,0.522,2
0.386,0.761,0
1.011,0.606,4
0.385,0.731,0
0.46,0.719,0
0.955,0.601,4
0.437,0.735,0
0.44,0.708,0
0.251,0.528,0
0.285,0.563,0
0.988,0.539,4
0.34,0.739,0
0.277,0.48,0
0.421,0.717,0
0.218,0.435,0
0.521,0.02,3
0.071,0.759,0
0.448,0.078,3
0.977,0.516,2
0.244,0.525,0
0.079,0.824,0
0.306,0.52,0
0.314,0.455,0
0.447,0.671,0
0.541,0.061,3
0.146,0.74,0
0.387,0.761,0
0.395,0.727,0
0.277,0.484,0
0.032,0.804,0
0.431,0.616,0
0.457,0.674,0
0.343,0.517,0
0.517,0.108,3
0.429,0.055,3
0.956,0.545,1
0.937,0.576,1
0.274,0.498,0
0.537,0.052,3
1.021,0.545,4
0.918,0.589,1
0.096,0.719,0
0.442,0.72,0
0.052,0.741,0
0.481,0.123,3
0.039,0.798,0
0.386,0.714,0
0.444,0.025,3
0.487,0.031,3
0.529,0.004,3
0.994,0.451,2
0.011,0.751,0
0.016,0.794,0
0.994,0.572,4
0.285,0.511,0
0.059,0.806,0
0.482,0.047,3
0.313,0.553,0
0.945,0.494,1
0.553,0.085,3
0.45,0.037,3
0.512,0.106,3
0.998,0.421,2
0.107,0.709,0
0.053,0.845,0
0.223,0.44,0
0.913,0.553,1
0.187,0.428,0
0.107,0.749,0
0.455,0.698,0
0.469,0.15,3
0.24,0.442,0
0.092,0.85,0
0.939,0.588,1
0.374,0.74,0
0.514,0.152,3
0.463,0.702,0
0.435,0.717,0
0.425,0.676,0
0.469,0.684,0
0.96,0.557,1
1.053,0.515,2
0.26,0.437,0
0.485,0.722,0
0.474,0.715,0
0.964,0.599,4
0.081,0.842,0
0.211,0.527,0
0.409,0.762,0
0.427,0.761,0
0.077,0.814,0
0.499,0.742,0
0.123,0.721,0
0.344,0.42,0
0.97,0.518,2
0.517,0.094,3
0.989,0.47,2
0.954,0.537,1
0.053,0.741,0
0.272,0.43,0
0.995,0.502,2
1.065,0.491,2
0.952,0.613,4
0.427,0.743,0
0.41,0.744,0
0.463,0.674,0
0.489,0.07,3
0.055,0.741,0
0.5,0.042,3
0.344,0.709,0
1.031,0.539,2
0.462,0.092,3
0.597,0.019,3
0.235,0.573,0
0.45,0.772,0
1.003,0.504,2
0.247,0.495,0
0.468,0.112,3
0.417,0.751,0
0.172,0.856,0
0.918,0.522,1
0.462,0.772,0
0.521,0.095,3
0.137,0.75,0
0.102,0.758,0
0.944,0.555,1
0.966,0.55,1
1.073,0.551,4
0.396,0.728,0
0.087,0.783,0
0.461,0.726,0
0.322,0.487,0
0.016,0.842,0
0.455,0.777,0
0.946,0.582,1
0.047,0.827,0
0.239,0.485,0
0.489,0.763,0
0.261,0.49,0
0.213,0.441,0
0.446,0.767,0
0.433,0.736,0
0.121,0.784,0
1.072,0.513,2
0.216,0.524,0
0.567,0.102,3
0.26,0.479,0
0.568,0.069,3
0.098,0.828,0
0.311,0.567,0
0.498,0.64,0
0.536,0.024,3
1.007,0.524,2
0.506,0.087,3
0.421,0.752,0
0.992,0.587,4
0.033,0.716,0
0.037,0.726,0
0.493,0.084,3
1.04,0.539,2
0.471,0.062,3
0.343,0.504,0
0.458,0.043,3
0.967,0.48,2
0.483,0.071,3
0.962,0.555,1
0.059,0.787,0
0.955,0.557,1
0.435,0.74,0
0.993,0.451,2
0.448,0.073,3
0.972,0.579,4
0.369,0.664,0
0.207,0.462,0
0.273,0.541,0
0.121,0.763,0
0.523,0.054,3
0.436,0.114,3
0.952,0.54,1
0.449,0.062,3
0.975,0.539,1
0.509,0.09,3
1.048,0.516,2
0.411,0.73,0
0.284,0.454,0
0.965,0.588,4
0.463,0.799,0
0.113,0.736,0
0.023,0.74,0
0.32,0.569,0
0.12,0.807,0
0.279,0.506,0
0.259,0.44,0
0.468,0.63,0
1,0.536,2
0.975,0.569,4
1.051,0.547,4
0.243,0.484,0
1.063,0.534,2
1.043,0.575,4
0.129,0.782,0
0.553,0.032,3
0.973,0.55,4
0.297,0.517,0
0.288,0.539,0
0.099,0.802,0
0.973,0.494,2
0.49,0.722,0
0.316,0.432,0
0.425,0.739,0
0.113,0.726,0
0.259,0.47,0
0.967,0.52,1
0.456,0.65,0
0.304,0.526,0
0.421,0.747,0
0.45,0.06,3
0.465,0.059,3
0.262,0.548,0
0.921,0.497,1
1.006,0.509,2
0.278,0.537,0
0.535,0.775,0
0.24,0.501,0
0.457,0.666,0
0.079,0.765,0
1.025,0.553,4
0.491,0.133,3
0.485,0.718,0
0.475,0.722,0
0.485,0.146,3
0.504,0.082,3
0.502,0.682,0
0.273,0.517,0
0.41,0.755,0
0.307,0.479,0
0.416,0.743,0
0.453,0.658,0
0.487,0.069,3
0.459,0.787,0
0.236,0.466,0
0.98,0.586,4
0.53,0.079,3
0.973,0.595,4
1.028,0.497,2
0.461,0.756,0
0.026,0.822,0
0.028,0.801,0
0.436,0.787,0
0.557,0.754,0
0.076,0.79,0
0.46,0.729,0
0.503,0.062,3
1.043,0.579,4
1.065,0.447,2
0.473,0.109,3
0.997,0.561,4
0.089,0.772,0
0.992,0.511,2
0.407,0.667,0
0.519,0.055,3
0.268,0.551,0
0.07,0.847,0
1.032,0.507,2
0.986,0.554,4
0.005,0.734,0
0.55,0.098,3
0.174,0.781,0
0.426,0.666,0
0.217,0.469,0
0.087,0.798,0
0.341,0.507,0
0.324,0.485,0
0.214,0.433,0
0.991,0.538,2
0.23,0.514,0
0.5,0.103,3
0.081,0.747,0
0.273,0.514,0
0.272,0.495,0
0.955,0.556,1
0.042,0.78,0
0.935,0.498,1
0.458,0.723,0
0.437,0.728,0
0.493,0.03,3
0.477,0.76,0
0.965,0.647,4
0.306,0.529,0
0.446,0.654,0
1.035,0.419,2
0.237,0.454,0
0.503,0.073,3
0.532,0.044,3
0.022,0.751,0
0.125,0.785,0
1.026,0.661,4
0.215,0.463,0
0.911,0.525,1
0.978,0.637,4
0.503,0.743,0
0.511,0.782,0
0.527,0.034,3
0.416,0.68,0
0.961,0.548,1
0.218,0.553,0
0.031,0.779,0
0.478,0.029,3
0.037,0.828,0
0.586,0.085,3
0.294,0.516,0
0.09,0.669,0
0.244,0.505,0
0.479,0.121,3
0.069,0.847,0
0.454,0.747,0
0.393,0.663,0
0.054,0.826,0
0.092,0.8,0
0.946,0.631,4
0.211,0.504,0
0.032,0.802,0
0.938,0.508,1
0.978,0.432,2
0.547,0.032,3
0.306,0.497,0
0.499,0.076,3
0.448,0.739,0
0.052,0.738,0
0.511,0.085,3
0.437,0.05,3
0.282,0.501,0
0.421,0.772,0
0.366,0.446,0
0.12,0.813,0
0.968,0.567,4
0.032,0.841,0
0.273,0.529,0
0.125,0.76,0
0.914,0.572,1
0.501,0.08,3
0.087,0.838,0
0.094,0.794,0
0.109,0.811,0
0.068,0.79,0
0.251,0.512,0
0.264,0.526,0
0.106,0.742,0
0.281,0.473,0
0.98,0.58,4
0.439,0.666,0
0.526,0.123,3
0.521,0.091,3
0.043,0.727,0
0.987,0.47,2
0.933,0.569,1
0.478,0.632,0
0.253,0.519,0
1.019,0.499,2
0.323,0.451,0
0.538,0.13,3
0.919,0.52,1
0.978,0.557,4
0.056,0.817,0
0.574,0.053,3
0.529,0.006,3
1.02,0.515,2
0.575,0.164,3
0.222,0.529,0
0.954,0.436,2
0.535,0.043,3
0.471,0.683,0
0.965,0.557,4
0.047,0.748,0
0.119,0.75,0
0.417,0.692,0
0.52,0.758,0
0.035,0.797,0
0.966,0.603,4
0.457,0.688,0
0.083,0.759,0
0.441,0.679,0
0.964,0.521,1
0.559,0.05,3
0.042,0.785,0
0.875,0.567,1
0.32,0.521,0
0.502,0.729,0
1.038,0.507,2
0.321,0.508,0
0.425,0.699,0
0.278,0.454,0
0.097,0.789,0
0.078,0.807,0
0.447,0.157,3
0.507,0.791,0
0.521,0.052,3
0.119,0.828,0
0.545,0.716,0
0.069,0.775,0
0.042,0.755,0
0.945,0.519,1
0.241,0.583,0
0.277,0.421,0
0.44,0.677,0
0.458,0.728,0
0.334,0.507,0
0.116,0.761,0
0.494,0.821,0
0.471,0.008,3
0.968,0.513,2
0.486,0.084,3
0.988,0.552,4
0.472,0.692,0
0.028,0.716,0
0.321,0.569,0
0.253,0.487,0
0.509,0.114,3
0.107,0.734,0
0.395,0.719,0
1.018,0.526,2
0.432,0.639,0
0.974,0.561,4
0.072,0.738,0
0.486,0.691,0
0.995,0.607,4
0.5,0.109,3
0.586,0.048,3
0.456,0.763,0
0.23,0.514,0
0.46,0.03,3
0.43,0.77,0
1.003,0.515,2
0.447,0.716,0
0.378,0.798,0
0.27,0.61,0
0.443,0.681,0
0.055,0.82,0
0.094,0.856,0
0.064,0.739,0
0.106,0.808,0
0.324,0.406,0
0.368,0.725,0
0.995,0.572,4
0.153,0.486,0
0.496,0.032,3
0.324,0.476,0
0.428,0.141,3
0.467,0.703,0
0.238,0.551,0
0.302,0.507,0
0.293,0.509,0
1.052,0.549,4
0.033,0.792,0
1.054,0.554,4
0.045,0.803,0
0.46,0.089,3
0.472,0.047,3
0.346,0.728,0
0.022,0.777,0
0.953,0.504,1
0.075,0.826,0
1,0.527,2
1.009,0.506,2
0.493,0.728,0
0.887,0.582,1
0.249,0.497,0
0.503,0.079,3
0.417,0.739,0
0.245,0.423,0
0.957,0.449,2
0.323,0.534,0
0.012,0.811,0
0.953,0.511,1
0.448,0.746,0
0.457,0.628,0
0.058,0.784,0
0.248,0.427,0
0.15,0.871,0
0.461,0.715,0
0.29,0.516,0
0.052,0.734,0
0.097,0.753,0
0.929,0.493,1
0.095,0.815,0
0.441,0.703,0
0.925,0.62,4
0.479,0.791,0
0.467,0.675,0
0.231,0.563,0
0.504,0.036,3
0.396,0.74,0
0.2,0.471,0
0.009,0.745,0
0.297,0.452,0
0.435,0.081,3
0.457,0.784,0
0.515,0.024,3
0.1,0.867,0
0.923,0.555,1
0.069,0.824,0
0.907,0.494,1
0.477,0.677,0
0.491,0.644,0
0.446,0.115,3
0.97,0.543,1
0.297,0.532,0
0.514,0.743,0
0.023,0.767,0
0.207,0.468,0
0.506,0.093,3
0.978,0.519,2
0.976,0.546,4
0.4,0.072,3
0.462,0.083,3
0.071,0.796,0
0.047,0.804,0
0.253,0.458,0
0.029,0.778,0
0.973,0.564,4
0.938,0.467,1
0.544,0.138,3
0.515,0.023,3
0.33,0.55,0
0.278,0.496,0
0.513,0.066,3
0.485,0.686,0
0.394,0.708,0
0.522,0.037,3
0.295,0.526,0
0.192,0.483,0
0.442,0.713,0
0.522,0.065,3
0.908,0.493,1
0.476,0.127,3
0.467,0.719,0
0.426,0.71,0
0.208,0.423,0
0.522,0.057,3
0.488,0.69,0
0.116,0.715,0
0.492,0.754,0
0.427,0.715,0
0.372,0.713,0
0.506,0.118,3
0.432,0.726,0
0.431,0.646,0
0.018,0.807,0
1.015,0.503,2
0.489,0.044,3
0.373,0.753,0
1.022,0.528,2
0.034,0.74,0
0.523,0.038,3
0.99,0.611,4
0.531,0.053,3
0.256,0.528,0
0.092,0.803,0
0.217,0.54,0
1.015,0.531,2
0.107,0.725,0
0.538,0.111,3
0.05,0.76,0
0.478,0.73,0
0.466,0.016,3
0.043,0.748,0
1.016,0.507,2
1.009,0.544,4
0.217,0.586,0
0.541,0.02,3
0.469,0.639,0
0.217,0.522,0
1.068,0.569,4
0.068,0.738,0
0.085,0.839,0
0.323,0.459,0
0.064,0.788,0
0.963,0.458,2
0.589,0.679,0
0.528,0.071,3
0.978,0.611,4
0.92,0.545,1
0.973,0.501,2
0.243,0.54,0
0.375,0.681,0
0.441,0.687,0
0.465,0.701,0
0.5,0.666,0
0.516,0.057,3
0.412,0.744,0
0.076,0.728,0
0.979,0.497,2
0.439,0.778,0
0.452,0.743,0
0.151,0.5,0
0.521,0.116,3
0.106,0.803,0
0.083,0.832,0
0.599,0.035,3
1.031,0.505,2
1.014,0.559,4
0.966,0.518,1
0.99,0.574,4
0.286,0.457,0
0.279,0.518,0
0.054,0.734,0
0.519,0.72,0
0.954,0.554,1
0.263,0.458,0
0.095,0.794,0
0.016,0.802,0
0.972,0.54,1
0.539,0.1,3
0.538,0.082,3
0.283,0.457,0
0.455,0.703,0
0.509,0.688,0
0.491,0.068,3
0.937,0.588,1
0.499,0.718,0
0.298,0.579,0
0.472,0.75,0
0.193,0.453,0
0.074,0.769,0
0.098,0.79,0
0.001,0.749,0
0.02,0.764,0
0.132,0.822,0
0.016,0.823,0
0.515,0.057,3
0.999,0.529,2
0.272,0.471,0
0.985,0.53,2
0.196,0.506,0
0.391,0.763,0
0.952,0.499,1
0.482,0.017,3
0.393,0.736,0
0.278,0.508,0
0.489,0.742,0
1.044,0.511,2
0.215,0.528,0
0.954,0.602,4
0.223,0.535,0
0.451,0.732,0
0.541,0.11,3
0.227,0.49,0
0.064,0.836,0
0.517,0.056,3
0.485,0.751,0
0.333,0.504,0
0.084,0.792,0
0.028,0.803,0
0.256,0.544,0
0.304,0.534,0
0.008,0.736,0
0.45,0.683,0
0.924,0.532,1
0.248,0.517,0
0.419,0.716,0
0.386,0.712,0
0.539,0.077,3
0.441,0.671,0
0.454,0.787,0
0.271,0.429,0
0.012,0.785,0
1.045,0.514,2
0.393,0.69,0
0.394,0.719,0
1.012,0.541,4
0.253,0.47,0
0.246,0.466,0
0.419,0.738,0
0.059,0.744,0
0.092,0.774,0
1.028,0.536,2
0.037,0.772,0
0.544,0.014,3
0.303,0.469,0
0.214,0.511,0
0.225,0.484,0
0.461,0.021,3
0.954,0.473,2
0.486,0.104,3
0.1,0.771,0
0.945,0.549,1
0.984,0.508,2
0.089,0.787,0
0.987,0.564,4
0.441,0.115,3
0.512,0.124,3
0.042,0.792,0
0.396,0.687,0
0.273,0.509,0
0.388,0.735,0
0.433,0.681,0
0.409,0.765,0
0.447,0.73,0
0.032,0.697,0
0.289,0.506,0
0.11,0.755,0
0.961,0.563,4
0.419,0.705,0
0.551,0.059,3
1.022,0.562,4
0.978,0.634,4
0.988,0.534,2
0.262,0.525,0
0.963,0.585,4
0.499,0.061,3
0.485,0.012,3
0.033,0.711,0
0.291,0.466,0
0.281,0.62,0
0.994,0.504,2
0.019,0.798,0
0.259,0.628,0
0.276,0.544,0
0.281,0.532,0
0.072,0.858,0
0.288,0.475,0
0.101,0.764,0
0.417,0.767,0
0.215,0.502,0
0.979,0.535,2
0.24,0.469,0
0.475,0.732,0
0.236,0.468,0
0.091,0.778,0
0.992,0.5,2
0.278,0.471,0
0.958,0.515,1
0.093,0.838,0
0.153,0.732,0
1.02,0.597,4
0.096,0.797,0
0.068,0.788,0
0.288,0.534,0
0.112,0.773,0
0.036,0.775,0
0.086,0.772,0
0.468,0.115,3
0.147,0.703,0
0.975,0.565,4
0.515,0.094,3
0.575,0.108,3
0.074,0.773,0
0.112,0.796,0
0.013,0.792,0
0.108,0.816,0
0.301,0.503,0
0.488,0.107,3
0.979,0.499,2
0.096,0.837,0
0.925,0.601,1
0.994,0.526,2
0.161,0.799,0
0.456,0.077,3
0.198,0.541,0
0.437,0.715,0
0.276,0.459,0
0.231,0.475,0
0.247,0.417,0
0.999,0.526,2
1.01,0.546,4
0.119,0.804,0
0.123,0.705,0
0.461,0.716,0
0.501,0.052,3
0.546,0.031,3
0.517,0.095,3
0.622,0.081,3
0.461,0.753,0
1.027,0.577,4
0.586,0.073,3
0.287,0.512,0
0.08,0.748,0
0.505,0.064,3
0.487,0.074,3
1.029,0.525,2
0.365,0.745,0
0.269,0.48,0
0.058,0.846,0
0.539,0.115,3
0.541,0.077,3
0.273,0.447,0
0.446,0.036,3
0.938,0.586,1
0.38,0.696,0
0.931,0.564,1
0.524,0.041,3
0.414,0.699,0
0.244,0.539,0
0.113,0.764,0
0.469,0.1,3
0.02,0.781,0
0.249,0.526,0
0.402,0.752,0
0.506,0.122,3
0.975,0.577,4
0.928,0.579,1
0.518,0.035,3
0.534,0.146,3
0.473,0.037,3
0.245,0.503,0
0.1,0.764,0
0.327,0.458,0
0.055,0.774,0
0.439,0.73,0
0.591,0.073,3
0.408,0.745,0
0.475,0.06,3
0.99,0.62,4
1.011,0.48,2
0.59,0.034,3
0.971,0.532,1
0.013,0.812,0
0.393,0.719,0
0.478,0.127,3
0.521,0.045,3
0.289,0.509,0
0.267,0.515,0
0.48,0.709,0
0.471,0.751,0
0.968,0.547,1
0.053,0.789,0
0.477,0.769,0
0.514,0.05,3
0.288,0.489,0
0.573,0.018,3
0.475,0.771,0
0.935,0.508,1
0.506,0.111,3
0.315,0.558,0
0.475,0.702,0
0.121,0.7,0
0.075,0.735,0
0.298,0.462,0
0.048,0.74,0
0.288,0.501,0
0.984,0.517,2
0.51,0.062,3
0.294,0.5,0
0.069,0.752,0
0.052,0.737,0
0.437,0.751,0
0.273,0.514,0
0.297,0.598,0
0.193,0.45,0
0.41,0.767,0
0.09,0.73,0
1.033,0.561,4
0.495,0.038,3
0.922,0.485,1
0.487,0.026,3
1.02,0.559,4
0.099,0.816,0
0.997,0.605,4
0.339,0.483,0
0.205,0.371,0
0.09,0.771,0
0.105,0.801,0
0.475,0.782,0
0.985,0.512,2
0.453,0.674,0
1.014,0.482,2
0.251,0.499,0
0.271,0.521,0
1.007,0.479,2
0.453,0.051,3
0.034,0.74,0
0.427,0.794,0
0.076,0.85,0
0.439,0.736,0
0.26,0.488,0
0.462,0.058,3
0.426,0.72,0
0.497,0.134,3
0.208,0.484,0
0.251,0.531,0
0.12,0.745,0
0.44,0.03,3
0.937,0.565,1
0.254,0.5,0
0.578,0.068,3
0.445,0.774,0
0.113,0.841,0
0.975,0.592,4
0.017,0.776,0
0.212,0.529,0
0.931,0.574,1
0.484,0.053,3
0.411,0.658,0
0.271,0.42,0
0.37,0.711,0
0.038,0.822,0
0.418,0.743,0
0.98,0.591,4
0.429,0.743,0
0.27,0.532,0
0.268,0.454,0
0.013,0.843,0
0.328,0.482,0
0.418,0.728,0
0.282,0.504,0
0.066,0.795,0
0.49,0.751,0
0.262,0.492,0
0.264,0.41,0
0.108,0.797,0
0.418,0.762,0
0.034,0.737,0
0.961,0.647,4
0.082,0.772,0
0.283,0.508,0
0.444,0.74,0
0.08,0.76,0
0.508,0.125,3
1.016,0.494,2
0.502,0.738,0
1.007,0.539,2
0.514,0.099,3
1.013,0.5,2
0.444,0.055,3
0.54,0.091,3
1,0.595,4
0.532,0.091,3
0.245,0.495,0
0.502,0.1,3
0.336,0.676,0
0.069,0.754,0
1.003,0.529,2
0.448,0.601,0
0.307,0.549,0
0.468,0.818,0
0.111,0.736,0
0.941,0.543,1
0.476,0.683,0
0.364,0.716,0
0.521,0.751,0
0.405,0.719,0
0.988,0.547,4
0.125,0.773,0
0.233,0.53,0
0.293,0.438,0
0.388,0.712,0
0.922,0.51,1
0.992,0.531,2
1.005,0.52,2
0.13,0.789,0
0.532,0.174,3
0.071,0.856,0
0.496,0.033,3
0.109,0.803,0
0.133,0.758,0
1.049,0.537,2
0.109,0.745,0
0.501,0.075,3
0.518,0.055,3
0.468,0.698,0
0.928,0.558,1
0.257,0.499,0
0.276,0.527,0
0.944,0.534,1
0.245,0.524,0
0.073,0.827,0
0.507,0.105,3
0.424,0.807,0
0.499,0.079,3
0.487,0.767,0
0.519,0.098,3
0.495,0.013,3
0.531,0.054,3
0.974,0.505,2
0.086,0.802,0
0.476,0.066,3
0.065,0.777,0
0.495,0.049,3
0.502,0.051,3
0.499,0.118,3
0.416,0.655,0
0.305,0.526,0
0.989,0.54,4
0.973,0.586,4
0.497,0.678,0
0.471,0.107,3
0.249,0.491,0
0.477,0.112,3
0.003,0.754,0
1.003,0.537,2
0.421,0.747,0
0.484,0.065,3
0.441,0.078,3
0.926,0.543,1
0.002,0.811,0
0.444,0.717,0
0.458,0.69,0
0.041,0.707,0
0.961,0.557,1
0.078,0.766,0
0.282,0.468,0
0.457,0.048,3
0.562,0.143,3
0.327,0.493,0
0.102,0.803,0
0.475,0.718,0
0.081,0.76,0
0.127,0.814,0
0.078,0.86,0
0.542,0.1,3
0.06,0.758,0
1.046,0.529,2
0.107,0.826,0
0.471,0.736,0
0.43,0.699,0
0.084,0.772,0
0.444,0.67,0
0.416,0.674,0
0.24,0.521,0
0.376,0.674,0
0.409,0.705,0
0.292,0.546,0
0.431,0.746,0
0.922,0.527,1
0.286,0.479,0
1.013,0.554,4
0.24,0.453,0
0.965,0.553,1
0.472,0.08,3
0.27,0.515,0
0.926,0.581,1
1.058,0.564,4
0.346,0.46,0
0.953,0.536,1
0.102,0.809,0
0.45,0.773,0
0.511,0.039,3
0.416,0.695,0
0.951,0.536,1
0.975,0.579,4
0.953,0.549,1
0.282,0.509,0
0.104,0.825,0
0.541,0.032,3
0.968,0.569,4
0.599,0.018,3
0.078,0.819,0
0.493,0.742,0
0.485,0.089,3
0.599,0.067,3
0.384,0.717,0
1.037,0.549,4
0.452,0.814,0
0.879,0.53,1
0.002,0.75,0
0.453,0.756,0
0.424,0.681,0
0.292,0.488,0
0.042,0.808,0
0.416,0.712,0
0.077,0.792,0
0.531,0.015,3
0.204,0.496,0
0.286,0.544,0
1.002,0.544,4
0.997,0.537,2
0.469,0.718,0
1.007,0.546,4
0.239,0.511,0
0.483,0.139,3
0.266,0.472,0
0.106,0.822,0
0.534,0.119,3
0.957,0.546,1
0.074,0.77,0
0.278,0.527,0
0.449,0.104,3
0.001,0.801,0
0.509,0.052,3
0.075,0.82,0
0.061,0.807,0
0.266,0.528,0
0.463,0.121,3
0.933,0.486,1
0.222,0.538,0
1.018,0.526,2
0.417,0.698,0
0.228,0.48,0
0.336,0.502,0
0.072,0.772,0
0.261,0.446,0
0.965,0.49,2
0.336,0.532,0
0.478,0.739,0
0.309,0.49,0
0.471,0.766,0
0.954,0.503,1
0.106,0.776,0
0.294,0.547,0
0.465,0.671,0
0.473,0.709,0
0.245,0.518,0
0.909,0.533,1
0.945,0.588,4
0.535,0.069,3
0.958,0.604,4
0.496,0.728,0
0.482,0.051,3
0.297,0.561,0
0.339,0.491,0
0.426,0.738,0
0.965,0.537,1
0.266,0.525,0
0.544,0.09,3
0.195,0.531,0
0.451,0.784,0
0.516,0.088,3
0.229,0.544,0
0.491,0.05,3
0.483,0.043,3
0.524,0.09,3
0.564,0.074,3
0.058,0.792,0
0.983,0.488,2
0.18,0.455,0
0.468,0.103,3
0.525,0.108,3
0.102,0.833,0
0.002,0.865,0
0.134,0.736,0
0.054,0.835,0
0.074,0.776,0
0.548,0.096,3
0.467,0.773,0
0.256,0.532,0
0.342,0.492,0
0.299,0.521,0
1.076,0.536,2
0.175,0.773,0
0.085,0.756,0
0.143,0.782,0
0.151,0.737,0
0.208,0.469,0
0.973,0.566,4
0.914,0.522,1
0.094,0.66,0
0.981,0.608,4
0.35,0.522,0
0.518,0.064,3
0.932,0.554,1
0.5,0.074,3
0.025,0.864,0
0.087,0.674,0
0.447,0.761,0
0.321,0.499,0
0.377,0.775,0
0.446,0.677,0
0.294,0.459,0
0.46,0.721,0
0.486,0.121,3
0.066,0.749,0
0.978,0.493,2
0.106,0.75,0
0.381,0.704,0
0.27,0.52,0
0.093,0.768,0
0.993,0.513,2
1.024,0.529,2
0.455,0.053,3
0.249,0.545,0
0.977,0.507,2
0.448,0.722,0
1.014,0.553,4
0.972,0.596,4
0.54,0.012,3
0.241,0.476,0
0.498,0.076,3
0.086,0.8,0
0.452,0.766,0
0.96,0.51,1
0.512,0.747,0
0.029,0.778,0
0.423,0.721,0
0.012,0.745,0
0.914,0.548,1
0.383,0.724,0
0.509,0.056,3
0.41,0.722,0
0.304,0.502,0
0.29,0.503,0
0.478,0.133,3
0.093,0.766,0
0.479,0.1,3
0.923,0.527,1
0.441,0.677,0
0.546,0.114,3
0.549,0.072,3
0.497,0.095,3
0.42,0.752,0
1.011,0.48,2
0.083,0.727,0
0.143,0.808,0
0.075,0.752,0
0.481,0.031,3
0.029,0.775,0
0.23,0.512,0
0.982,0.575,4
0.416,0.043,3
0.069,0.78,0
0.416,0.68,0
0.244,0.522,0
0.505,0.051,3
0.437,0.728,0
0.45,0.682,0
0.401,0.709,0
0.477,0.125,3
0.312,0.54,0
0.554,0.073,3
0.288,0.563,0
1.009,0.529,2
0.237,0.394,0
0.527,0.031,3
0.506,0.091,3
0.397,0.755,0
0.494,0.081,3
0.469,0.101,3
0.477,0.018,3
0.084,0.805,0
0.923,0.636,4
0.137,0.791,0
0.472,0.774,0
0.265,0.49,0
0.507,0.06,3
0.216,0.428,0
0.435,0.72,0
0.566,0.078,3
0.259,0.489,0
0.525,0.113,3
0.41,0.688,0
0.279,0.456,0
0.48,0.086,3
0.02,0.797,0
1.057,0.563,4
0.102,0.826,0
0.433,0.692,0
1.043,0.578,4
0.426,0.751,0
1.02,0.534,2
0.359,0.501,0
0.951,0.633,4
1.022,0.544,4
0.456,0.027,3
0.249,0.492,0
0.035,0.816,0
0.314,0.438,0
0.457,0.72,0
0.018,0.759,0
0.571,0.023,3
0.491,0.007,3
0.277,0.5,0
0.966,0.481,2
0.37,0.68,0
0.515,0.08,3
0.973,0.57,4
0.521,0.058,3
0.062,0.748,0
0.997,0.578,4
0.966,0.528,1
0.453,0.708,0
0.281,0.545,0
0.083,0.795,0
0.558,0.062,3
0.357,0.782,0
1.004,0.528,2
0.421,0.701,0
0.995,0.535,2
0.471,0.689,0
0.246,0.52,0
0.331,0.569,0
0.249,0.448,0
0.217,0.459,0
0.449,0.706,0
0.101,0.798,0
0.277,0.499,0
0.985,0.564,4
0.558,0.123,3
0.056,0.765,0
0.981,0.599,4
0.1,0.716,0
0.483,0.125,3
0.457,0.724,0
0.343,0.533,0
0.191,0.569,0
0.942,0.522,1
0.26,0.459,0
1.012,0.451,2
0.998,0.505,2
0.109,0.802,0
1.001,0.5,2
0.462,0.082,3
0.366,0.704,0
0.538,0.114,3
0.41,0.674,0
0.966,0.458,2
1.004,0.526,2
0.399,0.77,0
0.478,0.076,3
0.094,0.75,0
0.387,0.728,0
0.064,0.771,0
0.529,0.109,3
0.454,0.762,0
0.322,0.532,0
0.027,0.757,0
0.125,0.786,0
0.123,0.723,0
0.074,0.823,0
0.937,0.565,1
0.216,0.453,0
0.077,0.79,0
0.484,0.061,3
0.037,0.838,0
0.951,0.599,4
0.534,0.069,3
0.252,0.483,0
0.428,0.695,0
0.301,0.543,0
0.109,0.811,0
0.269,0.478,0
0.98,0.526,2
0.201,0.423,0
0.997,0.507,2
0.535,0.132,3
0.492,0.065,3
0.941,0.512,1
0.429,0.759,0
0.945,0.521,1
0.387,0.719,0
0.548,0.077,3
0.144,0.889,0
0.474,0.709,0
0.308,0.534,0
0.361,0.722,0
0.299,0.518,0
0.42,0.707,0
0.101,0.783,0
0.411,0.125,3
0.938,0.554,1
0.081,0.742,0
0.913,0.413,1
0.435,0.76,0
0.438,0.784,0
0.411,0.659,0
0.333,0.587,0
0.951,0.514,1
0.507,0.05,3
0.007,0.741,0
1.013,0.517,2
0.454,0.668,0
0.128,0.805,0
0.13,0.739,0
0.263,0.495,0
0.998,0.577,4
0.977,0.523,2
0.106,0.819,0
0.15,0.491,0
0.138,0.823,0
0.985,0.562,4
0.419,0.822,0
0.505,0.058,3
0.489,0.103,3
0.965,0.537,1
0.009,0.769,0
0.9,0.582,1
0.449,0.749,0
0.08,0.79,0
0.284,0.48,0
0.945,0.442,2
0.336,0.532,0
0.961,0.566,4
0.968,0.528,1
0.461,0.1,3
0.42,0.032,3
0.202,0.545,0
0.12,0.782,0
0.099,0.838,0
1.045,0.492,2
0.983,0.597,4
0.261,0.472,0
0.537,0.152,3
0.392,0.736,0
0.104,0.809,0
0.546,0.067,3
0.463,0.74,0
0.922,0.623,4
0.369,0.719,0
1.022,0.533,2
0.484,0.019,3
0.52,0.055,3
0.146,0.723,0
0.465,0.014,3
1.002,0.554,4
0.994,0.459,2
0.44,0.747,0
0.428,0.688,0
0.472,0.074,3
0.5,0.042,3
0.576,0.051,3
0.282,0.518,0
0.565,0.049,3
0.283,0.479,0
0.246,0.5,0
0.187,0.477,0
0.448,0.005,3
0.487,0.112,3
0.383,0.746,0
0.452,0.721,0
0.553,0.121,3
1.003,0.593,4
0.327,0.577,0
0.483,0.073,3
0.256,0.422,0
1.032,0.555,4
0.183,0.539,0
0.268,0.465,0
0.978,0.477,2
0.962,0.548,1
0.406,0.689,0
0.305,0.512,0
0.481,0.055,3
1.019,0.568,4
0.484,0.043,3
0.603,0.107,3
0.935,0.522,1
0.987,0.529,2
0.5,0.011,3
0.28,0.545,0
0.093,0.799,0
0.261,0.517,0
0.074,0.768,0
0.282,0.482,0
0.958,0.512,1
0.252,0.465,0
0.93,0.502,1
1.022,0.568,4
0.056,0.722,0
0.511,0.032,3
0.128,0.799,0
0.442,0.728,0
0.474,0.082,3
0.448,0.624,0
0.296,0.496,0
0.047,0.839,0
0.191,0.512,0
0.436,0.701,0
0.236,0.523,0
0.452,0.638,0
0.061,0.811,0
0.04,0.802,0
0.094,0.733,0
0.107,0.746,0
0.941,0.599,4
0.253,0.52,0
0.519,0.163,3
0.073,0.794,0
0.467,0.074,3
0.235,0.568,0
1.049,0.527,2
0.997,0.542,4
0.544,0.032,3
0.098,0.811,0
0.407,0.764,0
0.311,0.486,0
1.002,0.563,4
0.248,0.48,0
0.303,0.522,0
1.012,0.537,2
0.403,0.673,0
0.979,0.47,2
0.066,0.778,0
0.194,0.585,0
0.921,0.538,1
0.935,0.503,1
0.322,0.426,0
0.125,0.85,0
0.476,0.102,3
0.312,0.444,0
0.263,0.5,0
1.01,0.516,2
0.43,0.701,0
0.434,0.727,0
0.282,0.516,0
0.386,0.702,0
0.44,0.052,3
0.076,0.741,0
0.967,0.604,4
0.415,0.733,0
0.035,0.787,0
0.507,0.06,3
0.989,0.498,2
0.366,0.542,0
0.481,0.659,0
0.377,0.719,0
0.99,0.567,4
1.009,0.569,4
0.953,0.595,4
0.491,0.085,3
0.397,0.672,0
0.063,0.728,0
0.24,0.484,0
0.509,0.099,3
0.339,0.502,0
0.388,0.725,0
0.244,0.449,0
0.28,0.384,0
1.015,0.52,2
0.454,0.766,0
0.061,0.717,0
0.515,0.105,3
0.973,0.566,4
0.5,0.158,3
0.444,0.716,0
0.051,0.811,0
0.414,0.681,0
0.977,0.52,2
0.126,0.836,0
0.435,0.094,3
0.932,0.554,1
0.99,0.574,4
0.503,0.061,3
0.462,0.711,0
1,0.547,4
0.46,0.711,0
0.309,0.495,0
0.081,0.699,0
0.588,0.06,3
0.959,0.574,4
0.905,0.55,1
0.225,0.533,0
1.009,0.53,2
0.471,0.103,3
0.01,0.768,0
1.027,0.489,2
0.531,0.048,3
0.509,0.049,3
0.482,0.105,3
0.472,0.748,0
1.02,0.52,2
0.303,0.432,0
0.062,0.761,0
0.48,0.72,0
0.304,0.447,0
0.017,0.773,0
0.42,0.727,0
0.973,0.489,2
0.106,0.757,0
0.097,0.8,0
0.547,0.032,3
0.125,0.829,0
0.252,0.496,0
0.507,0.053,3
0.081,0.827,0
0.496,0.06,3
1.014,0.623,4
0.345,0.741,0
0.962,0.594,4
0.486,0.138,3
0.962,0.591,4
0.273,0.502,0
0.254,0.518,0
0.07,0.686,0
0.013,0.731,0
0.392,0.706,0
0.1,0.834,0
0.404,0.729,0
0.453,0.681,0
0.485,0.056,3
0.491,0.089,3
0.978,0.471,2
0.384,0.714,0
0.16,0.798,0
0.505,0.107,3
0.426,0.736,0
0.117,0.862,0
0.989,0.539,4
0.983,0.562,4
0.288,0.538,0
0.238,0.479,0
0.125,0.808,0
0.092,0.778,0
0.087,0.806,0
0.425,0.739,0
0.022,0.754,0
0.067,0.801,0
0.077,0.765,0
0.949,0.498,1
0.21,0.431,0
0.293,0.488,0
0.031,0.806,0
0.439,0.717,0
0.1,0.819,0
0.269,0.439,0
0.322,0.529,0
0.43,0.679,0
0.504,0.094,3
0.959,0.537,1
0.603,0.071,3
0.113,0.803,0
0.503,0.096,3
0.034,0.831,0
0.43,0.04,3
0.366,0.659,0
0.978,0.605,4
0.22,0.509,0
0.447,0.763,0
0.962,0.504,2
0.419,0.696,0
0.39,0.728,0
0.456,0.081,3
0.5,0.711,0
0.521,0.734,0
0.462,0.696,0
0.505,0.122,3
0.993,0.572,4
0.468,0.67,0
0.979,0.644,4
0.97,0.536,1
0.399,0.113,3
0.463,0.051,3
1.076,0.548,4
0.966,0.538,1
0.004,0.806,0
0.487,0.082,3
1.043,0.505,2
0.367,0.686,0
0.251,0.495,0
0.429,0.7,0
0.54,0.058,3
0.299,0.473,0
0.448,0.088,3
0.344,0.756,0
0.563,0.112,3
0.291,0.487,0
1.005,0.549,4
0.925,0.546,1
0.107,0.778,0
0.06,0.807,0
1.021,0.499,2
0.09,0.78,0
0.443,0.103,3
0.514,0.059,3
0.447,0.76,0
0.282,0.459,0
0.493,0.062,3
0.323,0.512,0
0.491,0.05,3
0.427,0.688,0
0.532,0.036,3
0.276,0.538,0
0.509,0.068,3
1.026,0.573,4
0.064,0.785,0
0.014,0.753,0
0.43,0.697,0
0.259,0.536,0
0.522,0.109,3
0.548,0.091,3
0.24,0.5,0
1.047,0.546,4
0.982,0.592,4
0.071,0.737,0
0.392,0.778,0
0.44,0.793,0
0.275,0.509,0
0.11,0.815,0
0.124,0.75,0
0.274,0.451,0
0.143,0.751,0
0.099,0.804,0
0.477,0.002,3
0.164,0.866,0
0.517,0.086,3
0.09,0.766,0
0.245,0.468,0
0.434,0.105,3
0.057,0.77,0
1.05,0.592,4
0.45,0.714,0
0.443,0.758,0
1.003,0.553,4
0.322,0.516,0
0.99,0.554,4
0.412,0.663,0
0.06,0.783,0
1.006,0.52,2
0.044,0.682,0
0.361,0.726,0
0.47,0.146,3
0.055,0.7,0
0.435,0.758,0
0.264,0.438,0
0.395,0.127,3
0.209,0.455,0
0.461,0.022,3
0.501,0.021,3
0.251,0.552,0
0.091,0.784,0
0.488,0.713,0
0.94,0.559,1
0.014,0.716,0
1.009,0.547,4
0.545,0.11,3
0.064,0.792,0
1.018,0.595,4
0.255,0.457,0
0.957,0.528,1
0.481,0.738,0
0.509,0.713,0
0.336,0.476,0
0.946,0.517,1
0.924,0.519,1
0.146,0.734,0
0.517,0.066,3
0.987,0.509,2
0.972,0.577,4
0.077,0.864,0
0.085,0.758,0
0.943,0.509,1
0.502,0.072,3
0.531,0.025,3
0.457,0.782,0
0.364,0.067,3
0.518,0.73,0
0.916,0.569,1
0.272,0.537,0
0.299,0.502,0
0.443,0.695,0
0.473,0.078,3
0.319,0.484,0
0.528,0.032,3
0.069,0.778,0
0.073,0.732,0
0.263,0.497,0
0.95,0.543,1
0.358,0.534,0
0.491,0.066,3
0.35,0.738,0
0.109,0.824,0
0.448,0.643,0
0.973,0.5,2
0.094,0.844,0
0.029,0.802,0
0.148,0.745,0
0.567,0.077,3
0.087,0.734,0
0.935,0.502,1
0.039,0.827,0
0.398,0.628,0
0.446,0.754,0
0.525,0.147,3
0.505,0.083,3
0.258,0.574,0
0.439,0.74,0
1.018,0.557,4
0.52,0.093,3
0.559,0.148,3
0.481,0.736,0
0.069,0.782,0
0.35,0.682,0
0.251,0.469,0
0.104,0.791,0
0.145,0.791,0
0.114,0.773,0
0.111,0.799,0
0.064,0.745,0
0.45,0.766,0
0.499,0.152,3
0.559,0.088,3
0.43,0.717,0
0.051,0.841,0
0.28,0.539,0
0.481,0.718,0
0.31,0.487,0
0.459,0.759,0
0.391,0.737,0
0.513,0.078,3
0.317,0.459,0
0.477,0.652,0
0.573,0.001,3
0.972,0.555,4
0.082,0.799,0
0.141,0.787,0
0.53,0.016,3
0.446,0.037,3
0.923,0.557,1
0.955,0.494,1
0.432,0.7,0
0.497,0.111,3
0.414,0.737,0
1.006,0.566,4
0.089,0.836,0
0.996,0.611,4
0.429,0.761,0
0.428,0.708,0
0.071,0.768,0
0.055,0.797,0
0.391,0.528,0
0.04,0.722,0
0.26,0.505,0
0.548,0.071,3
0.247,0.495,0
0.326,0.506,0
0.267,0.437,0
0.524,0.097,3
0.415,0.719,0
0.605,0.074,3
0.029,0.776,0
0.415,0.056,3
0.465,0.098,3
1.001,0.534,2
0.508,0.087,3
0.052,0.753,0
0.447,0.686,0
0.354,0.774,0
0.096,0.824,0
0.402,0.797,0
0.974,0.502,2
0.032,0.808,0
0.476,0.697,0
0.264,0.566,0
0.505,0.061,3
0.419,0.718,0
0.416,0.717,0
1.006,0.568,4
1.039,0.531,2
0.421,0.752,0
0.446,0.684,0
0.041,0.85,0
0.49,0.74,0
0.915,0.462,1
0.487,0.033,3
0.499,0.725,0
0.43,0.759,0
0.265,0.519,0
0.473,0.033,3
0.465,0.054,3
0.345,0.53,0
0.989,0.575,4
0.217,0.433,0
0.442,0.701,0
0.38,0.77,0
0.164,0.741,0
0.512,0.064,3
1.056,0.565,4
0.499,0.063,3
0.197,0.561,0
0.142,0.778,0
0.273,0.464,0
0.517,0.04,3
0.429,0.681,0
0.958,0.587,4
0.504,0.759,0
0.422,0.775,0
1.011,0.566,4
0.447,0.085,3
0.927,0.555,1
0.527,0.079,3
0.094,0.785,0
0.463,0.071,3
0.394,0.724,0
0.417,0.754,0
0.076,0.739,0
0.427,0.741,0
0.291,0.473,0
0.496,0.129,3
0.507,0.023,3
0.926,0.594,1
0.088,0.917,0
0.515,0.032,3
0.49,0.063,3
0.481,0.026,3
0.049,0.755,0
0.399,0.734,0
0.568,0.108,3
0.95,0.552,1
0.114,0.784,0
0.076,0.804,0
0.27,0.498,0
0.578,0.117,3
0.501,0.058,3
0.493,0.103,3
0.046,0.69,0
0.064,0.854,0
0.419,0.71,0
0.401,0.045,3
0.941,0.543,1
0.046,0.79,0
0.237,0.53,0
0.933,0.521,1
0.475,0.036,3
0.213,0.532,0
0.397,0.788,0
0.519,0.043,3
0.95,0.607,4
0.329,0.544,0
0.276,0.438,0
0.07,0.682,0
0.989,0.6,4
0.444,0.765,0
0.55,0.08,3
0.488,0.084,3
0.955,0.501,1
0.275,0.543,0
0.333,0.441,0
0.029,0.777,0
0.446,0.731,0
0.51,0.032,3
0.565,0.071,3
0.29,0.423,0
0.535,0.008,3
0.5,0.059,3
0.933,0.551,1
0.244,0.56,0
0.94,0.533,1
0.406,0.637,0
0.502,0.107,3
0.937,0.529,1
1.031,0.58,4
0.173,0.505,0
0.99,0.579,4
0.509,0.078,3
0.417,0.765,0
0.242,0.484,0
0.228,0.524,0
0.422,0.752,0
0.943,0.446,2
0.504,0.042,3
0.219,0.502,0
0.366,0.754,0
0.103,0.743,0
0.209,0.519,0
0.207,0.832,0
0.444,0.744,0
0.266,0.531,0
0.416,0.66,0
0.242,0.479,0
0.286,0.491,0
1.018,0.53,2
0.491,0.08,3
0.923,0.529,1
0.247,0.425,0
0.505,0.093,3
0.957,0.501,1
0.253,0.533,0
0.472,0.012,3
0.464,0.029,3
0.244,0.484,0
0.389,0.772,0
0.31,0.511,0
0.49,0.079,3
0.463,0.797,0
0.51,0.164,3
0.255,0.549,0
0.216,0.487,0
0.295,0.454,0
0.994,0.523,2
0.467,0.125,3
0.055,0.762,0
0.974,0.524,2
0.478,0.783,0
0.521,0.056,3
0.128,0.78,0
0.218,0.483,0
0.534,0.082,3
0.307,0.528,0
1.011,0.518,2
0.006,0.72,0
0.503,0.717,0
0.457,0.086,3
0.138,0.813,0
0.296,0.494,0
0.44,0.66,0
0.495,0.14,3
0.408,0.698,0
0.408,0.806,0
0.991,0.595,4
1.006,0.631,4
0.956,0.534,1
0.441,0.754,0
0.251,0.522,0
0.485,0.034,3
0.974,0.591,4
0.408,0.792,0
0.422,0.748,0
0.488,0.058,3
0.411,0.79,0
0.523,0.06,3
0.289,0.488,0
0.532,0.022,3
0.314,0.574,0
0.431,0.763,0
0.989,0.52,2
0.153,0.837,0
0.07,0.801,0
0.117,0.785,0
0.067,0.766,0
0.52,0.042,3
0.485,0.72,0
0.472,0.765,0
1.003,0.507,2
0.016,0.732,0
0.087,0.755,0
0.267,0.536,0
0.528,0.063,3
0.051,0.783,0
0.061,0.879,0
0.422,0.811,0
0.495,0.132,3
0.041,0.803,0
1.01,0.555,4
0.966,0.529,1
0.543,0.099,3
0.056,0.83,0
0.488,0.114,3
0.218,0.481,0
0.56,0.101,3
0.437,0.079,3
0.471,0.103,3
0.459,0.034,3
0.444,0.732,0
0.051,0.769,0
1.036,0.54,2
0.053,0.797,0
0.379,0.762,0
0.052,0.847,0
0.39,0.773,0
0.493,0.744,0
0.508,0.124,3
0.041,0.709,0
0.495,0.029,3
0.256,0.51,0
0.105,0.824,0
0.418,0.654,0
0.268,0.526,0
0.331,0.507,0
0.463,0.754,0
0.298,0.539,0
0.094,0.818,0
0.466,0.045,3
0.287,0.47,0
1.022,0.602,4
0.114,0.767,0
0.271,0.516,0
0.962,0.525,1
0.071,0.773,0
0.433,0.061,3
0.454,0.673,0
0.545,0.097,3
0.442,0.762,0
0.989,0.552,4
0.213,0.537,0
0.989,0.531,2
0.193,0.462,0
0.45,0.688,0
0.512,0.648,0
0.471,0.773,0
0.361,0.693,0
0.951,0.515,1
0.377,0.718,0
0.461,0.079,3
0.405,0.721,0
0.268,0.423,0
0.259,0.464,0
0.544,0.018,3
0.429,0.082,3
0.971,0.502,2
0.312,0.536,0
0.977,0.585,4
0.06,0.765,0
0.515,0.078,3
0.568,0.138,3
0.934,0.477,1
0.045,0.79,0
0.066,0.713,0
0.446,0.796,0
0.958,0.575,4
0.515,0.118,3
0.524,0.08,3
0.934,0.549,1
0.52,0.015,3
0.293,0.493,0
0.288,0.527,0
0.552,0.034,3
0.439,0.056,3
0.931,0.464,1
0.971,0.498,2
0.093,0.683,0
0.436,0.081,3
0.052,0.756,0
0.447,0.085,3
1.017,0.502,2
0.231,0.523,0
1.008,0.54,2
0.505,0.106,3
0.521,0.067,3
0.398,0.768,0
0.28,0.457,0
1.003,0.581,4
0.076,0.826,0
0.936,0.558,1
0.482,0.049,3
0.006,0.74,0
0.395,0.77,0
0.489,0.079,3
0.236,0.54,0
0.386,0.662,0
0.054,0.762,0
0.028,0.743,0
0.392,0.701,0
0.463,0.073,3
0.434,0.021,3
0.333,0.528,0
0.328,0.544,0
0.509,0.722,0
0.461,0.071,3
0.001,0.77,0
0.072,0.752,0
0.49,0.098,3
0.232,0.531,0
0.416,0.682,0
0.25,0.474,0
0.47,0.01,3
0.526,0.769,0
0.49,0.744,0
0.278,0.503,0
1.028,0.589,4
0.286,0.443,0
0.36,0.731,0
0.394,0.755,0
0.512,0.063,3
0.273,0.385,0
0.539,0.068,3
0.462,0.139,3
0.511,0.084,3
0.083,0.814,0
0.923,0.576,1
0.444,0.696,0
0.233,0.518,0
0.515,0.109,3
0.251,0.494,0
0.033,0.822,0
0.522,0.091,3
0.952,0.509,1
0.481,0.776,0
1.008,0.516,2
0.081,0.777,0
0.29,0.397,0
0.497,0.723,0
0.411,0.7,0
0.531,0.064,3
0.507,0.045,3
0.919,0.518,1
0.59,0.085,3
0.069,0.784,0
0.074,0.747,0
0.931,0.512,1
0.472,0.754,0
0.277,0.453,0
1.014,0.561,4
0.293,0.451,0
0.083,0.756,0
0.304,0.548,0
0.065,0.783,0
0.28,0.533,0
0.315,0.477,0
0.419,0.744,0
0.903,0.515,1
0.451,0.71,0
0.473,0.041,3
0.891,0.507,1
1.068,0.496,2
0.94,0.559,1
0.399,0.73,0
0.462,0.736,0
0.06,0.778,0
0.357,0.517,0
0.439,0.68,0
0.311,0.555,0
0.394,0.715,0
1.028,0.532,2
0.999,0.587,4
0.083,0.739,0
0.987,0.54,4
0.24,0.511,0
0.055,0.759,0
0.558,0.115,3
0.004,0.818,0
0.427,0.721,0
0.437,0.799,0
0.139,0.8,0
0.052,0.798,0
0.196,0.508,0
0.472,0.03,3
0.08,0.79,0
0.093,0.787,0
0.461,0.735,0
0.425,0.074,3
0.28,0.548,0
0.416,0.664,0
0.097,0.8,0
0.275,0.481,0
0.285,0.464,0
0.22,0.623,0
0.072,0.816,0
0.394,0.731,0
0.27,0.481,0
0.514,0.086,3
0.289,0.52,0
0.516,0.049,3
0.489,0.681,0
0.4,0.691,0
0.495,0.817,0
0.994,0.498,2
0.429,0.65,0
0.426,0.685,0
0.252,0.441,0
1.006,0.592,4
0.125,0.836,0
1.029,0.615,4
0.236,0.514,0
0.393,0.794,0
0.017,0.789,0
0.385,0.764,0
0.08,0.761,0
0.929,0.592,1
0.967,0.472,2
0.035,0.784,0
0.537,0.127,3
0.52,0.111,3
0.44,0.755,0
0.402,0.733,0
0.315,0.491,0
0.508,0.044,3
0.359,0.836,0
0.444,0.788,0
0.28,0.479,0
0.286,0.536,0
0.455,0.729,0
0.258,0.484,0
0.081,0.793,0
0.028,0.814,0
1.036,0.545,4
0.116,0.833,0
0.255,0.488,0
0.425,0.816,0
0.028,0.752,0
0.467,0.091,3
0.094,0.694,0
0.466,0.734,0
0.086,0.782,0
0.985,0.578,4
0.247,0.523,0
0.045,0.767,0
0.439,0.675,0
0.927,0.544,1
0.108,0.788,0
0.002,0.885,0
0.495,0.057,3
0.968,0.473,2
0.915,0.529,1
0.08,0.778,0
0.424,0.703,0
0.426,0.689,0
0.254,0.476,0
0.501,0.701,0
0.011,0.83,0
0.551,0.119,3
0.089,0.758,0
0.319,0.504,0
0.102,0.756,0
0.988,0.602,4
0.421,0.766,0
1.083,0.557,4
0.435,0.052,3
0.396,0.135,3
0.241,0.577,0
0.276,0.544,0
0.571,0.088,3
0.017,0.786,0
0.264,0.428,0
1.009,0.555,4
0.046,0.808,0
0.05,0.812,0
0.241,0.414,0
0.458,0.738,0
0.322,0.525,0
0.231,0.542,0
0.21,0.522,0
0.948,0.558,1
0.241,0.509,0
0.265,0.551,0
0.99,0.469,2
0.265,0.514,0
1.01,0.515,2
0.488,0.057,3
0.389,0.724,0
0.999,0.579,4
0.518,0.084,3
0.936,0.511,1
0.523,0.078,3
0.507,0.065,3
0.465,0.072,3
0.931,0.57,1
0.012,0.789,0
0.112,0.784,0
0.979,0.519,2
0.261,0.426,0
0.268,0.494,0
0.116,0.901,0
0.482,0.029,3
0.987,0.48,2
0.511,0.12,3
0.959,0.549,1
0.295,0.516,0
0.256,0.553,0
0.02,0.682,0
0.442,0.055,3
0.333,0.583,0
0.536,0.065,3
0.976,0.501,2
0.938,0.619,4
0.395,0.752,0
0.469,0.732,0
0.252,0.483,0
0.121,0.763,0
0.353,0.47,0
1.079,0.528,2
0.411,0.705,0
0.413,0.773,0
0.12,0.788,0
0.331,0.454,0
0.042,0.786,0
0.387,0.765,0
0.087,0.851,0
1.001,0.512,2
0.991,0.54,4
0.061,0.823,0
0.9,0.529,1
0.446,0.112,3
0.476,0.776,0
0.53,0.145,3
0.425,0.753,0
0.068,0.792,0
0.98,0.514,2
0.101,0.807,0
0.444,0.685,0
0.26,0.455,0
0.079,0.803,0
1.017,0.553,4
0.92,0.562,1
0.393,0.739,0
0.317,0.526,0
0.23,0.508,0
0.425,0.795,0
0.448,0.71,0
0.06,0.818,0
0.301,0.478,0
0.495,0.098,3
0.493,0.05,3
1.025,0.58,4
0.543,0.139,3
0.581,0.119,3
0.496,0.818,0
0.425,0.702,0
0.435,0.725,0
0.527,0.193,3
0.079,0.777,0
0.987,0.551,4
0.25,0.482,0
0.391,0.642,0
1.007,0.475,2
0.936,0.624,4
0.246,0.481,0
0.059,0.841,0
0.535,0.076,3
0.356,0.681,0
0.058,0.819,0
0.539,0.082,3
0.241,0.481,0
0.574,0.078,3
0.308,0.381,0
0.46,0.697,0
0.549,0.019,3
0.263,0.461,0
0.496,0.099,3
0.98,0.434,2
0.089,0.742,0
0.446,0.801,0
0.5,0.075,3
0.274,0.458,0
0.073,0.803,0
0.095,0.748,0
0.264,0.553,0
0.43,0.788,0
0.3,0.517,0
0.463,0.662,0
0.49,0.061,3
0.258,0.473,0
0.045,0.709,0
0.376,0.733,0
0.513,0.144,3
0.495,0.018,3
0.465,0.109,3
0.408,0.733,0
0.051,0.826,0
0.426,0.696,0
0.543,0.054,3
0.55,0.061,3
0.996,0.534,2
0.484,0.719,0
0.445,0.785,0
0.477,0.063,3
0.544,0.012,3
0.964,0.56,4
0.456,0.742,0
0.474,0.721,0
0.421,0.726,0
0.102,0.762,0
0.127,0.82,0
0.206,0.407,0
0.499,0.003,3
0.268,0.424,0
0.182,0.537,0
0.203,0.493,0
1.029,0.645,4
0.971,0.491,2
0.972,0.598,4
0.461,0.644,0
0.424,0.729,0
0.411,0.775,0
0.017,0.697,0
0.497,0.078,3
0.051,0.754,0
0.462,0.729,0
0.415,0.692,0
0.094,0.75,0
0.127,0.779,0
0.552,0.013,3
0.22,0.473,0
0.391,0.665,0
0.255,0.441,0
0.472,0.133,3
0.923,0.579,1
0.091,0.825,0
0.914,0.447,1
0.477,0.069,3
0.082,0.801,0
0.43,0.092,3
0.28,0.501,0
0.486,0.051,3
0.29,0.545,0
0.984,0.516,2
0.435,0.662,0
0.329,0.486,0
0.513,0.048,3
0.519,0.077,3
0.938,0.512,1
0.487,0.065,3
0.28,0.556,0
0.937,0.532,1
0.926,0.528,1
0.265,0.511,0
0.309,0.442,0
0.084,0.842,0
0.284,0.408,0
0.942,0.568,1
1.016,0.515,2
1.005,0.537,2
1.043,0.588,4
0.974,0.648,4
0.468,0.01,3
0.427,0.717,0
0.092,0.788,0
0.325,0.544,0
0.491,0.075,3
0.013,0.78,0
0.434,0.723,0
0.29,0.472,0
0.907,0.523,1
0.444,0.674,0
0.442,0.649,0
0.454,0.745,0
0.542,0.09,3
0.017,0.78,0
1.021,0.572,4
0.527,0.035,3
0.511,0.118,3
0.029,0.801,0
0.387,0.734,0
0.458,0.084,3
0.408,0.794,0
1.024,0.586,4
0.462,0.676,0
0.079,0.798,0
0.09,0.806,0
0.227,0.511,0
1.001,0.598,4
0.393,0.78,0
0.267,0.469,0
0.938,0.484,1
0.997,0.574,4
0.421,0.733,0
0.331,0.488,0
0.525,0.002,3
0.462,0.693,0
0.377,0.719,0
0.966,0.544,1
1.011,0.513,2
0.106,0.795,0
0.984,0.58,4
1.072,0.525,2
0.988,0.55,4
0.533,0.012,3
1.003,0.535,2
0.307,0.539,0
0.976,0.555,4
0.974,0.606,4
0.077,0.814,0
0.415,0.782,0
0.491,0.047,3
0.269,0.467,0
0.437,0.682,0
0.4,0.728,0
0.129,0.743,0
0.294,0.404,0
0.945,0.56,1
0.305,0.508,0
0.089,0.754,0
0.032,0.829,0
0.256,0.449,0
0.944,0.538,1
0.583,0.086,3
0.197,0.507,0
0.95,0.577,1
0.116,0.818,0
0.45,0.705,0
0.471,0.723,0
0.035,0.739,0
0.255,0.506,0
0.192,0.443,0
0.277,0.523,0
0.502,0.035,3
0.489,0.122,3
0.369,0.702,0
0.964,0.548,1
0.091,0.797,0
0.293,0.531,0
0.507,0.031,3
0.342,0.758,0
0.107,0.885,0
1.019,0.542,4
0.056,0.746,0
0.075,0.734,0
0.445,0.713,0
0.494,0.033,3
0.993,0.601,4
0.515,0.129,3
0.275,0.523,0
0.094,0.744,0
0.027,0.767,0
0.419,0.761,0
0.493,0.065,3
0.07,0.79,0
0.41,0.737,0
0.99,0.522,2
0.282,0.539,0
0.408,0.015,3
0.29,0.497,0
0.064,0.707,0
0.422,0.721,0
0.921,0.531,1
0.078,0.761,0
0.145,0.769,0
0.507,0.023,3
0.191,0.468,0
1.009,0.568,4
0.347,0.755,0
0.024,0.779,0
0.432,0.654,0
0.479,0.737,0
0.054,0.79,0
0.491,0.065,3
0.975,0.517,2
0.292,0.412,0
0.443,0.661,0
0.489,0.134,3
0.953,0.5,1
0.059,0.807,0
0.264,0.509,0
1.015,0.455,2
0.103,0.804,0
0.967,0.534,1
0.468,0.068,3
0.997,0.563,4
0.133,0.83,0
0.487,0.04,3
0.911,0.577,1
0.426,0.749,0
0.484,0.11,3
0.505,0.089,3
0.246,0.465,0
0.587,0.046,3
0.448,0.712,0
0.438,0.729,0
0.466,0.687,0
0.439,0.715,0
0.262,0.533,0
0.461,0.117,3
0.31,0.393,0
0.479,0.083,3
0.951,0.538,1
0.04,0.895,0
0.084,0.773,0
0.079,0.752,0
0.371,0.731,0
0.924,0.579,1
0.475,0.102,3
0.283,0.452,0
0.405,0.722,0
0.447,0.712,0
0.96,0.56,1
0.47,0.721,0
0.439,0.758,0
0.115,0.781,0
0.432,0.694,0
0.212,0.49,0
0.213,0.528,0
1.036,0.566,4
0.944,0.497,1
0.318,0.437,0
0.108,0.876,0
0.439,0.703,0
0.394,0.758,0
0.452,0.675,0
0.527,0.057,3
0.247,0.484,0
0.422,0.726,0
0.463,0.823,0
0.947,0.541,1
0.507,0.049,3
0.318,0.52,0
0.104,0.785,0
0.112,0.806,0
0.106,0.82,0
0.054,0.72,0
0.908,0.496,1
0.469,0.089,3
0.26,0.544,0
0.478,0.723,0
0.277,0.464,0
0.213,0.49,0
0.028,0.811,0
0.397,0.744,0
0.078,0.848,0
0.247,0.49,0
0.494,0.118,3
0.416,0.673,0
0.973,0.588,4
0.438,0.753,0
0.402,0.752,0
0.97,0.549,4
0.999,0.53,2
0.404,0.685,0
0.441,0.076,3
0.274,0.519,0
0.528,0.042,3
0.218,0.487,0
0.299,0.438,0
0.388,0.728,0
0.96,0.569,4
0.304,0.514,0
0.38,0.696,0
0.267,0.464,0
0.444,0.718,0
0.091,0.806,0
0.108,0.797,0
0.3,0.529,0
0.01,0.697,0
0.469,0.724,0
0.488,0.691,0
0.254,0.447,0
0.229,0.457,0
0.031,0.704,0
0.454,0.693,0
1.036,0.527,2
0.261,0.525,0
0.503,0.075,3
0.482,0.099,3
0.427,0.796,0
0.286,0.457,0
0.464,0.1,3
0.508,0.673,0
0.914,0.494,1
0.935,0.562,1
0.483,0.14,3
0.991,0.427,2
0.08,0.758,0
0.018,0.746,0
0.088,0.768,0
0.437,0.695,0
0.381,0.734,0
0.487,0.642,0
0.172,0.404,0
0.067,0.764,0
0.478,0.059,3
0.516,0.113,3
0.564,0.09,3
0.997,0.544,4
0.488,0.173,3
0.056,0.805,0
0.465,0.719,0
0.12,0.743,0
0.11,0.802,0
0.068,0.848,0
0.497,0.055,3
0.303,0.49,0
0.282,0.526,0
0.276,0.466,0
0.123,0.765,0
0.115,0.767,0
0.449,0.649,0
0.522,0.049,3
1.058,0.58,4
0.5,0.699,0
0.521,0.07,3
0.047,0.807,0
1.012,0.513,2
0.475,0.075,3
0.464,0.688,0
0.092,0.8,0
0.472,0.065,3
0.302,0.428,0
0.995,0.52,2
0.434,0.722,0
0.257,0.54,0
0.506,0.722,0
0.304,0.517,0
0.509,0.714,0
0.232,0.485,0
0.396,0.642,0
1.013,0.556,4
0.48,0.716,0
0.479,0.028,3
0.071,0.795,0
0.464,0.052,3
0.536,0.69,0
0.448,0.736,0
0.48,0.099,3
0.417,0.681,0
0.469,0.043,3
0.43,0.003,3
0.049,0.771,0
0.305,0.494,0
0.285,0.457,0
1.011,0.583,4
1.019,0.475,2
0.401,0.727,0
0.23,0.581,0
0.513,0.001,3
0.469,0.107,3
0.99,0.57,4
0.421,0.668,0
0.396,0.788,0
0.086,0.804,0
0.49,0.118,3
0.46,0.821,0
0.512,0.06,3
1.014,0.567,4
0.574,0.035,3
0.443,0.113,3
0.466,0.082,3
0.071,0.803,0
0.112,0.745,0
0.919,0.573,1
0.414,0.744,0
0.034,0.775,0
0.259,0.528,0
0.479,0.751,0
0.072,0.79,0
0.279,0.462,0
0.428,0.693,0
0.443,0.734,0
0.052,0.819,0
0.268,0.532,0
0.054,0.792,0
0.923,0.537,1
0.545,0.068,3
0.552,0.093,3
0.073,0.811,0
0.489,0.1,3
0.954,0.609,4
0.263,0.457,0
0.214,0.522,0
0.484,0.707,0
0.248,0.494,0
0.01,0.77,0
0.458,0.697,0
0.262,0.59,0
0.188,0.761,0
0.309,0.671,0
0.444,0.727,0
0.13,0.813,0
0.262,0.444,0
0.399,0.753,0
0.043,0.735,0
0.25,0.411,0
0.56,0.088,3
0.433,0.702,0
0.527,0.014,3
0.28,0.482,0
0.535,0.172,3
0.046,0.814,0
0.258,0.493,0
0.974,0.53,2
0.464,0.721,0
1.022,0.456,2
0.468,0.077,3
0.961,0.516,1
0.192,0.547,0
0.444,0.041,3
0.355,0.45,0
0.472,0.718,0
0.038,0.838,0
0.246,0.438,0
0.179,0.499,0
0.503,0.742,0
0.918,0.556,1
0.026,0.781,0
0.212,0.455,0
0.135,0.751,0
0.408,0.757,0
0.394,0.659,0
0.463,0.762,0
0.234,0.567,0
0.437,0.698,0
1.014,0.562,4
0.993,0.613,4
0.079,0.751,0
1.058,0.543,2
0.441,0.719,0
0.267,0.474,0
0.491,0.065,3
1.011,0.518,2
0.049,0.835,0
0.501,0.773,0
0.458,0.721,0
0.447,0.088,3
0.923,0.534,1
1,0.584,4
0.278,0.56,0
0.419,0.689,0
0.968,0.525,1
0.472,0.008,3
0.487,0.084,3
0.503,0.164,3
0.984,0.531,2
0.474,0.699,0
0.115,0.774,0
0.485,0.738,0
1.031,0.559,4
0.481,0.053,3
0.51,0.725,0
0.117,0.758,0
1.01,0.528,2
0.214,0.458,0
0.026,0.877,0
0.044,0.732,0
0.871,0.565,1
0.485,0.014,3
0.317,0.464,0
0.118,0.744,0
0.952,0.496,1
0.355,0.499,0
0.068,0.765,0
0.091,0.787,0
0.568,0.051,3
0.242,0.543,0
0.987,0.506,2
0.066,0.781,0
0.435,0.137,3
0.09,0.766,0
0.538,0.049,3
0.415,0.749,0
0.968,0.571,4
0.27,0.416,0
0.959,0.528,1
0.957,0.555,1
0.277,0.54,0
0.987,0.546,4
0.467,0.689,0
0.065,0.768,0
0.315,0.482,0
0.527,0.091,3
0.461,0.705,0
0.295,0.466,0
0.288,0.548,0
0.059,0.821,0
0.304,0.496,0
0.979,0.541,4
0.41,0.743,0
0.437,0.699,0
0.234,0.55,0
0.285,0.519,0
0.956,0.526,1
0.47,0.752,0
0.43,0.662,0
0.997,0.532,2
0.452,0.741,0
0.228,0.508,0
0.924,0.503,1
0.52,0.098,3
0.275,0.515,0
0.987,0.556,4
0.984,0.536,2
0.971,0.552,4
0.412,0.722,0
0.429,0.038,3
0.423,0.746,0
0.263,0.509,0
0.494,0.111,3
1.008,0.59,4
0.58,0.041,3
0.953,0.501,1
0.465,0.114,3
0.464,0.672,0
0.487,0.657,0
0.447,0.7,0
0.071,0.748,0
0.458,0.731,0
1.001,0.536,2
0.416,0.696,0
0.491,0.112,3
0.421,0.103,3
0.569,0.078,3
0.996,0.549,4
0.498,0.115,3
0.087,0.845,0
0.277,0.478,0
0.446,0.739,0
0.213,0.513,0
0.093,0.769,0
0.404,0.788,0
0.306,0.431,0
0.297,0.509,0
0.265,0.536,0
0.463,0.756,0
0.867,0.519,1
0.437,0.746,0
0.492,0.056,3
0.991,0.511,2
0.286,0.541,0
0.241,0.469,0
0.184,0.454,0
0.277,0.544,0
0.303,0.479,0
0.229,0.505,0
0.008,0.842,0
0.52,0.105,3
0.53,0.002,3
0.294,0.52,0
0.051,0.835,0
0.989,0.507,2
0.327,0.487,0
0.511,0.115,3
0.091,0.824,0
0.432,0.106,3
0.497,0.101,3
0.022,0.758,0
0.285,0.518,0
0.065,0.699,0
0.277,0.446,0
0.128,0.774,0
0.069,0.763,0
0.574,0.04,3
0.096,0.822,0
0.408,0.665,0
1.005,0.482,2
0.89,0.631,1
0.972,0.567,4
0.105,0.691,0
0.061,0.766,0
0.461,0.654,0
0.983,0.494,2
0.299,0.521,0
0.981,0.6,4
0.104,0.823,0
0.485,0.127,3
0.475,0.088,3
1.009,0.576,4
0.236,0.484,0
0.319,0.472,0
0.426,0.764,0
0.413,0.696,0
0.261,0.581,0
0.919,0.541,1
0.14,0.774,0
1.019,0.516,2
0.981,0.544,4
0.059,0.846,0
0.361,0.81,0
0.314,0.582,0
0.203,0.48,0
0.913,0.528,1
0.494,0.058,3
0.467,0.678,0
0.54,0.05,3
0.222,0.457,0
0.296,0.513,0
0.116,0.757,0
1.014,0.56,4
0.453,0.76,0
0.476,0.732,0
0.473,0.085,3
0.371,0.7,0
0.55,0.045,3
0.492,0.078,3
0.269,0.523,0
0.307,0.398,0
1.054,0.555,4
0.962,0.537,1
0.982,0.597,4
0.218,0.515,0
0.06,0.828,0
0.503,0.055,3
0.274,0.497,0
0.52,0.137,3
0.475,0.743,0
0.905,0.603,1
0.443,0.739,0
0.298,0.542,0
0.98,0.546,4
1.043,0.516,2
0.458,0.747,0
0.44,0.71,0
0.101,0.791,0
1.035,0.538,2
0.053,0.823,0
0.309,0.441,0
0.231,0.55,0
0.022,0.736,0
0.455,0.637,0
0.939,0.649,4
0.565,0.006,3
0.357,0.503,0
0.374,0.714,0
0.393,0.727,0
0.982,0.468,2
0.051,0.762,0
0.515,0.035,3
0.987,0.495,2
0.4,0.707,0
0.484,0.128,3
0.447,0.066,3
0.079,0.667,0
0.49,0.085,3
0.989,0.572,4
0.491,0.791,0
0.126,0.799,0
0.551,0.007,3
0.005,0.787,0
0.425,0.738,0
0.274,0.522,0
0.459,0.134,3
0.46,0.738,0
0.104,0.839,0
0.035,0.758,0
1.003,0.555,4
0.243,0.455,0
0.313,0.492,0
0.495,0.01,3
0.5,0.151,3
0.075,0.823,0
0.232,0.557,0
0.496,0.035,3
0.423,0.718,0
1.007,0.474,2
0.28,0.455,0
0.087,0.84,0
0.493,0.045,3
0.96,0.541,1
0.432,0.718,0
0.991,0.508,2
0.961,0.514,1
0.568,0.133,3
0.31,0.457,0
0.542,0.004,3
0.256,0.498,0
0.903,0.566,1
0.261,0.455,0
0.265,0.502,0
0.965,0.603,4
1.004,0.524,2
0.568,0.048,3
0.428,0.707,0
0.298,0.49,0
0.436,0.777,0
0.075,0.776,0
0.319,0.506,0
0.167,0.768,0
0.328,0.529,0
0.964,0.55,1
0.541,0.052,3
0.317,0.443,0
0.223,0.495,0
0.092,0.722,0
0.502,0.094,3
0.456,0.742,0
0.959,0.528,1
0.509,0.063,3
0.518,0.05,3
0.445,0.74,0
0.454,0.729,0
0.498,0.167,3
1.006,0.508,2
0.506,0.085,3
0.133,0.789,0
0.257,0.49,0
0.46,0.748,0
0.971,0.565,4
0.391,0.666,0
0.509,0.029,3
0.994,0.457,2
0.407,0.727,0
0.296,0.604,0
0.96,0.546,1
0.946,0.482,1
0.425,0.723,0
0.286,0.478,0
0.418,0.053,3
0.469,0.077,3
0.956,0.586,4
1.023,0.456,2
0.049,0.79,0
1.009,0.548,4
0.276,0.455,0
0.482,0.645,0
0.485,0.082,3
0.29,0.513,0
0.958,0.602,4
0.509,0.045,3
1.005,0.606,4
0.502,0.078,3
0.203,0.446,0
0.466,0.067,3
0.254,0.526,0
0.132,0.818,0
0.981,0.588,4
0.508,0.668,0
0.065,0.761,0
0.116,0.818,0
0.466,0.035,3
1.008,0.556,4
0.534,0.047,3
0.92,0.547,1
0.257,0.466,0
0.538,0.064,3
0.989,0.56,4
1.056,0.596,4
0.45,0.713,0
0.085,0.768,0
0.915,0.505,1
0.158,0.742,0
0.454,0.691,0
0.92,0.64,4
0.45,0.092,3
0.589,0.055,3
0.306,0.497,0
0.48,0.747,0
0.52,0.656,0
1.02,0.511,2
0.04,0.742,0
0.945,0.526,1
0.447,0.08,3
0.98,0.453,2
0.471,0.692,0
0.046,0.704,0
0.27,0.505,0
0.434,0.091,3
0.435,0.064,3
0.213,0.474,0
0.319,0.496,0
0.44,0.739,0
0.442,0.67,0
0.193,0.493,0
0.498,0.772,0
0.252,0.549,0
0.513,0.037,3
0.443,0.598,0
0.049,0.75,0
0.52,0.051,3
0.507,0.021,3
0.104,0.745,0
0.23,0.482,0
0.067,0.725,0
0.37,0.73,0
0.404,0.727,0
0.275,0.63,0
0.102,0.76,0
0.178,0.852,0
0.477,0.704,0
0.034,0.795,0
0.055,0.808,0
0.039,0.828,0
0.883,0.551,1
0.337,0.491,0
0.441,0.793,0
0.078,0.767,0
0.991,0.554,4
0.475,0.061,3
0.996,0.521,2
0.392,0.666,0
0.112,0.822,0
0.474,0.798,0
1.061,0.586,4
0.382,0.737,0
0.934,0.625,4
0.069,0.761,0
0.48,0.687,0
0.47,0.721,0
0.424,0.685,0
0.408,0.065,3
0.223,0.438,0
0.971,0.572,4
0.403,0.746,0
0.949,0.535,1
0.428,0.721,0
0.501,0.712,0
0.394,0.779,0
0.298,0.478,0
0.957,0.543,1
0.313,0.538,0
0.131,0.814,0
0.24,0.507,0
0.296,0.526,0
0.316,0.462,0
0.152,0.784,0
0.077,0.829,0
0.99,0.52,2
0.543,0.091,3
0.468,0.087,3
0.432,0.032,3
0.478,0.084,3
0.458,0.79,0
0.47,0.708,0
0.452,0.643,0
0.435,0.658,0
0.443,0.721,0
1.023,0.591,4
0.073,0.82,0
0.481,0.033,3
0.076,0.745,0
1.017,0.565,4
0.084,0.761,0
0.915,0.55,1
0.051,0.778,0
0.931,0.537,1
0.99,0.568,4
0.271,0.515,0
0.097,0.763,0
0.49,0.089,3
0.556,0.084,3
0.983,0.508,2
0.432,0.761,0
0.037,0.794,0
0.307,0.525,0
1.013,0.602,4
0.252,0.495,0
0.477,0.69,0
0.117,0.796,0
0.254,0.503,0
0.451,0.66,0
0.476,0.045,3
0.288,0.469,0
0.463,0.754,0
0.095,0.821,0
0.455,0.082,3
0.049,0.731,0
0.986,0.514,2
0.247,0.553,0
0.09,0.727,0
0.412,0.702,0
0.127,0.816,0
0.024,0.782,0
0.056,0.78,0
0.078,0.766,0
0.457,0.762,0
0.979,0.483,2
0.904,0.555,1
0.413,0.705,0
0.278,0.474,0
0.415,0.708,0
0.039,0.813,0
0.501,0.023,3
0.91,0.488,1
0.129,0.802,0
0.939,0.607,4
0.152,0.791,0
0.08,0.735,0
0.52,0.002,3
0.075,0.826,0
0.082,0.741,0
0.379,0.759,0
0.497,0.039,3
0.974,0.574,4
0.478,0.786,0
1.022,0.546,4
0.016,0.793,0
0.287,0.439,0
0.523,0.091,3
0.448,0.123,3
0.084,0.805,0
1.037,0.527,2
0.122,0.747,0
0.991,0.521,2
0.113,0.804,0
0.514,0.028,3
1.012,0.513,2
0.297,0.513,0
0.467,0.72,0
0.363,0.656,0
1.03,0.47,2
0.072,0.848,0
0.205,0.514,0
1.011,0.553,4
0.221,0.553,0
0.246,0.442,0
0.436,0.768,0
0.496,0.07,3
0.461,0.095,3
0.085,0.827,0
1.015,0.59,4
0.501,0.025,3
0.13,0.741,0
0.975,0.51,2
0.464,0.725,0
0.018,0.847,0
0.932,0.545,1
0.969,0.445,2
0.966,0.513,2
0.465,0.067,3
1.037,0.577,4
0.12,0.855,0
0.425,0.752,0
0.507,0.064,3
0.962,0.504,2
0.03,0.787,0
0.063,0.783,0
1.015,0.636,4
0.501,0.659,0
0.028,0.759,0
0.027,0.781,0
0.977,0.537,2
0.452,0.697,0
0.045,0.79,0
0.54,0.746,0
0.521,0.076,3
0.245,0.452,0
0.473,0.676,0
0.528,0.07,3
0.519,0.707,0
0.475,0.009,3
1.029,0.568,4
0.258,0.457,0
0.209,0.541,0
0.031,0.744,0
1.003,0.558,4
0.927,0.499,1
0.273,0.437,0
0.457,0.698,0
0.507,0.06,3
0.011,0.78,0
0.497,0.663,0
0.543,0.077,3
0.027,0.794,0
0.487,0.098,3
0.533,0.052,3
1.01,0.573,4
0.246,0.508,0
0.414,0.791,0
0.418,0.666,0
0.302,0.477,0
0.268,0.526,0
0.975,0.509,2
0.093,0.822,0
0.051,0.884,0
1.062,0.604,4
0.505,0.091,3
0.242,0.461,0
0.448,0.698,0
0.095,0.756,0
0.108,0.822,0
0.342,0.491,0
0.167,0.791,0
0.439,0.682,0
0.961,0.521,1
0.53,0.047,3
0.475,0.085,3
0.438,0.096,3
0.413,0.705,0
0.443,0.155,3
0.072,0.767,0
0.471,0.739,0
0.089,0.745,0
0.414,0.716,0
0.436,0.75,0
0.547,0.054,3
0.986,0.442,2
0.098,0.763,0
0.971,0.516,2
0.946,0.555,1
0.412,0.063,3
0.04,0.744,0
0.504,0.034,3
0.457,0.735,0
0.105,0.827,0
0.078,0.774,0
0.963,0.525,1
0.508,0.071,3
0.235,0.558,0
0.093,0.802,0
0.409,0.03,3
0.317,0.511,0
0.271,0.505,0
0.534,0.054,3
0.466,0.776,0
0.443,0.701,0
0.37,0.723,0
0.249,0.503,0
0.061,0.782,0
0.457,0.722,0
0.486,0.11,3
0.955,0.556,1
1.011,0.526,2
0.292,0.462,0
0.284,0.498,0
0.488,0.731,0
0.08,0.724,0
0.247,0.476,0
0.952,0.578,4
1.028,0.527,2
0.435,0.091,3
0.501,0.099,3
0.174,0.779,0
0.3,0.571,0
0.375,0.683,0
0.973,0.615,4
0.3,0.487,0
0.299,0.492,0
0.107,0.805,0
0.033,0.817,0
0.234,0.462,0
0.041,0.799,0
0.959,0.527,1
0.312,0.527,0
0.987,0.593,4
0.099,0.807,0
0.043,0.762,0
0.108,0.77,0
0.26,0.485,0
0.149,0.726,0
0.069,0.817,0
0.273,0.502,0
0.521,0.031,3
0.503,0.08,3
0.109,0.782,0
1,0.517,2
0.259,0.547,0
0.239,0.47,0
0.114,0.79,0
0.542,0.05,3
0.064,0.8,0
0.926,0.494,1
0.265,0.482,0
0.509,0.074,3
0.317,0.491,0
0.46,0.037,3
0.248,0.478,0
0.081,0.792,0
0.495,0.034,3
0.498,0.758,0
0.313,0.49,0
0.971,0.549,4
0.96,0.535,1
0.996,0.44,2
0.482,0.045,3
1.005,0.55,4
0.976,0.499,2
0.43,0.109,3
0.57,0.074,3
0.522,0.068,3
0.011,0.757,0
1.014,0.519,2
0.939,0.53,1
0.434,0.705,0
0.423,0.77,0
0.497,0.076,3
0.933,0.514,1
1.014,0.54,2
0.51,0.026,3
1.023,0.466,2
0.316,0.493,0
1.068,0.484,2
0.036,0.759,0
0.496,0.044,3
0.025,0.712,0
0.456,0.096,3
0.972,0.552,4
0.971,0.548,4
0.05,0.771,0
0.279,0.499,0
0.293,0.428,0
0.243,0.476,0
0.039,0.739,0
0.418,0.837,0
0.129,0.806,0
0.555,0.004,3
0.356,0.478,0
0.303,0.485,0
0.12,0.745,0
0.12,0.759,0
0.492,0.662,0
0.499,0.018,3
0.532,0.024,3
0.546,0.031,3
0.071,0.826,0
0.166,0.741,0
0.935,0.584,1
0.502,0.06,3
0.414,0.698,0
0.096,0.781,0
0.46,0.758,0
0.308,0.505,0
0.281,0.54,0
0.475,0.058,3
0.482,0.659,0
0.998,0.562,4
0.463,0.721,0
0.107,0.77,0
0.524,0.1,3
0.068,0.758,0
0.228,0.545,0
0.095,0.745,0
0.266,0.47,0
0.322,0.471,0
0.094,0.748,0
0.322,0.488,0
0.54,0.065,3
0.311,0.539,0
0.949,0.621,4
0.38,0.795,0
0.119,0.784,0
0.262,0.512,0
0.994,0.55,4
0.074,0.75,0
1.051,0.545,4
0.514,0.018,3
0.922,0.489,1
0.507,0.031,3
0.247,0.541,0
0.242,0.472,0
0.206,0.467,0
0.418,0.684,0
0.917,0.602,1
0.488,0.068,3
0.544,0.008,3
1.07,0.506,2
0.202,0.487,0
0.123,0.759,0
0.913,0.494,1
0.15,0.754,0
0.212,0.517,0
0.955,0.444,2
0.285,0.571,0
0.51,0.051,3
0.509,0.018,3
0.502,0.024,3
0.026,0.75,0
0.381,0.719,0
0.094,0.775,0
0.007,0.755,0
0.471,0.109,3
0.533,0.075,3
0.358,0.692,0
0.401,0.682,0
0.078,0.788,0
0.461,0.729,0
0.548,0.057,3
0.342,0.537,0
0.067,0.768,0
0.391,0.692,0
1.039,0.565,4
0.021,0.753,0
0.516,0.048,3
0.05,0.745,0
0.507,0.006,3
0.378,0.748,0
0.439,0.747,0
0.493,0.109,3
0.067,0.749,0
0.484,0.048,3
0.94,0.54,1
1.007,0.571,4
0.507,0.704,0
0.29,0.53,0
0.473,0.78,0
0.949,0.543,1
0.936,0.592,1
0.057,0.791,0
0.486,0.009,3
0.318,0.535,0
0.084,0.76,0
0.305,0.397,0
1.02,0.579,4
1.044,0.516,2
0.034,0.724,0
0.931,0.537,1
0.518,0.762,0
0.517,0.039,3
0.212,0.528,0
0.492,0.007,3
0.462,0.021,3
0.515,0.114,3
0.299,0.528,0
0.237,0.48,0
0.348,0.47,0
0.263,0.505,0
0.467,0.786,0
0.265,0.452,0
0.431,0.755,0
0.009,0.763,0
0.466,0.721,0
0.54,0.06,3
1.072,0.544,2
0.087,0.808,0
0.072,0.765,0
1.019,0.573,4
0.416,0.757,0
0.51,0.682,0
0.412,0.765,0
0.502,0.102,3
0.065,0.75,0
0.246,0.411,0
0.049,0.773,0
0.229,0.506,0
0.39,0.745,0
0.304,0.482,0
0.562,0.061,3
0.099,0.692,0
0.383,0.709,0
0.333,0.456,0
0.269,0.533,0
0.585,0.03,3
0.415,0.737,0
0.465,0.106,3
1.019,0.636,4
1.017,0.484,2
0.501,0.121,3
0.914,0.567,1
0.137,0.793,0
0.004,0.758,0
0.427,0.646,0
0.484,0.022,3
0.105,0.801,0
0.271,0.526,0
0.066,0.819,0
0.505,0.089,3
0.521,0.087,3
0.928,0.531,1
0.526,0.126,3
0.302,0.482,0
0.479,0.049,3
0.517,0.06,3
0.508,0.071,3
0.915,0.542,1
0.511,0.052,3
0.056,0.757,0
0.021,0.8,0
0.468,0.673,0
0.514,0.057,3
0.364,0.731,0
0.079,0.794,0
0.556,0.035,3
0.625,0.135,3
0.51,0.075,3
0.436,0.707,0
0.293,0.47,0
0.435,0.763,0
0.339,0.48,0
0.046,0.745,0
0.058,0.798,0
0.071,0.725,0
0.442,0.003,3
0.302,0.534,0
0.245,0.535,0
0.263,0.472,0
0.054,0.746,0
0.442,0.758,0
0.122,0.835,0
0.291,0.444,0
0.422,0.76,0
0.978,0.539,4
0.932,0.463,1
0.099,0.782,0
0.397,0.695,0
0.47,0.113,3
0.57,0.114,3
0.248,0.471,0
0.974,0.542,1
0.207,0.473,0
0.498,0.061,3
0.297,0.527,0
0.904,0.617,1
0.312,0.474,0
0.551,0.758,0
0.489,0.065,3
0.107,0.841,0
0.319,0.556,0
0.954,0.549,1
0.039,0.752,0
0.303,0.517,0
0.461,0.739,0
0.271,0.501,0
0.27,0.449,0
0.222,0.499,0
0.102,0.766,0
0.499,0.021,3
1.014,0.514,2
0.127,0.81,0
0.504,0.139,3
0.947,0.551,1
0.106,0.778,0
0.329,0.711,0
0.538,0.061,3
0.408,0.724,0
0.081,0.747,0
0.084,0.797,0
0.226,0.485,0
0.472,0.745,0
0.112,0.737,0
0.944,0.555,1
0.465,0.803,0
0.021,0.815,0
0.286,0.427,0
0.955,0.575,4
0.463,0.752,0
0.451,0.744,0
1.04,0.46,2
0.11,0.82,0
0.05,0.829,0
0.976,0.583,4
0.497,0.724,0
0.936,0.504,1
0.471,0.108,3
0.172,0.799,0
1.003,0.498,2
0.535,0.135,3
0.13,0.755,0
0.3,0.449,0
0.457,0.706,0
0.358,0.43,0
0.119,0.702,0
0.097,0.796,0
0.251,0.511,0
0.92,0.492,1
0.33,0.499,0
0.941,0.534,1
0.617,0.082,3
0.244,0.486,0
0.496,0.117,3
0.495,0.08,3
0.436,0.667,0
0.488,0.127,3
0.38,0.674,0
0.098,0.799,0
0.934,0.608,4
0.566,0.084,3
0.301,0.509,0
0.236,0.474,0
0.496,0.833,0
0.051,0.758,0
0.967,0.487,2
0.412,0.783,0
0.464,0.762,0
0.412,0.7,0
0.96,0.472,2
0.083,0.801,0
0.029,0.79,0
0.336,0.477,0
0.978,0.507,2
0.047,0.755,0
1.04,0.571,4
0.482,0.046,3
0.428,0.753,0
0.897,0.517,1
0.084,0.687,0
0.244,0.518,0
0.954,0.541,1
1.021,0.528,2
0.091,0.819,0
0.993,0.579,4
0.549,0.056,3
0.276,0.544,0
0.458,0.686,0
0.284,0.508,0
0.41,0.739,0
0.504,0.753,0
0.253,0.53,0
0.282,0.57,0
0.266,0.551,0
0.373,0.722,0
0.423,0.741,0
0.436,0.768,0
0.068,0.827,0
0.102,0.85,0
0.416,0.718,0
0.093,0.789,0
0.435,0.67,0
0.014,0.828,0
0.454,0.684,0
0.069,0.792,0
0.008,0.784,0
0.254,0.478,0
0.039,0.753,0
0.451,0.706,0
0.4,0.743,0
0.275,0.506,0
1.049,0.61,4
0.452,0.69,0
0.47,0.048,3
0.441,0.749,0
0.106,0.752,0
0.163,0.537,0
0.434,0.669,0
0.304,0.505,0
0.386,0.717,0
0.935,0.612,4
0.256,0.476,0
0.434,0.668,0
0.074,0.808,0
0.233,0.513,0
0.472,0.061,3
1.025,0.532,2
0.494,0.732,0
0.408,0.072,3
0.1,0.758,0
0.933,0.52,1
0.119,0.791,0
0.3,0.42,0
0.385,0.733,0
0.515,0.748,0
0.516,0.08,3
1.01,0.506,2
0.516,0.094,3
1.033,0.521,2
0.109,0.72,0
0.952,0.471,2
0.248,0.472,0
0.029,0.806,0
0.438,0.66,0
0.238,0.492,0
0.56,0.063,3
0.415,0.748,0
0.987,0.536,2
1.018,0.673,4
0.297,0.51,0
0.269,0.552,0
0.042,0.735,0
0.459,0.036,3
0.264,0.483,0
0.249,0.398,0
0.468,0.685,0
0.451,0.724,0
0.193,0.451,0
0.531,0.079,3
0.526,0.036,3
0.545,0.053,3
0.058,0.837,0
0.977,0.522,2
0.514,0.14,3
0.03,0.794,0
0.514,0.047,3
0.152,0.776,0
1.073,0.566,4
0.492,0.085,3
0.536,0.082,3
0.497,0.012,3
0.502,0.781,0
0.228,0.465,0
0.317,0.531,0
0.027,0.788,0
0.123,0.709,0
0.13,0.745,0
0.029,0.808,0
0.424,0.743,0
1.044,0.55,4
0.516,0.79,0
0.947,0.508,1
0.458,0.182,3
0.52,0.067,3
0.403,0.748,0
0.435,0.75,0
0.511,0.072,3
0.511,0.104,3
0.128,0.742,0
0.063,0.757,0
0.506,0.037,3
0.308,0.517,0
0.529,0.057,3
0.308,0.577,0
0.34,0.482,0
0.392,0.676,0
0.491,0.103,3
1.013,0.569,4
0.113,0.723,0
0.089,0.851,0
0.401,0.731,0
0.26,0.526,0
0.53,0.138,3
0.449,0.071,3
0.936,0.619,4
0.529,0.018,3
0.985,0.565,4
0.949,0.541,1
0.968,0.519,1
0.988,0.488,2
0.181,0.5,0
0.527,0.083,3
1.006,0.518,2
0.001,0.795,0
0.506,0.083,3
0.934,0.563,1
0.473,0.009,3
0.056,0.773,0
0.467,0.021,3
0.988,0.568,4
0.439,0.771,0
0.46,0.721,0
0.505,0.055,3
0.072,0.817,0
0.421,0.645,0
0.037,0.837,0
0.467,0.086,3
0.411,0.672,0
0.51,0.132,3
1.052,0.592,4
0.574,0.126,3
0.258,0.475,0
0.236,0.547,0
0.979,0.549,4
0.314,0.432,0
0.407,0.674,0
0.383,0.747,0
0.465,0.722,0
0.91,0.549,1
0.52,0.036,3
0.431,0.663,0
0.553,0.109,3
0.293,0.441,0
0.059,0.756,0
0.063,0.751,0
0.301,0.429,0
0.228,0.451,0
0.408,0.758,0
0.934,0.538,1
0.539,0.086,3
0.272,0.505,0
0.059,0.761,0
0.494,0.007,3
0.519,0.132,3
0.991,0.539,4
0.916,0.543,1
0.413,0.746,0
0.451,0.721,0
0.437,0.754,0
0.481,0.14,3
0.394,0.727,0
0.213,0.489,0
0.456,0.754,0
0.432,0.786,0
0.967,0.534,1
0.433,0.751,0
0.955,0.506,1
0.121,0.837,0
0.461,0.662,0
0.103,0.809,0
0.307,0.423,0
0.419,0.749,0
0.445,0.715,0
1.01,0.489,2
0.283,0.466,0
0.153,0.746,0
0.262,0.492,0
0.463,0.753,0
0.479,0.702,0
1.062,0.551,4
1.014,0.63,4
0.125,0.76,0
0.471,0.066,3
0.438,0.74,0
0.414,0.73,0
0.421,0.722,0
0.495,0.053,3
0.936,0.577,1
0.968,0.531,1
0.534,0.083,3
0.486,0.713,0
0.903,0.519,1
0.073,0.71,0
1,0.543,4
0.44,0.736,0
0.46,0.726,0
0.436,0.09,3
0.461,0.02,3
0.246,0.454,0
0.102,0.787,0
0.241,0.455,0
0.005,0.733,0
0.264,0.447,0
0.028,0.738,0
0.987,0.504,2
0.277,0.503,0
0.464,0.69,0
0.979,0.584,4
1.003,0.564,4
0.5,0.043,3
0.417,0.66,0
0.442,0.797,0
0.523,0.142,3
0.247,0.409,0
0.946,0.448,2
0.2,0.459,0
0.048,0.786,0
0.519,0.685,0
0.992,0.516,2
0.063,0.825,0
0.279,0.512,0
0.323,0.373,0
0.07,0.715,0
0.49,0.818,0
1.019,0.531,2
0.919,0.558,1
0.034,0.755,0
1.007,0.514,2
0.267,0.48,0
0.068,0.782,0
0.408,0.742,0
0.442,0.683,0
0.003,0.783,0
0.424,0.715,0
0.518,0.155,3
0.492,0.705,0
0.973,0.521,2
0.522,0.063,3
0.298,0.507,0
0.986,0.589,4
0.936,0.532,1
0.074,0.815,0
0.026,0.795,0
0.059,0.843,0
0.977,0.446,2
0.942,0.575,1
0.064,0.763,0
0.431,0.745,0
0.483,0.017,3
1.042,0.549,4
0.333,0.499,0
0.976,0.493,2
0.03,0.808,0
0.021,0.775,0
0.397,0.709,0
0.449,0.734,0
1,0.546,4
0.109,0.801,0
0.962,0.52,1
0.068,0.817,0
0.424,0.73,0
0.03,0.844,0
0.321,0.5,0
0.537,0.079,3
0.058,0.731,0
1.049,0.515,2
1.013,0.494,2
0.946,0.556,1
0.952,0.542,1
0.247,0.484,0
0.508,0.023,3
0.964,0.511,1
0.558,0.114,3
0.114,0.757,0
0.352,0.572,0
0.465,0.718,0
0.509,0.032,3
1.004,0.601,4
0.438,0.055,3
0.508,0.033,3
0.265,0.438,0
1.046,0.64,4
0.251,0.466,0
0.274,0.476,0
0.298,0.454,0
0.969,0.554,4
0.972,0.559,4
0.144,0.78,0
0.283,0.464,0
0.434,0.72,0
0.142,0.824,0
0.989,0.473,2
0.445,0.734,0
0.003,0.716,0
0.423,0.689,0
0.504,0.721,0
0.036,0.801,0
0.046,0.792,0
0.464,0.66,0
0.42,0.754,0
0.937,0.603,4
0.501,0.09,3
0.23,0.557,0
0.266,0.508,0
0.41,0.714,0
0.024,0.809,0
0.95,0.518,1
0.5,0.76,0
0.988,0.525,2
0.271,0.511,0
0.292,0.518,0
0.383,0.667,0
0.012,0.761,0
0.093,0.749,0
0.032,0.849,0
0.879,0.545,1
0.916,0.565,1
0.503,0.733,0
0.519,0.035,3
0.444,0.719,0
0.52,0.061,3
1.02,0.493,2
0.966,0.515,1
0.355,0.703,0
0.09,0.803,0
1.032,0.507,2
0.506,0.103,3
0.997,0.496,2
0.392,0.742,0
0.458,0.012,3
0.283,0.586,0
0.467,0.097,3
0.398,0.743,0
0.42,0.632,0
0.164,0.53,0
0.072,0.716,0
0.278,0.504,0
0.217,0.507,0
0.313,0.389,0
0.034,0.843,0
0.472,0.136,3
0.918,0.507,1
0.462,0.741,0
0.207,0.548,0
0.062,0.833,0
0.342,0.477,0
0.422,0.732,0
0.424,0.726,0
0.475,0.69,0
0.226,0.584,0
0.923,0.508,1
0.057,0.784,0
0.931,0.546,1
0.083,0.762,0
0.056,0.751,0
0.215,0.607,0
0.55,0.052,3
0.98,0.612,4
0.41,0.708,0
0.033,0.822,0
0.452,0.048,3
0.416,0.762,0
0.935,0.524,1
0.459,0.744,0
0.234,0.49,0
0.01,0.767,0
0.23,0.52,0
0.221,0.512,0
0.449,0.728,0
0.039,0.774,0
0.521,0.076,3
0.424,0.726,0
0.454,0.671,0
0.41,0.742,0
0.331,0.523,0
0.386,0.794,0
0.937,0.522,1
0.219,0.515,0
0.403,0.697,0
0.957,0.486,2
1.036,0.577,4
0.476,0.752,0
0.522,0.01,3
1.039,0.601,4
0.402,0.021,3
0.511,0.748,0
0.975,0.524,2
0.06,0.702,0
0.438,0.81,0
1.013,0.504,2
0.274,0.477,0
0.478,0.074,3
0.094,0.74,0
0.247,0.537,0
0.943,0.532,1
0.298,0.436,0
0.275,0.55,0
0.441,0.74,0
0.108,0.724,0
1,0.548,4
0.547,0.1,3
0.466,0.042,3
0.941,0.508,1
0.974,0.538,1
0.512,0.017,3
0.438,0.737,0
0.435,0.691,0
0.312,0.549,0
0.416,0.031,3
0.28,0.543,0
0.053,0.781,0
0.55,0.074,3
0.049,0.744,0
0.093,0.863,0
0.479,0.736,0
0.48,0.049,3
0.257,0.505,0
0.503,0.07,3
0.465,0.774,0
1.084,0.525,2
0.037,0.73,0
0.991,0.464,2
0.109,0.739,0
0.956,0.52,1
0.41,0.704,0
0.235,0.519,0
0.265,0.506,0
1.05,0.506,2
0.508,0.173,3
0.089,0.778,0
0.482,0.094,3
0.069,0.745,0
0.541,0.036,3
0.226,0.538,0
0.442,0.705,0
0.238,0.49,0
0.531,0.136,3
0.511,0.148,3
0.292,0.558,0
0.309,0.464,0
0.378,0.624,0
0.225,0.564,0
0.234,0.459,0
0.256,0.491,0
0.089,0.719,0
0.275,0.497,0
0.437,0.77,0
0.312,0.511,0
0.372,0.776,0
0.318,0.551,0
0.286,0.509,0
0.448,0.07,3
0.374,0.091,3
0.996,0.508,2
0.495,0.045,3
0.283,0.535,0
0.524,0.022,3
0.958,0.575,4
0.485,0.649,0
0.493,0.084,3
0.98,0.565,4
0.98,0.594,4
0.498,0.083,3
1.021,0.548,4
0.09,0.804,0
0.976,0.522,2
0.416,0.759,0
0.428,0.61,0
0.111,0.793,0
0.49,0.73,0
0.121,0.826,0
0.439,0.787,0
0.939,0.537,1
0.448,0.026,3
0.524,0.032,3
0.4,0.782,0
0.481,0.013,3
0.381,0.695,0
0.996,0.554,4
0.517,0.718,0
0.871,0.582,1
0.105,0.782,0
1.05,0.484,2
0.243,0.477,0
0.428,0.722,0
0.07,0.844,0
0.504,0.065,3
0.469,0.769,0
0.436,0.1,3
0.217,0.461,0
0.154,0.761,0
0.325,0.498,0
0.387,0.698,0
0.982,0.639,4
0.43,0.675,0
0.286,0.507,0
0.139,0.784,0
0.293,0.522,0
0.507,0.104,3
0.927,0.497,1
0.083,0.76,0
0.278,0.523,0
0.007,0.766,0
0.242,0.527,0
0.053,0.744,0
0.493,0.772,0
0.253,0.446,0
0.514,0.011,3
0.43,0.738,0
0.506,0.097,3
0.457,0.68,0
0.3,0.515,0
0.444,0.045,3
0.028,0.736,0
0.42,0.728,0
0.278,0.439,0
0.386,0.716,0
0.071,0.765,0
0.992,0.521,2
0.122,0.832,0
0.437,0.674,0
0.108,0.792,0
0.467,0.054,3
1.01,0.512,2
0.967,0.499,2
0.449,0.049,3
0.497,0.072,3
0.521,0.075,3
0.076,0.779,0
0.39,0.743,0
0.231,0.513,0
0.002,0.791,0
0.094,0.695,0
0.097,0.822,0
0.249,0.475,0
0.473,0.016,3
1.068,0.514,2
0.913,0.515,1
0.246,0.519,0
0.089,0.824,0
0.441,0.161,3
0.24,0.469,0
0.117,0.77,0
0.126,0.716,0
0.501,0.089,3
0.945,0.562,1
0.059,0.771,0
1.009,0.535,2
0.586,0.026,3
0.299,0.541,0
0.968,0.583,4
0.489,0.782,0
0.475,0.134,3
0.104,0.796,0
0.971,0.511,2
0.292,0.501,0
0.419,0.08,3
0.116,0.731,0
0.469,0.698,0
0.283,0.441,0
0.535,0.093,3
0.024,0.746,0
0.377,0.755,0
0.471,0.769,0
0.405,0.791,0
0.044,0.72,0
0.073,0.783,0
0.437,0.072,3
0.544,0.035,3
0.997,0.514,2
0.313,0.463,0
0.433,0.661,0
0.475,0.115,3
0.946,0.539,1
0.952,0.537,1
0.4,0.722,0
0.506,0.126,3
0.948,0.537,1
0.445,0.72,0
1.011,0.51,2
0.975,0.578,4
0.499,0.105,3
0.441,0.013,3
1.014,0.461,2
0.228,0.509,0
0.423,0.699,0
0.485,0.048,3
0.46,0.739,0
0.051,0.821,0
0.561,0.059,3
0.259,0.517,0
0.114,0.774,0
0.103,0.738,0
0.105,0.77,0
0.525,0.127,3
0.936,0.563,1
0.476,0.748,0
1.011,0.61,4
0.399,0.754,0
0.328,0.497,0
0.075,0.861,0
1.017,0.548,4
0.101,0.774,0
1.014,0.638,4
1.01,0.535,2
0.233,0.622,0
0.263,0.576,0
0.287,0.484,0
0.132,0.809,0
0.482,0.752,0
0.511,0.122,3
0.926,0.573,1
0.436,0.794,0
0.013,0.743,0
0.42,0.691,0
0.064,0.759,0
0.282,0.458,0
0.39,0.767,0
1.013,0.495,2
0.407,0.65,0
0.171,0.81,0
0.305,0.488,0
0.455,0.087,3
0.448,0.057,3
0.198,0.503,0
0.412,0.745,0
0.485,0.112,3
0.409,0.105,3
0.257,0.517,0
0.97,0.487,2
0.909,0.524,1
0.074,0.811,0
0.522,0.026,3
0.995,0.502,2
0.933,0.474,1
0.413,0.718,0
0.069,0.835,0
0.084,0.768,0
0.431,0.726,0
0.991,0.583,4
0.534,0.045,3
0.275,0.469,0
0.253,0.525,0
0.126,0.883,0
0.478,0.071,3
0.972,0.551,4
1.042,0.575,4
0.504,0.77,0
0.467,0.751,0
0.488,0.09,3
0.437,0.095,3
0.075,0.773,0
0.468,0.033,3
0.473,0.72,0
0.032,0.79,0
0.402,0.745,0
0.018,0.787,0
0.313,0.508,0
0.33,0.551,0
0.492,0.734,0
0.108,0.822,0
1.03,0.514,2
0.945,0.529,1
0.545,0.036,3
0.444,0.698,0
0.977,0.569,4
0.47,0.108,3
0.261,0.545,0
0.113,0.772,0
0.469,0.731,0
0.481,0.115,3
0.292,0.559,0
0.272,0.538,0
0.405,0.726,0
0.09,0.818,0
0.065,0.888,0
0.989,0.553,4
0.041,0.698,0
0.128,0.768,0
0.259,0.515,0
0.998,0.516,2
0.902,0.552,1
0.469,0.011,3
0.192,0.563,0
0.121,0.778,0
0.446,0.762,0
0.375,0.471,0
1.04,0.51,2
0.041,0.758,0
0.047,0.863,0
0.065,0.859,0
1.013,0.57,4
0.244,0.576,0
0.984,0.447,2
0.06,0.773,0
0.48,0.089,3
0.462,0.17,3
0.492,0.084,3
0.549,0.054,3
0.338,0.443,0
0.524,0.035,3
0.102,0.78,0
0.066,0.866,0
0.486,0.113,3
0.236,0.437,0
0.975,0.594,4
0.386,0.688,0
1.005,0.549,4
0.273,0.481,0
0.122,0.785,0
0.221,0.574,0
0.044,0.702,0
0.279,0.38,0
0.121,0.778,0
0.145,0.812,0
0.3,0.501,0
0.939,0.579,1
1.023,0.599,4
0.09,0.735,0
0.402,0.741,0
0.269,0.565,0
0.28,0.498,0
0.481,0.673,0
0.35,0.528,0
0.482,0.107,3
1.006,0.565,4
0.034,0.777,0
0.189,0.461,0
0.461,0.105,3
0.487,0.137,3
0.403,0.693,0
0.926,0.57,1
0.104,0.828,0
0.904,0.563,1
0.462,0.71,0
0.984,0.514,2
0.449,0.732,0
0.964,0.594,4
0.99,0.528,2
0.484,0.058,3
0.45,0.73,0
1.017,0.643,4
0.489,0.049,3
0.955,0.517,1
0.988,0.584,4
0.129,0.797,0
0.054,0.833,0
0.445,0.046,3
0.168,0.79,0
0.481,0.103,3
0.224,0.432,0
0.293,0.493,0
0.971,0.494,2
0.464,0.106,3
0.429,0.777,0
0.439,0.684,0
0.141,0.802,0
0.038,0.811,0
0.023,0.82,0
0.47,0.082,3
1,0.491,2
0.322,0.469,0
0.464,0.113,3
0.064,0.759,0
0.311,0.5,0
0.049,0.82,0
0.096,0.804,0
0.465,0.001,3
0.304,0.463,0
0.97,0.54,1
0.258,0.547,0
0.987,0.561,4
0.326,0.526,0
0.034,0.783,0
0.363,0.704,0
1.068,0.49,2
0.555,0.106,3
0.954,0.462,2
0.529,0.031,3
0.958,0.566,1
0.096,0.709,0
0.017,0.803,0
0.483,0.719,0
0.491,0.059,3
0.231,0.6,0
0.981,0.515,2
0.974,0.462,2
0.951,0.573,1
0.429,0.712,0
0.407,0.712,0
0.472,0.688,0
0.479,0.104,3
0.41,0.762,0
0.458,0.696,0
0.096,0.769,0
0.348,0.542,0
0.287,0.456,0
0.52,0.057,3
0.095,0.777,0
0.528,0.055,3
0.305,0.484,0
0.535,0.064,3
0.472,0.699,0
0.405,0.768,0
0.371,0.703,0
0.186,0.53,0
0.089,0.779,0
0.5,0.047,3
0.935,0.492,1
0.939,0.578,1
0.298,0.463,0
0.374,0.662,0
0.423,0.701,0
1.015,0.548,4
0.468,0.678,0
0.257,0.482,0
0.281,0.499,0
0.419,0.697,0
0.327,0.479,0
0.1,0.763,0
0.267,0.564,0
1.021,0.55,4
0.552,0.099,3
1.002,0.516,2
0.023,0.751,0
0.978,0.578,4
1.04,0.527,2
0.445,0.125,3
0.96,0.575,4
0.109,0.701,0
0.282,0.486,0
0.521,0.129,3
1.005,0.543,4
0.135,0.835,0
0.453,0.143,3
0.203,0.571,0
0.303,0.493,0
0.41,0.742,0
0.353,0.499,0
0.456,0.688,0
0.931,0.553,1
0.379,0.719,0
0.564,0.113,3
0.258,0.51,0
0.046,0.84,0
0.125,0.846,0
0.427,0.667,0
0.045,0.808,0
0.541,0.024,3
0.423,0.756,0
0.442,0.759,0
0.276,0.517,0
0.128,0.731,0
0.267,0.478,0
0.406,0.684,0
0.472,0.019,3
0.517,0.063,3
0.053,0.76,0
0.091,0.739,0
0.449,0.012,3
1.053,0.586,4
0.917,0.502,1
0.411,0.711,0
0.379,0.712,0
0.957,0.528,1
0.233,0.497,0
0.909,0.557,1
0.435,0.678,0
0.496,0.09,3
0.053,0.695,0
0.358,0.771,0
0.39,0.077,3
0.488,0.732,0
1.013,0.518,2
0.325,0.523,0
0.054,0.829,0
0.27,0.486,0
0.096,0.702,0
1.062,0.574,4
0.523,0.065,3
0.466,0.656,0
0.434,0.718,0
0.997,0.528,2
0.05,0.754,0
0.084,0.755,0
1.037,0.578,4
0.943,0.541,1
0.326,0.546,0
0.397,0.765,0
0.489,0.089,3
0.465,0.022,3
0.002,0.811,0
0.927,0.476,1
0.502,0.061,3
0.287,0.442,0
0.455,0.75,0
0.284,0.557,0
0.047,0.85,0
0.464,0.739,0
0.085,0.692,0
0.943,0.533,1
0.502,0.075,3
0.438,0.717,0
0.055,0.799,0
0.449,0.711,0
0.089,0.789,0
0.043,0.757,0
0.294,0.496,0
0.3,0.434,0
0.418,0.726,0
0.444,0.699,0
0.389,0.726,0
0.977,0.503,2
0.061,0.861,0
0.973,0.579,4
0.559,0.059,3
0.067,0.829,0
0.273,0.515,0
0.061,0.839,0
0.451,0.047,3
0.453,0.085,3
0.391,0.716,0
0.052,0.792,0
0.083,0.746,0
0.059,0.792,0
0.422,0.746,0
0.512,0.116,3
0.461,0.059,3
0.3,0.472,0
0.302,0.488,0
0.958,0.559,1
0.389,0.695,0
0.217,0.533,0
0.021,0.742,0
0.113,0.803,0
0.137,0.733,0
0.107,0.831,0
0.327,0.752,0
0.084,0.793,0
0.59,0.081,3
0.092,0.757,0
1.028,0.57,4
0.536,0.094,3
1.02,0.571,4
0.064,0.717,0
0.519,0.171,3
0.488,0.636,0
0.325,0.524,0
0.08,0.758,0
0.996,0.604,4
0.553,0.111,3
0.957,0.55,1
0.518,0.042,3
0.312,0.52,0
0.424,0.748,0
0.298,0.507,0
0.007,0.742,0
0.495,0.091,3
0.494,0.021,3
0.007,0.807,0
0.42,0.12,3
0.51,0.071,3
0.454,0.733,0
0.398,0.651,0
0.952,0.573,1
0.943,0.547,1
0.057,0.829,0
0.059,0.759,0
0.099,0.777,0
0.114,0.84,0
0.207,0.508,0
0.572,0.118,3
0.962,0.575,4
0.252,0.508,0
0.057,0.842,0
0.428,0.78,0
0.083,0.784,0
0.43,0.759,0
0.453,0.094,3
0.219,0.492,0
0.273,0.543,0
0.301,0.472,0
0.476,0.069,3
0.257,0.475,0
0.287,0.547,0
0.414,0.704,0
0.469,0.115,3
0.482,0.036,3
0.525,0.057,3
0.962,0.491,2
0.088,0.731,0
0.312,0.44,0
0.311,0.472,0
0.972,0.554,4
1.028,0.589,4
0.043,0.777,0
0.903,0.561,1
0.986,0.444,2
0.236,0.526,0
1.026,0.472,2
0.977,0.583,4
0.413,0.761,0
0.417,0.695,0
0.497,0.056,3
0.303,0.502,0
0.463,0.686,0
0.092,0.734,0
0.069,0.756,0
0.986,0.511,2
0.535,0.064,3
0.066,0.751,0
0.283,0.469,0
0.121,0.782,0
0.518,0.079,3
0.23,0.555,0
0.988,0.545,4
0.087,0.81,0
0.289,0.403,0
0.515,0.064,3
0.047,0.752,0
0.366,0.754,0
1.023,0.531,2
0.4,0.717,0
0.08,0.716,0
0.401,0.762,0
0.44,0.716,0
0.544,0.082,3
0.948,0.565,1
0.219,0.553,0
0.483,0.031,3
0.447,0.747,0
0.428,0.724,0
0.309,0.536,0
0.348,0.688,0
0.078,0.76,0
0.266,0.534,0
0.389,0.776,0
0.334,0.54,0
0.395,0.731,0
0.532,0.11,3
0.949,0.597,4
0.484,0.082,3
0.489,0.089,3
0.557,0.069,3
0.227,0.473,0
0.427,0.712,0
0.396,0.722,0
0.416,0.113,3
0.272,0.572,0
0.42,0.733,0
0.33,0.715,0
0.31,0.578,0
0.97,0.537,1
1.02,0.567,4
1.024,0.537,2
0.288,0.515,0
0.19,0.53,0
0.554,0.155,3
0.053,0.805,0
0.493,0.11,3
0.046,0.771,0
0.573,0.037,3
0.44,0.801,0
0.52,0.76,0
0.402,0.732,0
0.475,0.711,0
1.081,0.581,4
0.913,0.572,1
0.525,0.102,3
0.318,0.569,0
0.961,0.509,1
0.438,0.688,0
0.487,0.756,0
0.073,0.832,0
0.946,0.61,4
0.023,0.761,0
0.414,0.05,3
0.964,0.472,2
0.964,0.432,2
0.055,0.858,0
0.429,0.672,0
0.457,0.789,0
1.022,0.477,2
0.054,0.807,0
0.389,0.68,0
0.295,0.449,0
1.027,0.552,4
0.556,0.119,3
0.249,0.519,0
0.481,0.767,0
0.505,0.058,3
0.925,0.591,1
0.473,0.068,3
0.985,0.453,2
0.919,0.542,1
0.178,0.761,0
0.545,0.091,3
0.235,0.507,0
0.285,0.51,0
0.973,0.513,2
0.022,0.737,0
0.305,0.43,0
0.994,0.577,4
0.296,0.609,0
0.519,0.126,3
0.224,0.532,0
0.064,0.856,0
0.377,0.682,0
0.486,0.738,0
0.897,0.531,1
0.249,0.436,0
0.45,0.7,0
0.505,0.032,3
0.509,0.795,0
0.269,0.478,0
0.266,0.479,0
0.287,0.498,0
0.389,0.646,0
0.393,0.681,0
0.404,0.703,0
0.269,0.503,0
0.967,0.488,2
0.95,0.496,1
1.005,0.5,2
0.981,0.499,2
0.287,0.519,0
0.934,0.446,2
0.264,0.47,0
0.283,0.51,0
0.529,0.088,3
0.038,0.764,0
0.07,0.708,0
0.523,0.031,3
0.063,0.75,0
0.05,0.747,0
0.255,0.442,0
0.216,0.497,0
0.997,0.508,2
0.073,0.772,0
0.479,0.709,0
0.512,0.006,3
0.124,0.738,0
0.54,0.071,3
0.074,0.786,0
0.452,0.043,3
0.942,0.554,1
0.293,0.502,0
0.31,0.524,0
0.442,0.653,0
0.113,0.835,0
0.301,0.53,0
0.43,0.7,0
0.906,0.58,1
1.036,0.54,2
0.446,0.775,0
0.947,0.553,1
0.458,0.069,3
1.11,0.476,2
0.534,0.028,3
0.093,0.889,0
0.934,0.538,1
0.912,0.554,1
0.426,0.733,0
0.088,0.765,0
0.263,0.51,0
0.447,0.809,0
0.467,0.768,0
0.096,0.723,0
0.466,0.096,3
0.074,0.774,0
0.525,0.116,3
0.051,0.73,0
0.495,0.027,3
0.249,0.569,0
0.291,0.488,0
0.218,0.495,0
0.493,0.009,3
1.093,0.485,2
1.005,0.498,2
0.528,0.113,3
0.062,0.737,0
0.063,0.784,0
1.014,0.567,4
0.982,0.542,4
0.273,0.517,0
0.374,0.76,0
0.137,0.73,0
0.43,0.669,0
0.061,0.718,0
0.221,0.491,0
0.288,0.493,0
0.283,0.571,0
0.38,0.534,0
0.201,0.484,0
0.48,0.708,0
0.514,0.784,0
0.937,0.506,1
0.175,0.505,0
0.093,0.753,0
0.255,0.567,0
0.116,0.783,0
0.945,0.515,1
0.251,0.567,0
0.268,0.511,0
0.5,0.075,3
0.491,0.103,3
0.451,0.701,0
0.08,0.805,0
0.457,0.667,0
0.089,0.811,0
0.428,0.708,0
0.916,0.498,1
0.219,0.51,0
0.484,0.697,0
0.071,0.752,0
0.465,0.762,0
0.069,0.747,0
0.418,0.731,0
0.537,0.024,3
0.089,0.798,0
0.048,0.822,0
0.257,0.529,0
0.969,0.607,4
0.262,0.577,0
0.453,0.685,0
0.055,0.761,0
0.401,0.67,0
0.429,0.716,0
1.016,0.508,2
0.507,0.078,3
0.035,0.791,0
0.937,0.534,1
0.293,0.495,0
0.377,0.722,0
0.041,0.778,0
0.196,0.486,0
0.121,0.784,0
0.497,0.12,3
0.532,0.03,3
0.519,0.119,3
0.093,0.827,0
0.248,0.51,0
0.297,0.527,0
0.379,0.641,0
0.441,0.669,0
0.887,0.573,1
0.506,0.076,3
0.938,0.57,1
0.251,0.47,0
0.232,0.451,0
0.116,0.753,0
0.464,0.685,0
0.258,0.495,0
0.516,0.106,3
0.073,0.771,0
0.051,0.848,0
0.089,0.815,0
0.421,0.636,0
0.464,0.651,0
0.994,0.542,4
0.538,0.119,3
0.356,0.708,0
0.478,0.003,3
0.432,0.738,0
0.466,0.753,0
0.445,0.697,0
0.536,0.105,3
0.061,0.765,0
0.941,0.544,1
0.978,0.597,4
0.272,0.544,0
0.168,0.508,0
0.529,0.064,3
0.443,0.688,0
0.999,0.503,2
0.453,0.056,3
0.533,0.069,3
0.477,0.089,3
0.512,0.705,0
0.979,0.505,2
0.966,0.495,2
0.285,0.474,0
0.113,0.782,0
1.015,0.529,2
0.416,0.788,0
0.389,0.709,0
0.366,0.717,0
0.494,0.74,0
0.402,0.091,3
0.042,0.733,0
0.953,0.444,2
0.502,0.103,3
0.494,0.729,0
0.46,0.78,0
0.051,0.761,0
0.078,0.788,0
0.288,0.515,0
0.492,0.705,0
0.386,0.715,0
0.058,0.731,0
0.328,0.456,0
0.901,0.529,1
0.99,0.482,2
0.537,0.118,3
0.951,0.533,1
0.382,0.755,0
0.292,0.495,0
0.414,0.7,0
0.263,0.497,0
0.272,0.528,0
0.482,0.101,3
0.294,0.505,0
0.49,0.092,3
0.938,0.603,4
0.036,0.753,0
0.279,0.454,0
0.975,0.662,4
1.053,0.555,4
1.043,0.486,2
0.229,0.453,0
0.278,0.422,0
0.038,0.773,0
0.953,0.539,1
0.496,0.696,0
1.001,0.56,4
0.964,0.528,1
0.48,0.689,0
0.476,0.769,0
0.433,0.717,0
0.45,0.781,0
0.301,0.482,0
0.429,0.686,0
0.952,0.484,2
0.275,0.503,0
0.283,0.51,0
0.455,0.043,3
0.105,0.764,0
0.342,0.467,0
0.395,0.642,0
0.542,0.008,3
0.489,0.044,3
0.416,0.755,0
0.461,0.081,3
0.261,0.518,0
0.087,0.876,0
0.035,0.706,0
0.543,0.115,3
0.239,0.475,0
0.519,0.752,0
0.26,0.464,0
0.335,0.58,0
0.314,0.505,0
0.085,0.777,0
0.195,0.511,0
0.993,0.521,2
0.216,0.522,0
0.472,0.08,3
0.061,0.766,0
0.436,0.778,0
0.237,0.461,0
0.289,0.563,0
0.192,0.454,0
0.419,0.732,0
0.979,0.537,2
0.068,0.808,0
0.999,0.538,2
0.534,0.002,3
0.383,0.711,0
0.967,0.592,4
0.497,0.039,3
0.549,0.048,3
0.14,0.796,0
0.232,0.439,0
0.489,0.788,0
0.366,0.755,0
0.364,0.464,0
0.251,0.556,0
0.347,0.54,0
0.447,0.637,0
0.455,0.719,0
0.487,0.75,0
0.481,0.729,0
0.427,0.708,0
0.935,0.506,1
0.338,0.511,0
0.581,0.031,3
0.3,0.491,0
0.026,0.782,0
0.227,0.527,0
0.442,0.029,3
0.312,0.485,0
0.061,0.797,0
0.087,0.788,0
0.923,0.552,1
0.374,0.725,0
0.568,0.017,3
0.508,0.028,3
0.24,0.549,0
0.972,0.516,2
0.494,0.109,3
0.998,0.534,2
0.892,0.543,1
0.12,0.757,0
0.467,0.731,0
0.323,0.763,0
0.466,0.046,3
0.94,0.544,1
0.992,0.475,2
0.945,0.588,4
0.47,0.124,3
0.972,0.551,4
1.01,0.533,2
0.955,0.518,1
0.061,0.787,0
0.329,0.464,0
0.492,0.024,3
0.066,0.797,0
0.094,0.783,0
0.1,0.835,0
0.239,0.489,0
0.487,0.705,0
0.061,0.808,0
0.969,0.568,4
0.532,0.09,3
0.971,0.553,4
0.266,0.513,0
0.545,0.06,3
1.022,0.577,4
0.269,0.471,0
0.492,0.094,3
0.462,0.122,3
0.493,0.088,3
0.512,0.117,3
0.424,0.079,3
0.347,0.647,0
0.056,0.782,0
1.022,0.605,4
0.006,0.723,0
0.431,0.657,0
0.398,0.798,0
0.199,0.467,0
0.062,0.762,0
0.962,0.592,4
0.011,0.812,0
0.266,0.454,0
0.46,0.756,0
0.496,0.083,3
0.978,0.459,2
0.304,0.557,0
1.017,0.555,4
0.937,0.573,1
0.066,0.752,0
0.038,0.788,0
0.311,0.483,0
0.566,0.043,3
0.06,0.777,0
0.293,0.476,0
0.087,0.846,0
0.134,0.744,0
0.307,0.428,0
0.548,0.048,3
0.226,0.497,0
0.021,0.788,0
0.323,0.535,0
0.026,0.72,0
0.225,0.502,0
0.041,0.789,0
0.416,0.024,3
0.079,0.752,0
0.482,0.016,3
0.427,0.677,0
0.497,0.738,0
0.411,0.769,0
0.494,0.071,3
0.29,0.53,0
0.269,0.477,0
0.529,0.046,3
0.087,0.697,0
0.4,0.712,0
0.948,0.508,1
0.939,0.482,1
0.467,0.757,0
0.473,0.001,3
0.197,0.475,0
0.513,0.037,3
0.052,0.791,0
0.002,0.745,0
0.484,0.118,3
0.062,0.734,0
0.477,0.145,3
0.412,0.708,0
0.48,0.093,3
0.282,0.456,0
0.442,0.061,3
0.294,0.626,0
0.31,0.445,0
0.002,0.814,0
1.051,0.503,2
1.08,0.498,2
0.41,0.649,0
0.25,0.491,0
0.27,0.567,0
0.977,0.576,4
0.262,0.451,0
0.456,0.003,3
0.943,0.489,1
0.097,0.686,0
0.487,0.053,3
0.09,0.775,0
0.065,0.752,0
0.14,0.861,0
0.395,0.638,0
0.5,0.008,3
0.482,0.092,3
0.539,0.138,3
0.463,0.751,0
0.469,0.763,0
0.475,0.647,0
0.098,0.847,0
0.032,0.766,0
0.073,0.81,0
0.054,0.768,0
0.1,0.758,0
0.522,0.036,3
0.219,0.543,0
0.503,0.037,3
1.094,0.623,4
0.307,0.453,0
0.274,0.422,0
0.535,0.087,3
0.556,0.11,3
0.311,0.491,0
1.004,0.507,2
0.31,0.474,0
0.274,0.456,0
0.281,0.483,0
0.402,0.703,0
0.076,0.796,0
0.499,0.061,3
0.458,0.092,3
0.519,0.078,3
0.023,0.749,0
0.021,0.803,0
0.403,0.783,0
0.428,0.714,0
0.432,0.715,0
0.965,0.576,4
0.956,0.523,1
0.22,0.503,0
0.075,0.769,0
0.432,0.7,0
1.048,0.517,2
0.485,0.051,3
0.416,0.741,0
0.236,0.482,0
0.912,0.563,1
0.402,0.676,0
0.277,0.485,0
0.5,0.102,3
0.447,0.736,0
0.353,0.725,0
0.435,0.726,0
0.28,0.468,0
0.044,0.842,0
0.941,0.515,1
0.226,0.439,0
0.064,0.718,0
0.997,0.487,2
0.079,0.725,0
0.29,0.568,0
0.125,0.817,0
0.967,0.623,4
0.508,0.068,3
0.467,0.706,0
0.012,0.78,0
0.293,0.471,0
0.405,0.748,0
0.492,0.071,3
0.469,0.67,0
0.491,0.023,3
0.511,0.043,3
0.254,0.548,0
0.296,0.485,0
0.064,0.732,0
0.457,0.72,0
0.239,0.502,0
0.015,0.829,0
0.438,0.655,0
0.429,0.688,0
0.339,0.523,0
0.254,0.519,0
0.327,0.459,0
0.236,0.55,0
0.476,0.121,3
0.472,0.738,0
0.026,0.756,0
0.089,0.734,0
0.233,0.474,0
1.014,0.511,2
0.078,0.769,0
0.223,0.465,0
0.089,0.737,0
0.365,0.725,0
0.511,0.637,0
0.257,0.48,0
0.459,0.647,0
0.118,0.823,0
0.575,0.077,3
0.245,0.486,0
0.527,0.053,3
0.127,0.774,0
0.464,0.043,3
0.27,0.548,0
0.998,0.556,4
1.038,0.458,2
0.484,0.764,0
0.362,0.663,0
0.25,0.57,0
0.402,0.724,0
0.367,0.495,0
0.413,0.661,0
0.085,0.818,0
0.944,0.582,1
0.939,0.518,1
0.155,0.727,0
0.986,0.497,2
0.992,0.493,2
0.507,0.09,3
0.088,0.787,0
0.525,0.16,3
1.049,0.556,4
0.972,0.55,4
0.256,0.526,0
0.053,0.831,0
0.379,0.74,0
1.062,0.545,4
0.215,0.512,0
0.104,0.839,0
0.327,0.491,0
0.282,0.398,0
0.987,0.546,4
0.513,0.1,3
0.068,0.717,0
0.35,0.697,0
0.348,0.736,0
0.515,0.069,3
0.54,0.099,3
0.24,0.462,0
0.3,0.578,0
0.566,0.097,3
0.284,0.452,0
0.533,0.069,3
0.489,0.081,3
0.558,0.05,3
0.507,0.032,3
0.315,0.509,0
0.261,0.495,0
0.277,0.48,0
0.459,0.018,3
0.458,0.042,3
0.528,0.018,3
0.089,0.804,0
0.957,0.631,4
0.413,0.745,0
0.506,0.069,3
0.196,0.51,0
0.056,0.768,0
0.02,0.743,0
0.52,0.063,3
0.514,0.738,0
0.947,0.579,1
0.28,0.509,0
0.343,0.489,0
0.309,0.586,0
0.05,0.812,0
0.257,0.518,0
0.008,0.822,0
0.542,0.078,3
0.266,0.44,0
0.179,0.553,0
1.001,0.561,4
1.051,0.625,4
0.148,0.771,0
0.432,0.714,0
0.509,0.676,0
0.435,0.718,0
0.327,0.497,0
0.431,0.714,0
0.056,0.821,0
0.43,0.108,3
1.013,0.582,4
0.523,0.032,3
0.099,0.818,0
0.325,0.46,0
0.523,0.06,3
0.102,0.767,0
0.423,0.752,0
0.54,0.059,3
0.491,0.035,3
0.443,0.704,0
0.306,0.524,0
0.114,0.784,0
0.444,0.691,0
0.515,0.006,3
1.002,0.602,4
0.25,0.48,0
0.336,0.474,0
1.015,0.518,2
1.069,0.505,2
0.968,0.532,1
0.475,0.084,3
0.519,0.046,3
0.251,0.556,0
0.296,0.564,0
0.513,0.059,3
0.549,0.007,3
0.52,0.095,3
0.498,0.749,0
0.561,0.149,3
0.956,0.506,1
0.043,0.744,0
0.483,0.024,3
0.38,0.7,0
0.237,0.534,0
0.415,0.769,0
0.935,0.554,1
0.041,0.742,0
0.954,0.57,1
0.223,0.495,0
0.244,0.473,0
0.475,0.774,0
0.255,0.504,0
0.5,0.08,3
0.048,0.767,0
0.988,0.617,4
0.963,0.621,4
0.105,0.789,0
0.973,0.556,4
0.481,0.692,0
1.021,0.541,2
0.454,0.768,0
0.003,0.775,0
0.435,0.733,0
0.949,0.556,1
0.084,0.796,0
0.103,0.79,0
0.547,0.096,3
0.563,0.052,3
0.009,0.815,0
0.477,0.73,0
0.064,0.747,0
0.419,0.783,0
0.088,0.767,0
0.339,0.569,0
0.045,0.725,0
0.445,0.798,0
0.969,0.536,1
0.032,0.73,0
0.515,0.135,3
1.016,0.485,2
0.291,0.506,0
0.434,0.71,0
0.544,0.055,3
0.473,0.029,3
1.048,0.612,4
0.32,0.495,0
0.062,0.799,0
0.943,0.591,4
0.529,0.708,0
0.058,0.822,0
0.968,0.567,4
0.45,0.695,0
0.234,0.501,0
0.494,0.048,3
0.909,0.534,1
0.498,0.703,0
0.045,0.803,0
1.023,0.528,2
0.272,0.577,0
0.494,0.651,0
0.205,0.545,0
0.064,0.825,0
0.553,0.727,0
0.247,0.543,0
0.111,0.78,0
0.315,0.504,0
0.047,0.8,0
0.229,0.493,0
0.509,0.089,3
0.099,0.739,0
0.439,0.692,0
0.486,0.057,3
0.495,0.078,3
0.239,0.515,0
0.085,0.774,0
0.066,0.698,0
1.011,0.592,4
0.414,0.76,0
0.332,0.483,0
0.363,0.683,0
0.527,0.665,0
0.305,0.551,0
1.013,0.508,2
0.993,0.491,2
1.006,0.511,2
0.216,0.749,0
1.001,0.592,4
0.406,0.711,0
0.388,0.706,0
0.095,0.79,0
0.43,0.717,0
0.285,0.474,0
0.472,0.116,3
0.371,0.084,3
0.048,0.7,0
0.001,0.735,0
0.297,0.556,0
0.483,0.788,0
0.489,0.151,3
0.295,0.549,0
0.943,0.531,1
0.236,0.442,0
0.515,0.046,3
0.091,0.795,0
0.895,0.618,1
0.3,0.512,0
0.874,0.515,1
1.002,0.524,2
0.349,0.459,0
0.433,0.033,3
0.284,0.522,0
0.98,0.617,4
0.952,0.523,1
0.508,0.679,0
0.497,0.06,3
0.53,0.073,3
0.555,0.001,3
0.96,0.554,1
0.489,0.012,3
0.956,0.53,1
0.526,0.039,3
0.968,0.553,4
0.256,0.502,0
0.514,0.8,0
0.492,0.729,0
0.275,0.522,0
0.475,0.684,0
0.535,0.005,3
0.379,0.708,0
0.109,0.686,0
0.446,0.055,3
0.442,0.059,3
0.456,0.039,3
0.547,0.101,3
0.014,0.757,0
0.277,0.477,0
0.501,0.072,3
1.025,0.473,2
0.451,0.74,0
0.453,0.691,0
0.265,0.569,0
0.482,0.07,3
0.992,0.615,4
0.95,0.541,1
0.366,0.554,0
0.256,0.531,0
0.461,0.065,3
1.004,0.529,2
0.464,0.046,3
0.501,0.053,3
0.087,0.808,0
0.911,0.523,1
0.947,0.57,1
0.964,0.463,2
0.996,0.563,4
0.261,0.543,0
0.41,0.776,0
0.964,0.55,1
0.554,0.727,0
0.967,0.516,2
0.521,0.034,3
0.513,0.717,0
0.266,0.548,0
0.29,0.521,0
0.499,0.717,0
0.253,0.514,0
0.011,0.811,0
0.969,0.505,2
0.502,0.084,3
0.071,0.782,0
0.068,0.789,0
0.054,0.787,0
1.006,0.543,4
0.269,0.499,0
0.035,0.762,0
1.025,0.525,2
0.485,0.734,0
0.511,0.135,3
0.99,0.539,4
0.99,0.493,2
0.483,0.697,0
0.054,0.765,0
0.076,0.789,0
0.061,0.791,0
0.984,0.486,2
0.08,0.724,0
0.916,0.577,1
0.943,0.578,1
0.965,0.59,4
1.037,0.553,4
0.054,0.768,0
0.962,0.566,4
0.476,0.704,0
0.066,0.849,0
0.994,0.574,4
0.933,0.534,1
0.485,0.036,3
1.028,0.536,2
0.972,0.574,4
0.268,0.522,0
1.001,0.524,2
0.554,0.105,3
0.081,0.807,0
0.953,0.526,1
0.43,0.745,0
0.509,0.088,3
1.018,0.516,2
0.328,0.757,0
0.066,0.781,0
0.52,0.679,0
0.492,0.015,3
0.452,0.748,0
0.155,0.816,0
0.124,0.782,0
0.407,0.714,0
0.99,0.524,2
0.277,0.575,0
0.487,0.741,0
0.405,0.738,0
0.171,0.746,0
0.062,0.808,0
0.543,0.061,3
0.532,0.055,3
0.33,0.465,0
0.217,0.51,0
0.108,0.763,0
0.938,0.53,1
0.465,0.087,3
0.395,0.746,0
0.962,0.575,4
0.288,0.514,0
0.063,0.753,0
0.111,0.857,0
0.009,0.78,0
0.398,0.73,0
0.202,0.499,0
0.068,0.702,0
1.019,0.524,2
0.078,0.823,0
0.966,0.596,4
0.065,0.735,0
0.473,0.7,0
0.51,0.132,3
0.098,0.773,0
0.367,0.723,0
0.251,0.506,0
0.986,0.566,4
0.245,0.497,0
1.039,0.545,4
0.494,0.104,3
0.058,0.767,0
0.052,0.749,0
0.463,0.053,3
0.337,0.504,0
0.531,0.006,3
0.214,0.493,0
0.391,0.696,0
0.434,0.708,0
0.28,0.498,0
0.468,0.732,0
0.465,0.008,3
0.238,0.49,0
0.092,0.758,0
0.286,0.468,0
0.079,0.801,0
0.055,0.752,0
0.553,0.066,3
0.452,0.738,0
0.483,0.064,3
0.573,0.043,3
0.469,0.066,3
0.492,0.088,3
1,0.587,4
1.008,0.576,4
0.415,0.658,0
0.303,0.567,0
1.054,0.476,2
0.079,0.77,0
0.478,0.062,3
0.54,0.034,3
0.265,0.531,0
0.426,0.695,0
0.502,0.067,3
0.223,0.377,0
0.091,0.825,0
0.032,0.778,0
0.899,0.482,1
0.263,0.579,0
0.445,0.738,0
0.966,0.534,1
0.96,0.545,1
0.062,0.752,0
0.292,0.524,0
0.232,0.552,0
0.243,0.466,0
1.003,0.622,4
0.478,0.105,3
0.033,0.755,0
0.232,0.424,0
0.283,0.518,0
0.415,0.057,3
0.515,0.034,3
0.227,0.484,0
0.275,0.524,0
0.105,0.866,0
0.957,0.478,2
0.29,0.515,0
0.285,0.539,0
0.935,0.504,1
0.508,0.11,3
0.998,0.477,2
0.076,0.737,0
0.471,0.71,0
0.98,0.6,4
0.072,0.809,0
0.116,0.854,0
0.974,0.529,2
0.408,0.721,0
0.501,0.065,3
0.228,0.456,0
0.973,0.571,4
0.053,0.797,0
0.555,0.091,3
0.575,0.042,3
0.12,0.855,0
0.11,0.775,0
0.443,0.014,3
0.955,0.531,1
0.265,0.516,0
0.327,0.544,0
0.513,0.109,3
0.984,0.525,2
0.487,0.763,0
0.967,0.603,4
1.076,0.559,4
0.063,0.834,0
0.08,0.829,0
0.431,0.687,0
0.345,0.509,0
0.064,0.841,0
0.234,0.441,0
1.019,0.499,2
0.105,0.854,0
0.336,0.471,0
0.975,0.566,4
1.013,0.546,4
0.102,0.731,0
0.085,0.689,0
1.01,0.527,2
0.277,0.44,0
0.577,0.042,3
0.277,0.474,0
0.41,0.025,3
0.37,0.668,0
0.27,0.571,0
0.485,0.753,0
0.483,0.729,0
0.279,0.478,0
0.082,0.777,0
0.256,0.537,0
0.519,0.038,3
1.052,0.641,4
0.36,0.763,0
0.466,0.811,0
0.524,0.104,3
0.985,0.557,4
0.019,0.764,0
0.472,0.052,3
0.569,0.088,3
0.991,0.55,4
0.959,0.483,2
0.333,0.523,0
0.097,0.797,0
0.486,0.031,3
0.094,0.753,0
0.956,0.478,2
0.948,0.544,1
0.951,0.474,2
0.528,0.071,3
0.045,0.809,0
0.054,0.805,0
0.503,0.091,3
0.31,0.517,0
1.024,0.56,4
0.412,0.803,0
0.418,0.028,3
0.461,0.786,0
0.987,0.472,2
0.249,0.45,0
0.308,0.471,0
0.455,0.767,0
0.954,0.524,1
0.213,0.555,0
0.954,0.536,1
0.368,0.75,0
0.301,0.49,0
0.471,0.693,0
0.999,0.581,4
0.223,0.472,0
0.55,0.115,3
0.077,0.818,0
0.048,0.804,0
0.924,0.527,1
0.116,0.798,0
0.998,0.545,4
0.098,0.753,0
0.965,0.579,4
0.223,0.527,0
1.023,0.533,2
0.471,0.754,0
0.098,0.752,0
0.239,0.498,0
0.432,0.139,3
0.38,0.735,0
0.257,0.492,0
0.461,0.706,0
0.239,0.431,0
0.239,0.47,0
0.947,0.499,1
0.278,0.436,0
0.455,0.689,0
0.288,0.444,0
0.512,0.135,3
0.437,0.705,0
0.966,0.584,4
0.265,0.551,0
0.516,0.009,3
0.446,0.712,0
0.535,0.057,3
0.048,0.738,0
0.428,0.715,0
0.411,0.669,0
0.957,0.49,2
0.001,0.837,0
0.262,0.446,0
0.288,0.495,0
1.011,0.58,4
0.06,0.786,0
0.462,0.078,3
0.004,0.761,0
0.547,0.03,3
0.445,0.687,0
0.963,0.562,4
0.118,0.763,0
0.96,0.599,4
0.196,0.802,0
0.227,0.477,0
0.136,0.728,0
0.94,0.557,1
0.278,0.512,0
0.215,0.583,0
0.227,0.488,0
0.522,0.068,3
0.232,0.454,0
0.448,0.71,0
0.07,0.78,0
0.02,0.854,0
0.091,0.728,0
0.201,0.517,0
0.525,0.063,3
0.541,0.039,3
0.293,0.507,0
0.376,0.744,0
0.451,0.057,3
0.512,0.127,3
0.153,0.823,0
0.061,0.815,0
0.281,0.523,0
0.922,0.6,1
0.156,0.827,0
0.114,0.804,0
0.485,0.082,3
0.942,0.582,1
0.939,0.551,1
0.359,0.676,0
0.425,0.705,0
0.1,0.808,0
0.521,0.018,3
0.583,0.134,3
0.089,0.825,0
0.474,0.096,3
0.436,0.714,0
0.481,0.066,3
0.536,0.134,3
0.455,0.744,0
0.286,0.551,0
0.27,0.477,0
0.331,0.527,0
0.057,0.798,0
0.103,0.684,0
0.948,0.567,1
0.4,0.656,0
0.99,0.599,4
0.283,0.471,0
0.998,0.557,4
0.472,0.049,3
0.541,0.082,3
0.483,0.009,3
0.07,0.807,0
0.454,0.045,3
0.511,0.064,3
0.212,0.503,0
0.256,0.484,0
0.539,0.071,3
0.403,0.663,0
0.551,0.136,3
0.403,0.775,0
0.189,0.532,0
0.106,0.779,0
0.439,0.77,0
1.045,0.514,2
0.956,0.561,1
0.295,0.482,0
0.093,0.812,0
0.143,0.798,0
0.514,0.135,3
1.061,0.519,2
1,0.589,4
0.29,0.535,0
0.526,0.044,3
0.015,0.871,0
0.08,0.841,0
0.459,0.09,3
0.336,0.783,0
0.395,0.728,0
0.467,0.72,0
0.443,0.032,3
0.92,0.587,1
0.502,0.109,3
0.069,0.795,0
0.975,0.544,4
0.507,0.032,3
0.044,0.731,0
0.581,0.109,3
0.104,0.764,0
0.428,0.732,0
0.306,0.54,0
0.872,0.524,1
0.45,0.712,0
0.515,0.073,3
0.291,0.532,0
0.099,0.75,0
0.108,0.823,0
0.992,0.572,4
0.495,0.089,3
1.007,0.505,2
0.093,0.788,0
0.511,0.095,3
0.912,0.58,1
0.054,0.736,0
0.279,0.53,0
0.109,0.764,0
0.432,0.782,0
0.455,0.715,0
0.527,0.137,3
0.085,0.751,0
0.441,0.722,0
0.299,0.469,0
0.071,0.753,0
0.109,0.796,0
0.127,0.817,0
0.484,0.007,3
0.508,0.749,0
0.501,0.11,3
0.053,0.813,0
0.439,0.738,0
0.421,0.606,0
0.482,0.688,0
0.093,0.804,0
0.493,0.128,3
0.04,0.823,0
0.996,0.564,4
0.03,0.756,0
0.235,0.53,0
0.999,0.496,2
0.277,0.51,0
0.949,0.559,1
0.931,0.544,1
0.884,0.52,1
0.413,0.032,3
0.907,0.601,1
0.258,0.433,0
0.507,0.101,3
0.46,0.692,0
1.01,0.628,4
0.59,0.052,3
1.018,0.533,2
0.391,0.716,0
0.284,0.489,0
0.243,0.502,0
0.977,0.543,4
0.047,0.824,0
0.448,0.743,0
0.489,0.77,0
0.242,0.384,0
0.472,0.785,0
0.921,0.485,1
0.112,0.82,0
0.537,0.045,3
0.061,0.73,0
0.045,0.785,0
0.953,0.473,2
0.043,0.761,0
0.469,0.125,3
0.512,0.108,3
0.078,0.768,0
0.456,0.076,3
0.443,0.097,3
0.969,0.54,1
0.992,0.495,2
0.429,0.046,3
0.526,0.039,3
0.264,0.502,0
0.403,0.749,0
0.538,0.116,3
1.091,0.513,2
0.495,0.834,0
0.5,0.094,3
0.082,0.655,0
0.934,0.515,1
0.48,0.779,0
0.133,0.805,0
0.11,0.767,0
0.496,0.014,3
0.145,0.741,0
0.938,0.521,1
0.089,0.792,0
0.476,0.784,0
0.263,0.492,0
0.49,0.08,3
0.403,0.721,0
0.917,0.559,1
0.992,0.513,2
0.334,0.51,0
0.436,0.667,0
0.518,0.147,3
1.004,0.596,4
0.302,0.516,0
0.252,0.516,0
0.409,0.775,0
0.582,0.153,3
0.315,0.485,0
0.909,0.508,1
0.49,0.111,3
0.938,0.588,1
0.439,0.673,0
0.445,0.715,0
0.989,0.517,2
0.522,0.103,3
0.534,0.131,3
1,0.518,2
0.111,0.798,0
0.982,0.577,4
0.071,0.744,0
0.992,0.526,2
0.523,0.051,3
0.551,0.035,3
0.98,0.56,4
0.54,0.084,3
0.903,0.524,1
0.027,0.801,0
1.032,0.537,2
0.976,0.539,1
1.033,0.552,4
0.102,0.855,0
0.092,0.793,0
0.964,0.566,4
0.048,0.754,0
0.052,0.76,0
0.459,0.697,0
0.435,0.702,0
0.908,0.519,1
0.478,0.097,3
0.52,0.077,3
0.074,0.725,0
0.51,0.043,3
0.517,0.04,3
0.107,0.834,0
0.471,0.773,0
1.058,0.554,4
0.409,0.741,0
0.128,0.815,0
0.027,0.737,0
0.478,0.05,3
0.477,0.092,3
1.009,0.615,4
0.029,0.741,0
0.099,0.842,0
0.492,0.01,3
0.403,0.732,0
0.29,0.542,0
0.973,0.503,2
0.075,0.818,0
0.248,0.511,0
0.534,0.078,3
0.068,0.731,0
0.475,0.742,0
0.512,0.103,3
0.509,0.14,3
0.28,0.529,0
0.467,0.079,3
0.334,0.52,0
0.065,0.831,0
0.043,0.732,0
0.507,0.057,3
0.965,0.629,4
0.284,0.533,0
0.477,0.719,0
0.493,0.006,3
0.46,0.724,0
0.527,0.057,3
0.052,0.762,0
0.242,0.611,0
0.314,0.457,0
0.244,0.52,0
0.568,0.042,3
0.1,0.806,0
0.993,0.579,4
0.43,0.739,0
0.421,0.674,0
0.026,0.712,0
0.443,0.716,0
0.547,0.087,3
0.98,0.547,4
0.924,0.464,1
0.439,0.747,0
0.444,0.723,0
0.519,0.053,3
0.425,0.815,0
0.466,0.041,3
0.21,0.518,0
0.27,0.516,0
0.105,0.771,0
0.506,0.013,3
0.253,0.452,0
0.429,0.702,0
0.959,0.459,2
0.46,0.049,3
0.501,0.059,3
0.448,0.732,0
0.483,0.724,0
0.457,0.767,0
0.997,0.531,2
0.284,0.453,0
0.077,0.773,0
1.002,0.52,2
0.366,0.666,0
1.008,0.516,2
0.994,0.47,2
0.917,0.591,1
0.443,0.78,0
0.954,0.547,1
0.239,0.539,0
0.413,0.703,0
0.507,0.03,3
0.306,0.458,0
0.51,0.764,0
0.458,0.718,0
0.963,0.449,2
0.977,0.608,4
0.399,0.708,0
0.462,0.027,3
0.038,0.723,0
0.292,0.554,0
0.114,0.701,0
0.265,0.473,0
0.472,0.087,3
0.116,0.801,0
0.889,0.538,1
0.088,0.708,0
0.029,0.772,0
0.461,0.101,3
0.275,0.478,0
0.573,0.13,3
0.597,0.072,3
0.058,0.749,0
0.376,0.785,0
0.296,0.487,0
0.471,0.087,3
0.313,0.451,0
0.309,0.481,0
0.916,0.598,1
0.414,0.748,0
0.487,0.744,0
0.502,0.096,3
0.256,0.497,0
0.376,0.063,3
0.561,0.126,3
0.975,0.585,4
0.289,0.613,0
0.498,0.059,3
0.225,0.436,0
0.224,0.549,0
0.053,0.794,0
0.442,0.696,0
0.274,0.52,0
0.497,0.668,0
0.933,0.596,1
0.957,0.539,1
0.082,0.736,0
0.462,0.716,0
0.968,0.593,4
0.436,0.679,0
0.073,0.796,0
0.05,0.738,0
0.243,0.542,0
0.298,0.494,0
0.462,0.694,0
0.432,0.706,0
0.24,0.541,0
0.498,0.7,0
0.053,0.764,0
0.413,0.711,0
0.971,0.534,1
0.425,0.683,0
0.548,0.103,3
0.078,0.66,0
1.033,0.497,2
0.389,0.785,0
0.488,0.094,3
0.441,0.745,0
0.378,0.755,0
0.921,0.553,1
0.097,0.869,0
0.437,0.073,3
0.993,0.529,2
0.468,0.722,0
0.968,0.574,4
0.221,0.504,0
0.366,0.686,0
0.19,0.554,0
0.093,0.812,0
0.067,0.773,0
0.239,0.536,0
0.514,0.041,3
0.1,0.805,0
0.469,0.656,0
0.457,0.057,3
0.116,0.769,0
0.965,0.554,1
0.298,0.428,0
0.519,0.122,3
0.34,0.437,0
0.501,0.082,3
1.016,0.534,2
0.416,0.769,0
0.217,0.505,0
1.046,0.574,4
0.926,0.519,1
0.295,0.512,0
0.463,0.708,0
0.252,0.448,0
0.921,0.539,1
0.588,0.071,3
0.494,0.002,3
0.404,0.8,0
0.505,0.018,3
0.508,0.036,3
0.091,0.751,0
0.509,0.042,3
0.496,0.753,0
0.572,0.1,3
0.099,0.827,0
0.121,0.727,0
0.452,0.755,0
0.435,0.774,0
0.239,0.553,0
0.322,0.486,0
0.955,0.492,2
0.456,0.034,3
0.167,0.534,0
0.334,0.709,0
0.256,0.532,0
0.055,0.827,0
0.354,0.673,0
0.584,0.068,3
0.495,0.082,3
0.422,0.646,0
0.508,0.052,3
0.05,0.795,0
0.082,0.847,0
0.269,0.515,0
0.929,0.519,1
0.976,0.543,4
0.439,0.715,0
0.107,0.777,0
0.059,0.85,0
0.439,0.693,0
0.516,0.136,3
0.059,0.834,0
0.492,0.06,3
0.494,0.085,3
0.103,0.783,0
0.432,0.721,0
0.473,0.091,3
0.578,0.035,3
0.118,0.845,0
0.254,0.486,0
1.045,0.526,2
0.24,0.441,0
0.998,0.583,4
0.899,0.504,1
0.501,0.098,3
0.994,0.526,2
0.437,0.066,3
0.042,0.759,0
0.953,0.541,1
0.904,0.519,1
0.09,0.778,0
1.004,0.513,2
0.37,0.617,0
0.531,0.079,3
0.94,0.544,1
0.295,0.57,0
0.047,0.726,0
0.25,0.448,0
0.089,0.838,0
0.076,0.839,0
0.085,0.779,0
0.096,0.78,0
0.352,0.533,0
0.566,0.115,3
0.37,0.55,0
1.02,0.472,2
0.432,0.709,0
0.491,0.097,3
0.487,0.038,3
0.426,0.771,0
0.995,0.632,4
0.446,0.69,0
0.508,0.712,0
0.041,0.764,0
0.178,0.496,0
0.504,0.131,3
0.063,0.791,0
0.084,0.798,0
0.093,0.732,0
0.967,0.6,4
0.104,0.753,0
0.486,0.124,3
0.096,0.804,0
0.468,0.123,3
0.297,0.435,0
0.27,0.546,0
0.992,0.469,2
0.471,0.726,0
0.567,0.731,0
0.468,0.17,3
0.097,0.792,0
0.103,0.779,0
0.284,0.454,0
0.973,0.528,2
0.531,0.112,3
0.138,0.782,0
0.243,0.497,0
0.446,0.64,0
0.381,0.439,0
0.93,0.57,1
0.598,0.078,3
0.085,0.807,0
0.475,0.063,3
0.078,0.783,0
0.456,0.694,0
0.95,0.506,1
0.417,0.656,0
0.558,0.141,3
0.444,0.668,0
0.997,0.468,2
1.039,0.502,2
0.021,0.744,0
0.114,0.763,0
0.299,0.519,0
1.023,0.582,4
0.087,0.757,0
0.453,0.08,3
0.462,0.089,3
0.243,0.499,0
0.991,0.534,2
0.526,0.05,3
0.428,0.042,3
0.288,0.46,0
0.294,0.509,0
0.242,0.463,0
0.043,0.765,0
1.004,0.505,2
0.99,0.531,2
0.933,0.55,1
0.393,0.753,0
0.562,0.004,3
0.471,0.063,3
0.062,0.772,0
0.416,0.693,0
0.456,0.74,0
0.054,0.798,0
0.522,0.664,0
0.311,0.514,0
0.081,0.878,0
0.274,0.496,0
0.306,0.575,0
0.058,0.771,0
0.03,0.719,0
0.237,0.56,0
0.964,0.547,1
0.971,0.537,1
0.499,0.07,3
0.23,0.481,0
0.252,0.533,0
0.487,0.051,3
0.052,0.811,0
0.956,0.498,1
0.374,0.699,0
0.378,0.735,0
0.418,0.784,0
0.562,0.079,3
0.066,0.79,0
0.472,0.75,0
0.516,0.093,3
0.097,0.773,0
0.416,0.696,0
0.018,0.771,0
0.031,0.755,0
0.954,0.532,1
0.496,0.745,0
0.44,0.662,0
0.923,0.575,1
0.99,0.65,4
0.47,0.081,3
0.492,0.682,0
0.973,0.609,4
0.429,0.679,0
0.545,0.071,3
0.514,0.72,0
0.446,0.793,0
0.236,0.447,0
0.956,0.53,1
0.134,0.843,0
0.429,0.791,0
0.283,0.559,0
0.299,0.444,0
0.523,0.165,3
0.551,0.133,3
0.334,0.56,0
0.063,0.814,0
0.103,0.78,0
0.948,0.548,1
0.998,0.574,4
0.237,0.542,0
0.248,0.515,0
0.567,0.01,3
0.964,0.568,4
0.486,0.084,3
0.038,0.764,0
0.259,0.511,0
0.047,0.77,0
0.288,0.479,0
0.533,0.117,3
0.473,0.735,0
0.446,0.132,3
0.457,0.705,0
0.065,0.832,0
0.301,0.456,0
1.059,0.595,4
0.986,0.557,4
0.087,0.766,0
0.415,0.747,0
0.319,0.508,0
0.466,0.71,0
0.071,0.787,0
0.099,0.832,0
1.002,0.549,4
0.07,0.789,0
0.497,0.161,3
0.264,0.541,0
0.529,0.083,3
0.204,0.438,0
0.336,0.483,0
0.038,0.726,0
0.432,0.7,0
0.094,0.817,0
0.069,0.793,0
0.309,0.483,0
1.035,0.514,2
0.396,0.695,0
0.947,0.522,1
0.487,0.16,3
0.488,0.09,3
0.098,0.772,0
0.988,0.581,4
0.456,0.027,3
0.392,0.663,0
0.327,0.531,0
0.044,0.764,0
0.034,0.825,0
0.456,0.756,0
0.261,0.479,0
0.289,0.52,0
0.419,0.064,3
0.174,0.493,0
0.238,0.469,0
0.043,0.752,0
0.003,0.779,0
0.491,0.758,0
0.18,0.815,0
0.46,0.064,3
0.098,0.759,0
0.432,0.768,0
0.281,0.482,0
0.557,0.143,3
0.325,0.549,0
0.243,0.439,0
0.507,0.092,3
0.531,0.078,3
0.059,0.833,0
0.252,0.511,0
0.505,0.671,0
0.247,0.524,0
0.103,0.786,0
0.994,0.572,4
0.228,0.506,0
0.474,0.695,0
0.09,0.675,0
0.491,0.086,3
0.324,0.755,0
0.53,0.677,0
0.483,0.07,3
0.284,0.492,0
0.083,0.775,0
0.255,0.497,0
0.036,0.77,0
0.517,0.118,3
0.123,0.763,0
0.048,0.775,0
0.138,0.812,0
0.96,0.552,1
0.47,0.727,0
0.059,0.774,0
0.981,0.451,2
0.04,0.79,0
0.06,0.747,0
0.948,0.515,1
0.514,0.085,3
0.455,0.706,0
0.301,0.464,0
0.524,0.002,3
0.948,0.51,1
1.004,0.514,2
0.048,0.832,0
0.431,0.718,0
1.058,0.562,4
0.164,0.737,0
0.413,0.052,3
0.552,0.085,3
0.451,0.78,0
0.047,0.788,0
1.005,0.49,2
0.53,0.739,0
0.279,0.529,0
0.479,0.058,3
0.445,0.7,0
0.987,0.587,4
0.26,0.49,0
0.459,0.697,0
0.494,0.069,3
0.404,0.717,0
0.264,0.529,0
0.271,0.507,0
0.492,0.045,3
0.036,0.821,0
0.451,0.731,0
0.059,0.792,0
0.964,0.529,1
0.413,0.765,0
0.24,0.494,0
0.423,0.743,0
0.398,0.101,3
0.095,0.744,0
0.602,0.056,3
0.41,0.769,0
0.554,0.084,3
0.981,0.602,4
1.014,0.475,2
0.471,0.023,3
0.552,0.11,3
0.529,0.765,0
0.93,0.511,1
0.958,0.475,2
0.056,0.803,0
0.216,0.422,0
0.561,0.151,3
0.223,0.454,0
0.261,0.524,0
0.488,0.803,0
0.373,0.713,0
0.537,0.155,3
0.441,0.658,0
0.308,0.606,0
0.502,0.054,3
0.858,0.5,1
0.963,0.513,1
0.465,0.731,0
0.153,0.765,0
0.996,0.488,2
0.947,0.612,4
0.477,0.093,3
0.325,0.509,0
0.036,0.761,0
0.529,0.127,3
0.223,0.511,0
0.211,0.5,0
0.43,0.748,0
0.046,0.745,0
0.189,0.444,0
0.4,0.735,0
0.31,0.493,0
0.35,0.488,0
0.979,0.58,4
1.014,0.543,4
0.405,0.77,0
1.003,0.565,4
0.242,0.474,0
0.245,0.46,0
0.273,0.603,0
0.965,0.539,1
0.544,0.081,3
0.464,0.734,0
0.039,0.756,0
0.413,0.79,0
0.524,0.015,3
0.454,0.115,3
0.509,0.11,3
0.484,0.698,0
0.04,0.748,0
0.482,0.735,0
0.937,0.512,1
0.925,0.499,1
0.477,0.049,3
0.518,0.133,3
0.474,0.059,3
0.96,0.52,1
0.057,0.824,0
1.007,0.555,4
0.047,0.795,0
0.473,0.044,3
0.114,0.767,0
0.971,0.576,4
0.258,0.556,0
0.049,0.76,0
0.01,0.799,0
0.261,0.457,0
0.465,0.728,0
0.059,0.77,0
0.532,0.065,3
0.28,0.444,0
0.463,0.711,0
0.42,0.666,0
0.08,0.746,0
0.268,0.524,0
0.456,0.733,0
0.064,0.832,0
0.496,0.083,3
0.475,0.741,0
0.48,0.093,3
0.312,0.482,0
0.007,0.847,0
0.432,0.75,0
0.057,0.822,0
0.123,0.811,0
0.579,0.026,3
0.267,0.561,0
0.099,0.733,0
0.427,0.674,0
0.101,0.747,0
0.551,0.059,3
0.154,0.787,0
0.47,0.008,3
0.423,0.751,0
0.23,0.471,0
0.497,0.678,0
0.959,0.537,1
0.489,0.069,3
0.04,0.726,0
0.047,0.821,0
0.056,0.758,0
0.189,0.516,0
0.504,0.05,3
1.015,0.606,4
0.233,0.43,0
0.882,0.54,1
1.022,0.441,2
0.033,0.801,0
0.076,0.785,0
0.435,0.049,3
0.102,0.775,0
0.123,0.683,0
0.275,0.525,0
0.072,0.822,0
0.484,0.079,3
0.506,0.078,3
0.438,0.71,0
0.101,0.752,0
0.948,0.529,1
0.314,0.488,0
0.019,0.801,0
0.418,0.698,0
0.481,0.109,3
0.545,0.072,3
0.059,0.8,0
0.104,0.817,0
0.082,0.764,0
0.947,0.55,1
0.532,0.072,3
0.452,0.721,0
0.551,0.037,3
0.458,0.062,3
0.456,0.752,0
0.282,0.498,0
0.291,0.525,0
0.973,0.537,1
0.933,0.612,4
0.281,0.491,0
0.066,0.756,0
0.49,0.752,0
1.016,0.544,4
0.095,0.806,0
0.513,0.708,0
0.522,0.104,3
0.41,0.682,0
0.437,0.073,3
0.395,0.67,0
0.514,0.037,3
0.983,0.483,2
0.061,0.765,0
0.071,0.79,0
0.342,0.511,0
0.529,0.017,3
0.216,0.473,0
0.543,0.077,3
0.987,0.541,4
0.514,0.714,0
0.335,0.486,0
0.517,0.041,3
0.262,0.49,0
0.959,0.545,1
0.268,0.563,0
0.426,0.626,0
0.054,0.824,0
0.981,0.568,4
0.236,0.568,0
0.269,0.548,0
0.142,0.755,0
0.471,0.061,3
0.34,0.442,0
0.2,0.568,0
0.517,0.003,3
0.304,0.591,0
0.531,0.095,3
1.047,0.518,2
0.995,0.594,4
0.941,0.492,1
0.982,0.503,2
0.419,0.766,0
1.075,0.534,2
0.483,0.695,0
0.936,0.603,4
0.458,0.137,3
0.992,0.501,2
0.023,0.795,0
0.058,0.833,0
0.956,0.562,1
0.492,0.054,3
0.099,0.774,0
0.075,0.821,0
0.474,0.068,3
0.058,0.782,0
0.09,0.803,0
0.253,0.462,0
0.941,0.492,1
0.516,0.062,3
0.563,0.063,3
0.259,0.526,0
0.083,0.695,0
0.241,0.468,0
0.976,0.494,2
0.971,0.544,1
0.288,0.505,0
1.029,0.609,4
0.297,0.534,0
0.036,0.808,0
0.919,0.519,1
0.48,0.7,0
0.051,0.768,0
0.402,0.706,0
0.204,0.582,0
0.356,0.74,0
0.28,0.482,0
0.469,0.677,0
0.579,0.153,3
0.307,0.511,0
0.925,0.572,1
0.525,0.04,3
0.428,0.674,0
0.25,0.513,0
0.542,0.063,3
0.08,0.781,0
0.414,0.063,3
0.318,0.494,0
0.496,0.076,3
0.478,0.694,0
0.247,0.541,0
0.529,0.089,3
1.003,0.544,4
0.561,0.092,3
0.407,0.712,0
0.011,0.815,0
0.448,0.807,0
0.23,0.499,0
0.315,0.518,0
0.986,0.551,4
0.433,0.741,0
0.321,0.563,0
0.223,0.495,0
0.492,0.751,0
0.442,0.596,0
0.251,0.513,0
0.082,0.837,0
0.522,0.114,3
0.273,0.441,0
0.365,0.746,0
0.508,0.047,3
0.218,0.511,0
0.102,0.748,0
0.478,0.742,0
0.463,0.038,3
0.534,0.03,3
0.296,0.454,0
0.515,0.071,3
0.498,0.104,3
0.921,0.563,1
0.226,0.427,0
1.015,0.532,2
0.112,0.839,0
0.418,0.718,0
1.034,0.594,4
0.524,0.039,3
0.313,0.5,0
0.222,0.462,0
0.056,0.838,0
0.144,0.831,0
0.303,0.495,0
0.324,0.434,0
0.323,0.573,0
0.258,0.499,0
0.118,0.783,0
0.264,0.43,0
0.51,0.034,3
1.012,0.585,4
0.373,0.715,0
0.945,0.522,1
0.065,0.788,0
0.541,0.059,3
0.409,0.788,0
0.091,0.772,0
0.065,0.854,0
0.283,0.459,0
0.288,0.439,0
0.26,0.453,0
0.123,0.824,0
0.974,0.541,1
0.103,0.72,0
0.043,0.791,0
0.066,0.802,0
0.276,0.533,0
0.3,0.528,0
0.994,0.615,4
0.445,0.657,0
0.377,0.771,0
0.272,0.508,0
0.339,0.561,0
0.232,0.452,0
0.448,0.028,3
0.086,0.681,0
0.955,0.598,4
0.369,0.568,0
0.445,0.038,3
0.07,0.793,0
1,0.534,2
0.269,0.506,0
0.491,0.006,3
0.019,0.834,0
0.137,0.669,0
0.433,0.681,0
0.447,0.679,0
0.467,0.009,3
0.524,0.817,0
0.215,0.468,0
0.144,0.801,0
0.472,0.101,3
0.426,0.705,0
0.462,0.095,3
0.471,0.125,3
0.466,0.045,3
0.27,0.432,0
0.968,0.521,1
0.032,0.752,0
0.085,0.817,0
0.084,0.752,0
0.017,0.76,0
0.287,0.432,0
0.118,0.772,0
0.453,0.731,0
0.064,0.805,0
0.087,0.749,0
0.982,0.579,4
0.477,0.681,0
0.132,0.762,0
0.919,0.603,1
0.984,0.502,2
0.52,0.152,3
0.967,0.568,4
0.449,0.667,0
0.479,0.079,3
0.977,0.52,2
0.496,0.759,0
0.925,0.594,1
0.455,0.733,0
0.592,0.119,3
0.224,0.565,0
0.406,0.711,0
0.266,0.494,0
0.378,0.046,3
0.449,0.709,0
0.184,0.72,0
0.465,0.663,0
0.272,0.459,0
0.117,0.75,0
0.136,0.729,0
0.256,0.551,0
0.132,0.759,0
0.516,0.15,3
0.35,0.505,0
0.954,0.548,1
0.439,0.716,0
0.081,0.779,0
0.425,0.708,0
0.961,0.616,4
1.027,0.618,4
0.983,0.582,4
0.042,0.769,0
0.176,0.494,0
0.99,0.527,2
1.065,0.516,2
0.131,0.761,0
0.471,0.663,0
0.273,0.513,0
0.023,0.804,0
0.265,0.408,0
1.021,0.533,2
0.49,0.1,3
1.013,0.498,2
0.449,0.728,0
0.407,0.697,0
0.553,0.076,3
0.281,0.485,0
0.024,0.876,0
0.468,0.026,3
0.943,0.481,1
0.289,0.409,0
1,0.577,4
0.1,0.756,0
0.32,0.47,0
0.521,0.684,0
0.047,0.785,0
0.948,0.546,1
0.125,0.776,0
0.099,0.737,0
0.959,0.504,1
0.322,0.686,0
0.491,0.063,3
0.998,0.522,2
0.435,0.732,0
0.994,0.507,2
0.252,0.502,0
0.079,0.745,0
0.035,0.745,0
0.253,0.507,0
0.246,0.589,0
0.105,0.871,0
0.469,0.734,0
0.428,0.088,3
0.988,0.526,2
0.251,0.513,0
0.503,0.082,3
1.009,0.528,2
0.463,0.726,0
0.467,0.074,3
0.33,0.506,0
0.506,0.07,3
0.523,0.048,3
0.957,0.477,2
0.048,0.82,0
0.122,0.751,0
0.47,0.095,3
0.459,0.711,0
0.501,0.722,0
0.044,0.779,0
0.062,0.739,0
0.878,0.475,1
0.003,0.746,0
0.057,0.771,0
0.453,0.108,3
0.447,0.086,3
0.075,0.763,0
0.526,0.099,3
0.523,0.111,3
0.952,0.574,1
0.083,0.766,0
0.483,0.693,0
0.433,0.726,0
0.23,0.582,0
0.024,0.805,0
0.463,0.697,0
0.397,0.713,0
0.412,0.039,3
0.401,0.637,0
0.25,0.486,0
0.935,0.513,1
0.449,0.736,0
1.022,0.523,2
0.939,0.586,1
0.955,0.53,1
0.489,0.045,3
0.102,0.793,0
0.298,0.476,0
1.007,0.587,4
0.47,0.755,0
0.477,0.064,3
0.939,0.541,1
0.047,0.786,0
0.267,0.494,0
0.959,0.498,2
0.252,0.534,0
0.988,0.541,4
0.454,0.029,3
0.281,0.461,0
0.287,0.532,0
0.234,0.507,0
0.514,0.113,3
0.072,0.752,0
0.539,0.006,3
0.102,0.714,0
0.955,0.64,4
0.538,0.026,3
0.135,0.757,0
0.095,0.724,0
0.433,0.663,0
0.551,0.119,3
0.524,0.107,3
0.008,0.764,0
0.965,0.554,1
0.415,0.768,0
1.002,0.524,2
0.168,0.493,0
0.276,0.514,0
0.998,0.488,2
0.521,0.016,3
0.911,0.585,1
0.978,0.569,4
0.078,0.809,0
0.557,0.054,3
0.498,0.128,3
0.274,0.47,0
1.032,0.582,4
0.471,0.683,0
0.089,0.795,0
0.939,0.522,1
0.144,0.754,0
0.492,0.718,0
0.307,0.411,0
0.455,0.718,0
0.934,0.509,1
1.047,0.467,2
0.942,0.603,4
0.01,0.792,0
0.094,0.818,0
0.237,0.541,0
0.475,0.035,3
0.492,0.749,0
0.583,0.055,3
0.989,0.578,4
0.055,0.84,0
0.377,0.762,0
0.512,0.72,0
0.079,0.795,0
0.475,0.733,0
0.993,0.538,2
0.432,0.705,0
0.534,0.096,3
0.944,0.565,1
0.487,0.068,3
0.549,0.027,3
0.544,0.113,3
0.45,0.008,3
0.404,0.726,0
0.4,0.672,0
0.419,0.049,3
0.275,0.481,0
0.442,0.741,0
0.258,0.445,0
0.077,0.815,0
0.477,0.111,3
0.324,0.4,0
0.262,0.543,0
0.519,0.096,3
0.274,0.531,0
0.032,0.734,0
0.074,0.767,0
0.339,0.486,0
0.492,0.042,3
0.473,0.022,3
0.993,0.577,4
1.017,0.534,2
0.463,0.123,3
0.029,0.853,0
0.103,0.828,0
0.481,0.149,3
0.998,0.593,4
0.018,0.848,0
0.097,0.812,0
0.102,0.785,0
0.371,0.682,0
0.95,0.489,1
0.41,0.735,0
0.271,0.466,0
0.514,0.049,3
0.13,0.749,0
0.442,0.692,0
0.425,0.085,3
0.089,0.826,0
0.938,0.552,1
0.269,0.477,0
0.263,0.493,0
0.924,0.508,1
1.024,0.489,2
0.014,0.766,0
0.125,0.819,0
0.305,0.497,0
0.454,0.694,0
0.256,0.551,0
0.506,0.039,3
0.929,0.55,1
0.973,0.511,2
0.429,0.704,0
0.283,0.509,0
0.531,0.055,3
0.437,0.749,0
0.033,0.783,0
0.094,0.78,0
0.254,0.431,0
0.092,0.827,0
0.628,0.019,3
0.475,0.729,0
0.251,0.523,0
0.044,0.711,0
0.503,0.063,3
0.054,0.82,0
0.241,0.441,0
0.301,0.463,0
0.047,0.712,0
0.317,0.522,0
0.955,0.622,4
0.552,0.145,3
0.529,0.731,0
0.008,0.766,0
0.419,0.694,0
0.52,0.121,3
0.502,0.093,3
0.07,0.79,0
1.001,0.481,2
0.455,0.799,0
0.385,0.71,0
0.473,0.736,0
0.144,0.763,0
0.444,0.791,0
0.441,0.697,0
0.272,0.501,0
0.422,0.7,0
0.322,0.436,0
0.343,0.421,0
0.226,0.488,0
0.447,0.647,0
0.982,0.497,2
0.457,0.721,0
1.031,0.567,4
0.45,0.686,0
0.501,0.107,3
0.04,0.721,0
0.966,0.535,1
0.214,0.527,0
0.568,0.114,3
0.509,0.066,3
0.416,0.071,3
0.48,0.726,0
0.41,0.717,0
0.54,0.06,3
0.186,0.474,0
0.238,0.522,0
0.518,0.049,3
0.081,0.811,0
0.996,0.497,2
0.517,0.093,3
0.932,0.5,1
0.088,0.708,0
0.507,0.047,3
0.98,0.54,4
0.462,0.097,3
0.075,0.71,0
0.28,0.493,0
0.238,0.481,0
0.928,0.536,1
0.141,0.763,0
0.47,0.013,3
0.978,0.574,4
0.27,0.501,0
0.265,0.497,0
0.238,0.461,0
0.486,0.682,0
0.259,0.515,0
0.389,0.774,0
0.418,0.742,0
0.507,0.125,3
0.211,0.486,0
0.993,0.582,4
0.532,0.081,3
0.33,0.488,0
0.038,0.733,0
0.327,0.488,0
0.548,0.043,3
0.998,0.539,2
0.998,0.623,4
0.96,0.533,1
0.39,0.671,0
0.397,0.752,0
0.387,0.672,0
0.069,0.8,0
0.359,0.71,0
0.969,0.573,4
0.28,0.486,0
0.431,0.692,0
1.006,0.509,2
0.033,0.753,0
0.153,0.789,0
1.018,0.499,2
0.422,0.698,0
0.456,0.682,0
0.482,0.096,3
0.989,0.512,2
0.402,0.752,0
0.401,0.754,0
0.964,0.572,4
0.515,0.112,3
0.045,0.761,0
0.506,0.042,3
0.223,0.534,0
0.347,0.763,0
0.489,0.06,3
0.018,0.828,0
0.403,0.787,0
0.054,0.774,0
0.535,0.098,3
0.404,0.645,0
0.034,0.767,0
0.257,0.543,0
0.258,0.466,0
0.023,0.826,0
1.005,0.502,2
0.252,0.463,0
0.221,0.436,0
0.529,0.091,3
0.944,0.663,4
0.387,0.716,0
0.482,0.736,0
0.08,0.817,0
0.264,0.517,0
0.086,0.789,0
0.486,0.045,3
0.903,0.528,1
0.514,0.144,3
1.023,0.57,4
0.441,0.036,3
0.094,0.814,0
0.353,0.73,0
0.283,0.468,0
0.479,0.048,3
0.578,0.086,3
0.948,0.511,1
0.23,0.495,0
0.248,0.483,0
0.509,0.792,0
0.937,0.566,1
0.996,0.527,2
0.02,0.751,0
0.453,0.01,3
0.524,0.051,3
0.991,0.485,2
0.964,0.48,2
0.081,0.757,0
0.291,0.482,0
0.069,0.816,0
0.287,0.516,0
0.25,0.469,0
0.978,0.536,2
0.45,0.689,0
0.049,0.772,0
0.272,0.481,0
0.461,0.716,0
0.205,0.504,0
0.337,0.523,0
0.982,0.502,2
0.533,0.084,3
0.006,0.801,0
0.493,0.727,0
0.97,0.641,4
0.498,0.001,3
0.491,0.05,3
0.504,0.111,3
0.51,0.103,3
0.177,0.429,0
1.047,0.545,4
0.944,0.617,4
0.261,0.574,0
0.428,0.693,0
0.284,0.433,0
0.111,0.763,0
1.081,0.535,2
0.438,0.716,0
0.303,0.551,0
0.115,0.784,0
0.544,0.126,3
1.007,0.564,4
0.997,0.589,4
0.489,0.021,3
0.497,0.12,3
0.034,0.807,0
0.238,0.542,0
0.424,0.698,0
0.992,0.579,4
0.429,0.102,3
0.464,0.047,3
0.46,0.773,0
0.428,0.004,3
0.271,0.507,0
0.57,0.053,3
0.058,0.773,0
0.376,0.736,0
0.415,0.679,0
0.411,0.785,0
1.041,0.473,2
0.129,0.795,0
0.114,0.762,0
0.911,0.552,1
0.305,0.558,0
0.054,0.763,0
0.222,0.467,0
0.453,0.085,3
0.284,0.453,0
0.237,0.495,0
1.068,0.534,2
0.494,0.096,3
0.144,0.77,0
0.302,0.506,0
0.555,0.027,3
0.938,0.527,1
0.272,0.434,0
0.078,0.739,0
0.447,0.041,3
0.908,0.518,1
0.928,0.57,1
0.883,0.479,1
1.008,0.49,2
0.033,0.783,0
0.084,0.814,0
0.492,0.116,3
0.257,0.498,0
0.109,0.723,0
1.014,0.53,2
0.286,0.511,0
0.046,0.801,0
0.21,0.46,0
0.122,0.82,0
0.079,0.832,0
0.266,0.513,0
0.966,0.556,4
0.494,0.095,3
0.541,0.094,3
0.276,0.535,0
0.395,0.731,0
0.48,0.131,3
0.02,0.752,0
0.163,0.813,0
0.065,0.756,0
0.294,0.525,0
0.238,0.492,0
0.372,0.712,0
0.523,0.009,3
0.259,0.441,0
0.049,0.838,0
0.454,0.744,0
0.062,0.707,0
0.278,0.497,0
0.442,0.744,0
0.288,0.514,0
0.487,0.099,3
1.003,0.528,2
0.04,0.808,0
0.523,0.109,3
0.482,0.108,3
0.456,0.047,3
0.445,0.683,0
0.979,0.533,2
0.057,0.821,0
0.45,0.688,0
0.572,0.009,3
0.407,0.728,0
0.307,0.5,0
0.096,0.767,0
0.268,0.487,0
0.449,0.688,0
0.444,0.773,0
0.395,0.78,0
0.416,0.757,0
0.468,0.708,0
0.996,0.561,4
0.997,0.522,2
0.547,0.04,3
0.3,0.525,0
1.007,0.59,4
1.02,0.474,2
0.431,0.078,3
0.465,0.065,3
0.054,0.805,0
0.44,0.113,3
0.258,0.455,0
0.433,0.695,0
0.975,0.524,2
0.038,0.791,0
0.299,0.505,0
1.042,0.55,4
0.243,0.505,0
0.355,0.702,0
0.447,0.731,0
0.032,0.791,0
0.283,0.502,0
0.447,0.776,0
0.048,0.817,0
0.413,0.762,0
0.431,0.759,0
0.349,0.499,0
0.966,0.622,4
0.034,0.877,0
0.292,0.492,0
0.275,0.477,0
0.435,0.734,0
0.033,0.74,0
0.238,0.512,0
1.015,0.509,2
1.025,0.501,2
0.983,0.575,4
0.098,0.8,0
0.962,0.548,1
0.48,0.099,3
0.321,0.419,0
0.527,0.111,3
0.264,0.564,0
0.115,0.803,0
0.531,0.034,3
0.367,0.768,0
0.036,0.77,0
1.022,0.555,4
0.454,0.798,0
0.494,0.145,3
0.981,0.472,2
0.455,0.077,3
0.421,0.682,0
0.251,0.501,0
1.021,0.463,2
0.548,0.053,3
0.382,0.719,0
0.314,0.432,0
1.005,0.584,4
0.494,0.053,3
0.31,0.507,0
0.952,0.561,1
0.462,0.102,3
0.394,0.681,0
0.245,0.44,0
0.406,0.772,0
1.025,0.464,2
0.981,0.541,4
0.528,0.003,3
1.045,0.515,2
0.469,0.762,0
1.018,0.546,4
0.258,0.487,0
0.223,0.509,0
0.274,0.483,0
0.441,0.709,0
0.002,0.802,0
0.045,0.728,0
0.362,0.555,0
0.233,0.505,0
0.978,0.599,4
0.427,0.094,3
0.282,0.391,0
0.555,0.047,3
0.1,0.793,0
0.299,0.479,0
0.467,0.06,3
0.518,0.095,3
0.49,0.03,3
1.003,0.469,2
1.044,0.514,2
0.448,0.653,0
0.485,0.09,3
0.978,0.522,2
0.972,0.505,2
0.422,0.7,0
1.035,0.598,4
0.481,0.75,0
0.254,0.458,0
1.069,0.506,2
0.525,0.051,3
0.45,0.065,3
0.375,0.486,0
0.387,0.754,0
0.293,0.459,0
0.923,0.46,1
0.255,0.578,0
0.055,0.739,0
0.936,0.568,1
0.98,0.551,4
0.232,0.516,0
0.263,0.511,0
0.957,0.51,1
0.56,0.078,3
0.494,0.154,3
0.47,0.088,3
0.213,0.469,0
0.52,0.058,3
0.962,0.519,1
0.055,0.799,0
0.497,0.029,3
0.263,0.517,0
0.376,0.766,0
1.03,0.554,4
0.556,0.075,3
0.277,0.511,0
0.041,0.722,0
0.976,0.56,4
0.279,0.556,0
0.978,0.527,2
0.473,0.065,3
0.093,0.785,0
0.505,0.042,3
0.454,0.147,3
0.303,0.465,0
0.896,0.565,1
0.43,0.116,3
0.957,0.545,1
0.423,0.663,0
0.909,0.56,1
0.47,0.094,3
0.106,0.769,0
0.384,0.705,0
0.422,0.751,0
0.377,0.07,3
0.498,0.065,3
0.422,0.749,0
0.437,0.005,3
0.966,0.533,1
0.484,0.771,0
1.014,0.504,2
1.013,0.551,4
0.256,0.521,0
0.452,0.693,0
0.526,0.091,3
0.445,0.724,0
0.47,0.053,3
0.044,0.827,0
0.424,0.705,0
0.928,0.535,1
1.005,0.505,2
0.476,0.724,0
0.096,0.741,0
0.118,0.788,0
0.503,0.126,3
0.2,0.431,0
0.054,0.785,0
0.315,0.425,0
0.987,0.566,4
0.257,0.462,0
0.546,0.093,3
0.502,0.023,3
0.099,0.761,0
0.36,0.473,0
1,0.528,2
1.045,0.604,4
0.42,0.657,0
0.068,0.791,0
0.483,0.686,0
0.496,0.062,3
0.869,0.537,1
0.291,0.495,0
0.232,0.506,0
0.956,0.589,4
0.05,0.833,0
0.484,0.009,3
0.325,0.591,0
0.448,0.753,0
0.451,0.752,0
0.98,0.552,4
0.329,0.495,0
0.987,0.613,4
0.453,0.684,0
0.079,0.83,0
0.922,0.528,1
0.984,0.547,4
0.963,0.593,4
1.033,0.508,2
0.54,0.023,3
0.992,0.535,2
0.479,0.103,3
0.113,0.776,0
0.499,0.003,3
0.249,0.475,0
0.234,0.498,0
0.255,0.452,0
0.501,0.033,3
1.015,0.499,2
0.013,0.704,0
0.054,0.767,0
0.403,0.772,0
0.413,0.744,0
0.062,0.754,0
0.419,0.636,0
0.561,0.077,3
0.203,0.459,0
0.219,0.523,0
0.105,0.827,0
0.549,0.043,3
0.949,0.519,1
0.062,0.798,0
0.274,0.517,0
0.495,0.027,3
0.215,0.438,0
0.925,0.523,1
0.584,0.127,3
0.054,0.797,0
0.971,0.578,4
0.438,0.726,0
0.051,0.818,0
0.201,0.512,0
0.975,0.533,2
0.495,0.052,3
0.558,0.088,3
0.317,0.539,0
0.555,0.151,3
0.461,0.76,0
0.001,0.737,0
0.456,0.735,0
0.016,0.807,0
0.396,0.742,0
0.322,0.473,0
0.48,0.767,0
1.01,0.55,4
0.226,0.485,0
1.069,0.581,4
0.98,0.612,4
0.239,0.561,0
0.103,0.783,0
0.964,0.517,1
0.241,0.445,0
0.426,0.73,0
0.467,0.065,3
0.443,0.032,3
0.113,0.834,0
0.251,0.564,0
0.042,0.84,0
0.532,0.19,3
0.519,0.089,3
0.509,0.093,3
0.978,0.558,4
0.504,0.051,3
0.48,0.778,0
0.289,0.512,0
0.421,0.763,0
1.036,0.539,2
0.081,0.732,0
0.455,0.695,0
0.464,0.708,0
0.412,0.098,3
0.545,0.11,3
0.432,0.676,0
0.438,0.091,3
0.329,0.53,0
0.994,0.523,2
1.03,0.459,2
0.219,0.485,0
0.422,0.771,0
0.508,0.68,0
0.511,0.06,3
0.511,0.053,3
0.273,0.546,0
0.502,0.061,3
0.438,0.668,0
0.231,0.426,0
0.497,0.029,3
0.563,0.091,3
0.964,0.6,4
0.54,0.086,3
0.959,0.562,1
0.445,0.754,0
0.948,0.504,1
0.419,0.738,0
0.406,0.754,0
0.101,0.716,0
0.475,0.698,0
0.992,0.603,4
0.508,0.115,3
0.484,0.719,0
1.088,0.54,2
0.965,0.58,4
0.33,0.768,0
0.124,0.845,0
0.395,0.721,0
0.392,0.73,0
0.527,0.085,3
0.463,0.667,0
0.275,0.507,0
0.414,0.737,0
0.449,0.162,3
0.949,0.459,2
0.134,0.734,0
1.015,0.525,2
1.064,0.497,2
0.438,0.714,0
0.19,0.472,0
0.323,0.482,0
0.443,0.675,0
0.249,0.52,0
0.457,0.726,0
0.443,0.759,0
0.528,0.732,0
0.938,0.512,1
0.26,0.55,0
0.078,0.77,0
1.03,0.536,2
0.232,0.442,0
0.478,0.744,0
0.07,0.751,0
0.19,0.568,0
1.027,0.533,2
0.383,0.755,0
0.955,0.45,2
0.484,0.05,3
0.524,0.001,3
0.499,0.16,3
0.075,0.827,0
0.107,0.757,0
0.077,0.757,0
0.112,0.776,0
0.458,0.011,3
0.439,0.751,0
0.286,0.527,0
0.037,0.892,0
0.503,0.066,3
0.328,0.667,0
0.06,0.857,0
0.96,0.482,2
0.96,0.579,4
0.262,0.517,0
0.522,0.122,3
1.015,0.632,4
0.993,0.512,2
0.094,0.799,0
0.04,0.768,0
0.305,0.528,0
0.454,0.06,3
0.424,0.726,0
0.997,0.537,2
0.932,0.518,1
0.514,0.097,3
0.397,0.725,0
0.444,0.666,0
0.396,0.707,0
0.555,0.049,3
0.956,0.495,1
0.516,0.719,0
0.462,0.741,0
0.422,0.722,0
1.023,0.551,4
0.962,0.533,1
0.955,0.498,1
0.991,0.541,4
0.448,0.001,3
0.467,0.011,3
0.209,0.48,0
0.36,0.457,0
0.299,0.518,0
0.946,0.491,1
0.492,0.067,3
0.411,0.761,0
1.043,0.531,2
0.992,0.566,4
1.027,0.58,4
0.506,0.151,3
0.302,0.416,0
0.929,0.546,1
0.096,0.778,0
0.502,0.034,3
0.052,0.81,0
0.054,0.765,0
0.512,0.109,3
0.3,0.491,0
1.093,0.568,4
0.057,0.78,0
0.283,0.503,0
0.892,0.49,1
0.51,0.096,3
0.525,0.075,3
0.535,0.082,3
0.094,0.756,0
0.496,0.048,3
0.438,0.729,0
0.088,0.829,0
0.32,0.51,0
0.976,0.498,2
0.978,0.555,4
0.992,0.467,2
0.975,0.531,2
0.006,0.768,0
0.46,0.058,3
0.058,0.746,0
0.985,0.559,4
0.103,0.767,0
0.269,0.491,0
0.473,0.021,3
0.109,0.754,0
0.28,0.486,0
0.998,0.509,2
0.096,0.829,0
0.53,0.058,3
1.01,0.468,2
0.551,0.135,3
0.024,0.794,0
0.433,0.727,0
0.994,0.578,4
0.481,0.755,0
0.899,0.487,1
0.956,0.553,1
0.003,0.762,0
0.462,0.688,0
0.996,0.555,4
0.49,0.045,3
0.347,0.465,0
0.544,0.082,3
1.052,0.442,2
0.534,0.084,3
0.388,0.798,0
0.027,0.763,0
0.978,0.516,2
0.457,0.034,3
0.026,0.769,0
0.971,0.556,4
0.481,0.688,0
0.414,0.77,0
0.176,0.548,0
0.254,0.466,0
0.283,0.495,0
0.971,0.492,2
0.997,0.558,4
1.014,0.613,4
0.544,0.099,3
1.045,0.559,4
0.142,0.855,0
0.515,0.088,3
0.457,0.678,0
0.486,0.103,3
0.445,0.65,0
1.008,0.522,2
0.433,0.744,0
0.442,0.098,3
0.444,0.745,0
1.012,0.545,4
0.121,0.792,0
0.102,0.78,0
0.329,0.498,0
0.304,0.483,0
0.494,0.774,0
0.497,0.721,0
0.299,0.561,0
0.54,0.728,0
0.495,0.697,0
0.107,0.782,0
0.289,0.535,0
0.987,0.573,4
0.53,0.708,0
0.351,0.719,0
0.263,0.479,0
0.112,0.86,0
0.443,0.092,3
0.279,0.47,0
0.135,0.774,0
0.935,0.527,1
0.844,0.568,1
0.503,0.087,3
0.977,0.564,4
1.01,0.556,4
0.991,0.523,2
0.977,0.562,4
0.505,0.087,3
0.415,0.727,0
0.203,0.49,0
0.412,0.692,0
0.304,0.479,0
0.954,0.553,1
0.505,0.129,3
0.373,0.701,0
1.028,0.557,4
0.4,0.743,0
1.008,0.533,2
0.42,0.039,3
0.474,0.056,3
0.136,0.727,0
1.02,0.486,2
0.421,0.73,0
0.446,0.023,3
0.051,0.74,0
0.276,0.525,0
0.975,0.614,4
0.122,0.813,0
0.109,0.796,0
0.421,0.786,0
0.427,0.76,0
0.406,0.661,0
0.988,0.54,4
0.04,0.799,0
0.469,0.741,0
0.458,0.046,3
0.982,0.575,4
1.027,0.572,4
0.991,0.536,2
0.271,0.485,0
0.396,0.728,0
0.237,0.479,0
0.464,0.131,3
0.224,0.542,0
0.137,0.875,0
0.271,0.568,0
0.424,0.637,0
0.976,0.595,4
0.265,0.488,0
0.38,0.723,0
0.296,0.488,0
0.456,0.739,0
0.507,0.045,3
0.956,0.546,1
0.163,0.443,0
0.105,0.782,0
0.412,0.07,3
0.932,0.524,1
0.238,0.505,0
0.478,0.035,3
0.298,0.508,0
1.014,0.491,2
0.412,0.691,0
0.465,0.108,3
0.419,0.698,0
0.487,0.086,3
0.329,0.502,0
0.98,0.506,2
0.379,0.701,0
0.055,0.749,0
0.069,0.709,0
0.516,0.039,3
1.045,0.528,2
0.924,0.532,1
0.344,0.774,0
0.557,0.048,3
0.494,0.711,0
0.271,0.528,0
0.91,0.537,1
0.512,0.083,3
1.01,0.517,2
0.478,0.015,3
0.518,0.047,3
0.571,0.052,3
0.294,0.545,0
0.45,0.001,3
0.266,0.458,0
0.976,0.57,4
0.229,0.589,0
0.413,0.727,0
0.49,0.078,3
0.371,0.583,0
0.435,0.717,0
0.522,0.061,3
0.273,0.522,0
0.292,0.482,0
0.247,0.539,0
0.504,0.081,3
1.022,0.538,2
0.506,0.732,0
0.387,0.074,3
0.306,0.572,0
0.063,0.768,0
0.547,0.103,3
0.883,0.556,1
0.037,0.726,0
0.505,0.745,0
0.535,0.074,3
0.453,0.716,0
0.481,0.057,3
0.47,0.109,3
0.403,0.729,0
1.048,0.499,2
0.96,0.555,1
0.502,0.069,3
0.476,0.082,3
0.399,0.729,0
0.44,0.099,3
0.225,0.525,0
0.243,0.484,0
0.063,0.769,0
0.054,0.816,0
0.301,0.474,0
0.284,0.476,0
0.041,0.791,0
0.992,0.44,2
1.005,0.586,4
0.364,0.504,0
0.45,0.748,0
0.978,0.524,2
0.98,0.573,4
0.458,0.737,0
0.486,0.086,3
0.107,0.774,0
0.272,0.523,0
0.965,0.583,4
0.129,0.82,0
0.52,0.744,0
0.46,0.731,0
0.274,0.496,0
0.915,0.546,1
0.494,0.067,3
0.373,0.672,0
1.014,0.548,4
0.04,0.791,0
0.936,0.597,1
0.04,0.768,0
0.232,0.52,0
0.01,0.739,0
0.554,0.02,3
0.234,0.5,0
0.475,0.082,3
0.059,0.869,0
0.254,0.49,0
0.298,0.582,0
0.252,0.526,0
0.949,0.507,1
0.306,0.48,0
0.537,0.089,3
0.273,0.432,0
0.033,0.761,0
0.091,0.748,0
0.301,0.512,0
0.043,0.737,0
0.502,0.107,3
1.053,0.531,2
0.13,0.814,0
0.522,0.144,3
0.457,0.711,0
0.267,0.463,0
0.24,0.462,0
0.099,0.733,0
1.005,0.518,2
0.283,0.549,0
0.103,0.813,0
1.061,0.527,2
0.043,0.719,0
0.153,0.775,0
0.264,0.495,0
0.439,0.164,3
0.27,0.497,0
0.506,0.082,3
0.233,0.451,0
0.239,0.489,0
0.259,0.454,0
0.238,0.448,0
0.262,0.571,0
0.309,0.535,0
0.985,0.56,4
0.001,0.691,0
0.468,0.078,3
0.127,0.787,0
0.952,0.549,1
0.445,0.667,0
0.397,0.799,0
0.337,0.513,0
0.25,0.468,0
0.15,0.811,0
0.956,0.511,1
0.532,0.071,3
0.035,0.849,0
0.926,0.53,1
1.003,0.508,2
0.51,0.676,0
0.936,0.532,1
0.384,0.751,0
0.509,0.07,3
0.46,0.05,3
0.212,0.54,0
0.071,0.767,0
0.085,0.74,0
0.535,0.046,3
0.008,0.76,0
0.463,0.663,0
0.11,0.785,0
0.533,0.122,3
0.402,0.772,0
0.267,0.484,0
0.418,0.738,0
0.136,0.853,0
0.959,0.562,1
0.305,0.508,0
0.042,0.844,0
0.954,0.466,2
0.481,0.101,3
0.306,0.5,0
0.292,0.512,0
0.437,0.772,0
0.479,0.058,3
0.066,0.809,0
0.395,0.744,0
0.989,0.587,4
0.518,0.052,3
0.139,0.817,0
0.526,0.126,3
0.055,0.773,0
0.449,0.721,0
0.492,0.019,3
0.983,0.534,2
0.916,0.614,1
0.904,0.517,1
0.973,0.504,2
0.045,0.811,0
0.947,0.507,1
0.45,0.757,0
0.52,0.077,3
0.006,0.825,0
0.944,0.546,1
0.293,0.536,0
0.405,0.711,0
0.342,0.53,0
0.285,0.555,0
0.503,0.012,3
0.036,0.775,0
1.014,0.518,2
0.265,0.405,0
0.075,0.771,0
0.543,0.095,3
0.923,0.551,1
0.989,0.572,4
0.489,0.086,3
0.986,0.518,2
1.014,0.53,2
0.418,0.746,0
0.084,0.848,0
0.502,0.011,3
0.907,0.553,1
0.511,0.139,3
0.944,0.556,1
0.195,0.541,0
0.088,0.781,0
0.988,0.529,2
0.501,0.772,0
0.393,0.711,0
0.913,0.585,1
0.008,0.772,0
0.485,0.113,3
0.479,0.023,3
0.281,0.53,0
0.064,0.696,0
0.071,0.829,0
0.066,0.761,0
0.974,0.567,4
0.457,0.692,0
0.454,0.714,0
0.507,0.111,3
0.303,0.498,0
0.407,0.818,0
0.525,0.722,0
0.102,0.767,0
0.494,0.065,3
0.929,0.535,1
0.435,0.726,0
0.267,0.541,0
0.47,0.657,0
0.254,0.511,0
0.959,0.535,1
0.458,0.771,0
0.948,0.588,4
0.504,0.724,0
0.513,0.166,3
0.447,0.784,0
0.459,0.675,0
0.447,0.698,0
0.943,0.586,1
0.437,0.72,0
1.016,0.518,2
0.941,0.566,1
0.298,0.454,0
0.119,0.745,0
1.019,0.592,4
0.392,0.639,0
0.264,0.504,0
0.466,0.684,0
0.127,0.781,0
0.924,0.54,1
0.154,0.753,0
0.145,0.766,0
0.432,0.807,0
0.929,0.57,1
0.32,0.489,0
0.848,0.566,1
1.008,0.52,2
0.005,0.801,0
0.067,0.819,0
0.431,0.686,0
0.302,0.474,0
0.302,0.431,0
0.421,0.738,0
0.453,0.744,0
0.233,0.444,0
0.293,0.506,0
0.121,0.775,0
0.304,0.55,0
1.01,0.535,2
0.424,0.696,0
0.951,0.538,1
0.941,0.529,1
0.107,0.799,0
0.025,0.749,0
0.222,0.521,0
0.147,0.767,0
0.19,0.513,0
0.449,0.072,3
0.316,0.491,0
0.03,0.777,0
0.465,0.046,3
0.09,0.766,0
0.134,0.751,0
0.521,0.116,3
0.436,0.706,0
0.312,0.518,0
0.576,0.118,3
0.273,0.561,0
1.051,0.496,2
0.236,0.484,0
0.936,0.592,1
0.091,0.857,0
0.461,0.69,0
1.043,0.536,2
0.483,0.727,0
0.471,0.122,3
0.388,0.056,3
0.137,0.816,0
1.007,0.552,4
0.267,0.511,0
0.506,0.121,3
0.266,0.49,0
0.421,0.735,0
1.01,0.528,2
0.048,0.744,0
0.072,0.792,0
0.962,0.524,1
0.995,0.53,2
0.057,0.78,0
0.446,0.011,3
0.076,0.796,0
0.478,0.731,0
0.966,0.496,2
0.438,0.119,3
0.317,0.538,0
0.286,0.502,0
0.474,0.04,3
0.064,0.768,0
0.273,0.518,0
0.487,0.692,0
0.087,0.674,0
0.266,0.422,0
0.309,0.502,0
0.932,0.451,1
0.235,0.559,0
0.458,0.693,0
0.417,0.012,3
0.188,0.484,0
1.001,0.569,4
0.935,0.618,4
0.294,0.508,0
0.379,0.716,0
0.432,0.654,0
1.001,0.464,2
0.317,0.519,0
0.286,0.505,0
0.456,0.795,0
0.286,0.489,0
0.946,0.562,1
0.589,0.081,3
0.956,0.547,1
0.094,0.744,0
0.116,0.756,0
0.489,0.07,3
0.044,0.777,0
0.973,0.54,1
0.098,0.857,0
0.449,0.004,3
0.506,0.746,0
0.901,0.561,1
0.28,0.493,0
0.224,0.496,0
0.131,0.768,0
0.278,0.466,0
0.402,0.804,0
0.438,0.68,0
0.976,0.577,4
0.064,0.726,0
0.96,0.579,4
0.097,0.784,0
0.529,0.141,3
0.52,0.107,3
0.062,0.77,0
0.507,0.076,3
0.059,0.784,0
0.108,0.754,0
0.275,0.519,0
0.521,0.704,0
0.493,0.719,0
0.543,0.056,3
0.967,0.557,4
0.945,0.564,1
0.44,0.757,0
0.11,0.805,0
0.457,0.779,0
0.011,0.78,0
0.969,0.535,1
1.017,0.519,2
0.973,0.504,2
0.504,0.666,0
0.258,0.447,0
0.122,0.877,0
0.523,0.023,3
0.52,0.692,0
0.439,0.717,0
0.924,0.599,1
0.065,0.757,0
0.504,0.091,3
0.053,0.765,0
0.291,0.543,0
0.955,0.518,1
0.991,0.615,4
0.016,0.785,0
0.068,0.762,0
0.049,0.716,0
0.414,0.709,0
0.952,0.5,1
0.492,0.093,3
0.446,0.729,0
0.529,0.147,3
0.049,0.745,0
0.313,0.509,0
0.535,0.063,3
0.117,0.753,0
0.071,0.791,0
0.237,0.505,0
0.434,0.773,0
0.428,0.666,0
0.472,0.067,3
0.116,0.782,0
0.282,0.452,0
0.563,0.065,3
0.486,0.814,0
0.264,0.528,0
0.025,0.767,0
0.301,0.499,0
0.283,0.508,0
0.407,0.722,0
0.247,0.583,0
0.972,0.462,2
0.107,0.756,0
0.523,0.081,3
0.398,0.724,0
0.284,0.446,0
0.275,0.486,0
0.237,0.474,0
0.083,0.827,0
0.961,0.503,2
0.276,0.529,0
0.963,0.558,1
0.06,0.77,0
0.929,0.543,1
1.031,0.545,4
0.239,0.451,0
0.081,0.758,0
0.986,0.611,4
0.451,0.693,0
0.476,0.077,3
0.193,0.528,0
0.489,0.687,0
0.526,0.125,3
0.976,0.561,4
0.079,0.784,0
0.07,0.766,0
0.602,0.019,3
0.074,0.745,0
0.462,0.016,3
0.994,0.593,4
0.992,0.49,2
0.282,0.515,0
0.09,0.761,0
0.268,0.524,0
0.428,0.714,0
0.093,0.75,0
0.425,0.737,0
0.085,0.762,0
1.021,0.49,2
0.493,0.105,3
0.562,0.08,3
0.103,0.723,0
0.409,0.669,0
0.527,0.102,3
0.975,0.51,2
0.305,0.495,0
0.477,0.041,3
1.041,0.574,4
0.464,0.747,0
0.963,0.517,1
0.431,0.698,0
0.535,0.049,3
0.025,0.775,0
0.965,0.469,2
0.133,0.82,0
0.297,0.536,0
0.22,0.534,0
0.105,0.791,0
0.017,0.809,0
0.117,0.712,0
0.062,0.731,0
0.439,0.695,0
0.454,0.084,3
0.52,0.074,3
0.965,0.512,2
0.956,0.56,1
0.501,0.035,3
0.483,0.104,3
0.409,0.739,0
0.994,0.559,4
0.528,0.093,3
0.08,0.729,0
1.066,0.564,4
0.262,0.514,0
0.425,0.072,3
0.493,0.117,3
0.609,0.06,3
0.493,0.773,0
0.246,0.464,0
0.424,0.777,0
0.507,0.056,3
0.973,0.519,2
0.226,0.506,0
0.083,0.761,0
0.449,0.727,0
0.893,0.402,1
0.233,0.533,0
0.205,0.537,0
0.449,0.699,0
0.225,0.458,0
0.267,0.58,0
0.135,0.74,0
0.072,0.744,0
0.455,0.796,0
0.993,0.465,2
0.297,0.526,0
0.517,0.086,3
0.089,0.788,0
0.448,0.081,3
0.579,0.072,3
0.452,0.744,0
0.32,0.446,0
0.493,0.759,0
0.055,0.84,0
0.508,0.042,3
0.495,0.084,3
0.531,0.738,0
0.269,0.507,0
0.209,0.496,0
0.092,0.76,0
0.132,0.738,0
0.261,0.469,0
0.923,0.548,1
0.486,0.113,3
0.978,0.559,4
0.051,0.728,0
0.428,0.76,0
0.032,0.797,0
0.484,0.018,3
0.967,0.561,4
0.064,0.837,0
0.06,0.797,0
0.252,0.542,0
0.91,0.542,1
1.027,0.52,2
0.06,0.728,0
0.04,0.744,0
0.554,0.046,3
0.439,0.74,0
0.023,0.766,0
0.488,0.087,3
0.079,0.671,0
0.37,0.743,0
0.532,0.093,3
0.517,0.099,3
0.053,0.68,0
1.043,0.486,2
0.511,0.124,3
0.018,0.813,0
0.908,0.529,1
1.015,0.495,2
0.265,0.469,0
0.471,0.709,0
0.314,0.487,0
1.04,0.558,4
0.408,0.768,0
0.364,0.724,0
0.452,0.721,0
0.436,0.003,3
0.232,0.469,0
0.405,0.725,0
0.422,0.715,0
0.943,0.601,4
1.02,0.55,4
0.478,0.796,0
0.993,0.612,4
0.405,0.762,0
0.991,0.54,4
0.458,0.723,0
0.451,0.082,3
0.52,0.081,3
0.49,0.076,3
0.245,0.443,0
0.547,0.784,0
1.061,0.483,2
0.45,0.733,0
0.512,0.069,3
0.297,0.495,0
0.276,0.472,0
0.41,0.794,0
0.471,0.089,3
0.451,0.12,3
0.101,0.835,0
0.495,0.038,3
0.1,0.789,0
0.995,0.505,2
0.504,0.092,3
0.272,0.487,0
1.004,0.523,2
0.984,0.452,2
0.022,0.772,0
0.1,0.8,0
0.969,0.496,2
0.461,0.807,0
0.53,0.069,3
0.462,0.757,0
0.273,0.466,0
0.28,0.469,0
0.525,0.04,3
1.007,0.565,4
0.453,0.762,0
0.522,0.032,3
0.987,0.583,4
0.417,0.701,0
1.025,0.589,4
1.023,0.633,4
0.917,0.543,1
0.409,0.712,0
0.485,0.7,0
0.523,0.132,3
0.267,0.489,0
0.453,0.704,0
0.113,0.846,0
0.273,0.469,0
0.503,0.042,3
0.466,0.774,0
0.441,0.692,0
0.961,0.536,1
1.004,0.503,2
0.063,0.684,0
0.298,0.492,0
0.261,0.456,0
0.292,0.464,0
0.222,0.433,0
1.021,0.572,4
0.527,0.709,0
0.313,0.508,0
0.115,0.82,0
0.369,0.715,0
0.519,0.077,3
0.535,0.063,3
0.989,0.533,2
1.043,0.561,4
0.022,0.726,0
0.981,0.57,4
0.002,0.791,0
0.297,0.408,0
0.072,0.776,0
0.346,0.537,0
0.058,0.748,0
0.449,0.106,3
0.44,0.67,0
1.004,0.484,2
0.508,0.144,3
0.46,0.061,3
0.522,0.046,3
0.46,0.713,0
0.076,0.741,0
0.419,0.646,0
0.294,0.488,0
0.544,0.054,3
0.277,0.569,0
0.504,0.729,0
0.105,0.704,0
0.049,0.811,0
0.992,0.568,4
1.018,0.507,2
0.1,0.735,0
0.891,0.488,1
0.558,0.01,3
0.221,0.488,0
0.214,0.471,0
0.313,0.491,0
0.526,0.122,3
0.426,0.707,0
0.442,0.063,3
0.479,0.747,0
0.494,0.084,3
0.189,0.485,0
0.305,0.443,0
0.078,0.746,0
0.474,0.727,0
0.466,0.055,3
0.238,0.538,0
0.999,0.555,4
0.973,0.52,2
0.466,0.077,3
0.226,0.46,0
0.45,0.715,0
0.249,0.5,0
0.291,0.45,0
0.514,0.145,3
0.099,0.784,0
0.284,0.504,0
0.004,0.81,0
0.467,0.707,0
0.48,0.168,3
0.417,0.729,0
0.128,0.787,0
0.071,0.753,0
0.316,0.492,0
0.947,0.542,1
0.038,0.786,0
0.088,0.769,0
0.266,0.451,0
0.425,0.71,0
0.3,0.479,0
0.274,0.522,0
0.954,0.576,4
0.098,0.714,0
1.024,0.551,4
1.043,0.545,4
0.338,0.467,0
0.314,0.504,0
0.329,0.499,0
0.424,0.772,0
0.477,0.734,0
0.508,0.111,3
0.366,0.756,0
0.47,0.027,3
0.448,0.701,0
0.247,0.53,0
0.408,0.722,0
0.296,0.508,0
0.322,0.531,0
0.55,0.716,0
0.397,0.741,0
0.083,0.789,0
0.539,0.108,3
0.442,0.716,0
0.942,0.611,4
0.396,0.058,3
0.51,0.707,0
0.982,0.599,4
0.469,0.058,3
0.963,0.532,1
0.269,0.516,0
0.505,0.119,3
0.071,0.779,0
1.001,0.482,2
0.405,0.761,0
0.464,0.733,0
0.47,0.729,0
0.482,0.697,0
0.328,0.51,0
0.24,0.538,0
0.484,0.723,0
0.214,0.589,0
0.261,0.477,0
0.893,0.486,1
0.048,0.803,0
0.933,0.557,1
0.239,0.463,0
0.047,0.852,0
0.175,0.495,0
0.98,0.538,2
0.969,0.535,1
0.124,0.839,0
0.477,0.052,3
0.448,0.025,3
0.967,0.548,1
0.945,0.569,1
0.018,0.794,0
0.461,0.78,0
0.304,0.483,0
0.223,0.517,0
1.01,0.502,2
0.283,0.452,0
0.396,0.645,0
0.515,0.133,3
0.552,0.106,3
0.979,0.491,2
0.98,0.528,2
0.933,0.545,1
0.107,0.737,0
0.966,0.606,4
0.417,0.74,0
0.556,0.082,3
0.953,0.569,1
0.453,0.786,0
0.943,0.561,1
0.456,0.717,0
0.97,0.533,1
0.434,0.715,0
0.974,0.505,2
0.558,0.097,3
0.385,0.682,0
0.295,0.458,0
0.985,0.468,2
0.47,0.743,0
0.233,0.561,0
0.324,0.507,0
0.205,0.51,0
0.237,0.544,0
0.08,0.807,0
0.274,0.539,0
0.52,0.09,3
0.207,0.496,0
0.296,0.487,0
0.075,0.805,0
0.5,0.137,3
1.001,0.532,2
0.222,0.524,0
0.125,0.781,0
0.968,0.516,2
0.502,0.085,3
0.977,0.475,2
0.522,0.099,3
0.255,0.486,0
0.518,0.062,3
0.155,0.778,0
0.95,0.478,2
0.966,0.521,1
0.003,0.819,0
0.041,0.763,0
0.431,0.756,0
0.248,0.532,0
1.063,0.522,2
0.215,0.531,0
0.939,0.524,1
0.436,0.694,0
0.126,0.686,0
1.02,0.543,4
0.126,0.764,0
0.434,0.047,3
0.476,0.752,0
0.282,0.504,0
0.529,0.08,3
0.014,0.764,0
0.394,0.69,0
0.088,0.832,0
1.015,0.533,2
0.418,0.737,0
0.103,0.736,0
0.585,0.136,3
0.118,0.789,0
1.017,0.596,4
1.026,0.557,4
0.474,0.717,0
0.941,0.538,1
0.997,0.597,4
0.071,0.861,0
0.191,0.435,0
0.253,0.538,0
0.401,0.765,0
0.139,0.817,0
0.535,0.183,3
0.081,0.871,0
0.068,0.739,0
0.945,0.617,4
0.473,0.081,3
0.058,0.795,0
0.971,0.568,4
0.248,0.534,0
1.002,0.539,2
1.003,0.529,2
0.944,0.53,1
1.014,0.559,4
0.101,0.834,0
0.099,0.827,0
0.442,0.077,3
0.521,0.025,3
0.308,0.488,0
0.441,0.76,0
0,0.773,0
0.933,0.518,1
0.288,0.508,0
0.454,0.759,0
0.505,0.728,0
0.113,0.774,0
0.461,0.73,0
0.921,0.553,1
0.439,0.758,0
0.12,0.801,0
0.427,0.707,0
0.1,0.765,0
0.123,0.784,0
0.024,0.743,0
0.209,0.509,0
0.097,0.789,0
0.459,0.698,0
1.007,0.498,2
0.255,0.501,0
0.055,0.706,0
0.11,0.774,0
0.478,0.677,0
0.454,0.011,3
0.062,0.755,0
0.422,0.067,3
0.481,0.108,3
0.486,0.684,0
0.567,0.643,0
0.568,0.024,3
0.49,0.672,0
0.07,0.755,0
0.013,0.78,0
0.046,0.789,0
0.117,0.84,0
0.282,0.512,0
0.198,0.495,0
0.432,0.639,0
0.299,0.513,0
0.502,0.004,3
0.54,0.076,3
0.503,0.08,3
0.047,0.741,0
0.051,0.816,0
0.492,0.771,0
0.508,0.107,3
0.416,0.685,0
0.967,0.525,1
0.968,0.552,4
0.983,0.582,4
0.009,0.737,0
0.06,0.688,0
0.249,0.456,0
0.28,0.513,0
0.573,0.09,3
0.429,0.703,0
0.511,0.174,3
0.996,0.578,4
0.168,0.497,0
1.003,0.546,4
0.413,0.646,0
0.481,0.68,0
0.5,0.105,3
0.967,0.62,4
0.457,0.803,0
0.401,0.828,0
0.988,0.569,4
0.286,0.506,0
0.396,0.672,0
0.373,0.625,0
0.485,0.115,3
0.518,0.091,3
0.308,0.5,0
0.245,0.419,0
0.575,0.177,3
0.467,0.062,3
0.396,0.718,0
0.059,0.778,0
0.976,0.55,4
0.075,0.722,0
0.95,0.524,1
0.462,0.715,0
0.531,0.066,3
0.061,0.817,0
0.086,0.675,0
0.053,0.748,0
0.303,0.49,0
0.508,0.034,3
0.895,0.553,1
0.514,0.099,3
0.322,0.568,0
1.02,0.586,4
0.433,0.694,0
0.242,0.5,0
0.973,0.516,2
0.505,0.675,0
0.561,0.105,3
0.54,0.074,3
0.975,0.487,2
0.497,0.748,0
0.429,0.706,0
1,0.573,4
0.451,0.745,0
0.049,0.765,0
0.064,0.73,0
0.28,0.524,0
0.407,0.72,0
0.269,0.432,0
0.055,0.722,0
0.992,0.533,2
0.517,0.792,0
0.278,0.551,0
0.328,0.543,0
0.979,0.511,2
0.039,0.829,0
0.227,0.465,0
0.478,0.733,0
0.173,0.754,0
0.504,0.732,0
0.499,0.044,3
1.016,0.556,4
0.39,0.744,0
0.264,0.545,0
0.533,0.094,3
0.286,0.463,0
0.485,0.032,3
0.418,0.71,0
0.346,0.495,0
0.053,0.833,0
0.233,0.507,0
0.949,0.516,1
0.247,0.548,0
0.458,0.075,3
0.308,0.525,0
0.277,0.533,0
0.576,0.13,3
1.026,0.505,2
0.284,0.472,0
0.478,0.023,3
0.518,0.054,3
0.059,0.797,0
0.524,0.037,3
0.031,0.771,0
0.273,0.511,0
0.44,0.743,0
0.443,0.718,0
0.099,0.832,0
0.53,0.087,3
1.032,0.555,4
0.999,0.571,4
0.055,0.76,0
0.913,0.558,1
0.427,0.72,0
0.962,0.559,1
0.501,0.08,3
0.283,0.521,0
0.38,0.686,0
0.069,0.76,0
0.503,0.079,3
0.93,0.526,1
0.07,0.847,0
0.453,0.066,3
0.458,0.014,3
0.084,0.781,0
0.036,0.774,0
0.487,0.137,3
0.399,0.676,0
0.179,0.455,0
0.04,0.796,0
1.009,0.454,2
1.059,0.562,4
0.933,0.541,1
0.484,0.144,3
0.038,0.748,0
1.007,0.563,4
0.139,0.758,0
0.417,0.676,0
0.353,0.513,0
0.058,0.684,0
0.895,0.491,1
0.296,0.473,0
0.529,0.108,3
0.211,0.509,0
0.487,0.079,3
0.946,0.578,1
1.027,0.563,4
0.492,0.062,3
0.481,0.1,3
0.557,0.1,3
0.272,0.493,0
0.984,0.522,2
0.512,0.026,3
0.126,0.786,0
0.452,0.717,0
0.122,0.793,0
1.047,0.554,4
0.531,0.072,3
0.298,0.491,0
0.916,0.604,1
0.497,0.057,3
0.269,0.508,0
0.449,0.686,0
0.055,0.742,0
0.52,0.112,3
0.935,0.592,1
0.497,0.096,3
0.063,0.821,0
0.333,0.467,0
0.231,0.476,0
0.375,0.707,0
0.433,0.055,3
1.059,0.456,2
0.439,0.702,0
1.037,0.56,4
0.506,0.052,3
0.931,0.486,1
0.287,0.542,0
0.976,0.606,4
0.494,0.06,3
0.256,0.485,0
0.272,0.493,0
0.226,0.476,0
0.969,0.567,4
0.452,0.706,0
0.082,0.763,0
0.435,0.079,3
0.28,0.52,0
0.973,0.56,4
0.991,0.587,4
0.971,0.545,1
0.108,0.82,0
0.46,0.016,3
0.451,0.059,3
0.248,0.5,0
1.011,0.534,2
1.06,0.58,4
0.38,0.703,0
0.453,0.039,3
0.485,0.1,3
0.277,0.48,0
1.013,0.501,2
0.472,0.054,3
1.018,0.613,4
0.079,0.801,0
0.425,0.689,0
0.364,0.734,0
0.6,0.011,3
1.058,0.551,4
0.463,0.022,3
0.241,0.529,0
0.018,0.802,0
0.464,0.013,3
0.494,0.108,3
0.101,0.763,0
1.007,0.523,2
0.287,0.542,0
0.015,0.788,0
0.451,0.729,0
0.246,0.492,0
0.264,0.485,0
0.509,0.729,0
0.262,0.5,0
0.109,0.792,0
0.496,0.04,3
0.98,0.538,2
0.028,0.782,0
0.29,0.527,0
0.279,0.446,0
0.536,0.064,3
0.517,0.125,3
0.061,0.827,0
0.403,0.748,0
0.342,0.48,0
0.537,0.045,3
0.934,0.501,1
0.43,0.786,0
1.023,0.582,4
0.508,0.132,3
0.966,0.476,2
0.289,0.548,0
0.064,0.836,0
0.986,0.571,4
0.18,0.75,0
0.965,0.64,4
0.478,0.756,0
0.533,0.829,0
0.198,0.482,0
0.433,0.774,0
0.274,0.485,0
0.531,0.081,3
0.959,0.582,4
0.432,0.157,3
0.435,0.69,0
0.379,0.72,0
0.944,0.554,1
0.005,0.787,0
0.407,0.68,0
0.334,0.479,0
0.473,0.742,0
0.313,0.482,0
0.495,0.034,3
0.965,0.537,1
0.262,0.571,0
1.008,0.499,2
0.465,0.077,3
0.363,0.455,0
0.319,0.481,0
0.448,0.081,3
0.269,0.473,0
0.454,0.044,3
0.415,0.711,0
0.54,0.033,3
0.249,0.512,0
0.291,0.445,0
0.324,0.445,0
0.921,0.554,1
0.926,0.646,4
0.311,0.536,0
0.477,0.75,0
0.281,0.497,0
1.044,0.537,2
0.093,0.737,0
0.995,0.563,4
0.429,0.737,0
0.463,0.044,3
0.446,0.7,0
1.037,0.512,2
0.477,0.741,0
0.055,0.83,0
0.995,0.522,2
1.005,0.599,4
0.551,0.11,3
0.467,0.115,3
0.07,0.837,0
0.959,0.546,1
0.53,0.004,3
0.989,0.551,4
0.128,0.813,0
0.219,0.448,0
0.233,0.558,0
0.25,0.455,0
0.474,0.121,3
0.406,0.744,0
0.053,0.818,0
0.092,0.725,0
0.557,0.089,3
0.956,0.607,4
0.241,0.499,0
0.465,0.676,0
0.087,0.758,0
0.593,0.013,3
0.389,0.717,0
0.085,0.767,0
0.527,0.036,3
0.569,0.114,3
0.426,0.78,0
0.12,0.713,0
0.49,0.722,0
0.554,0.058,3
1.011,0.565,4
0.432,0.76,0
0.442,0.711,0
0.287,0.483,0
0.408,0.842,0
0.512,0.11,3
0.456,0.736,0
0.314,0.466,0
0.489,0.695,0
0.468,0.074,3
0.977,0.504,2
0.535,0.067,3
0.476,0.091,3
0.538,0.15,3
0.936,0.554,1
0.553,0.129,3
0.429,0.757,0
0.099,0.804,0
0.059,0.792,0
0.47,0.032,3
0.939,0.545,1
1.036,0.589,4
0.322,0.483,0
0.419,0.823,0
0.429,0.149,3
0.243,0.474,0
0.047,0.789,0
0.421,0.706,0
0.467,0.072,3
0.278,0.674,0
0.457,0.706,0
0.489,0.744,0
0.463,0.725,0
0.402,0.724,0
0.094,0.765,0
0.485,0.678,0
0.196,0.495,0
0.121,0.804,0
0.97,0.521,2
0.956,0.53,1
0.019,0.771,0
0.198,0.414,0
0.479,0.067,3
0.395,0.751,0
0.908,0.543,1
0.062,0.814,0
0.107,0.75,0
0.88,0.501,1
0.991,0.495,2
0.408,0.663,0
0.451,0.051,3
0.445,0.751,0
0.125,0.764,0
0.479,0.723,0
0.985,0.541,4
0.036,0.784,0
0.511,0.071,3
0.505,0.124,3
0.544,0.055,3
0.526,0.108,3
0.922,0.559,1
0.226,0.453,0
0.523,0.083,3
0.433,0.701,0
0.058,0.722,0
1.018,0.553,4
0.505,0.029,3
0.117,0.72,0
0.256,0.492,0
1.007,0.528,2
0.147,0.774,0
0.28,0.542,0
0.413,0.678,0
0.535,0.071,3
0.462,0.759,0
0.54,0.056,3
0.259,0.467,0
0.967,0.576,4
0.927,0.493,1
0.454,0.106,3
0.981,0.583,4
0.234,0.53,0
0.419,0.707,0
0.413,0.687,0
0.502,0.009,3
0.298,0.468,0
0.517,0.11,3
0.434,0.663,0
0.956,0.508,1
0.939,0.498,1
0.083,0.768,0
0.847,0.606,1
0.305,0.488,0
0.193,0.493,0
0.499,0.071,3
0.036,0.755,0
0.525,0.046,3
0.934,0.551,1
0.999,0.633,4
0.038,0.799,0
0.283,0.506,0
0.231,0.491,0
0.935,0.53,1
0.521,0.773,0
0.496,0.058,3
0.974,0.582,4
0.063,0.803,0
0.455,0.732,0
0.015,0.791,0
0.522,0.068,3
0.497,0.08,3
0.29,0.574,0
0.941,0.541,1
0.422,0.683,0
0.028,0.813,0
0.096,0.797,0
0.421,0.722,0
0.116,0.7,0
0.446,0.628,0
0.492,0.133,3
1.062,0.54,2
0.425,0.06,3
0.425,0.684,0
0.077,0.736,0
0.428,0.665,0
0.974,0.52,2
0.098,0.788,0
0.454,0.745,0
0.361,0.537,0
0.149,0.795,0
0.494,0.742,0
0.455,0.72,0
0.115,0.745,0
1.028,0.557,4
0.945,0.596,4
0.418,0.73,0
0.089,0.733,0
0.24,0.531,0
0.565,0.066,3
0.289,0.45,0
0.955,0.515,1
0.2,0.512,0
0.56,0.073,3
1.039,0.579,4
0.253,0.579,0
0.302,0.463,0
0.013,0.744,0
0.307,0.569,0
0.38,0.721,0
0.42,0.721,0
0.265,0.561,0
0.343,0.704,0
0.356,0.766,0
0.534,0.101,3
0.427,0.066,3
0.475,0.812,0
0.237,0.502,0
0.078,0.888,0
0.409,0.707,0
0.494,0.092,3
0.131,0.734,0
0.907,0.523,1
0.531,0.641,0
0.393,0.716,0
0.443,0.034,3
0.121,0.791,0
0.921,0.48,1
0.047,0.719,0
0.25,0.562,0
0.375,0.733,0
0.477,0.772,0
0.29,0.514,0
0.279,0.575,0
0.17,0.806,0
0.271,0.506,0
0.446,0.749,0
0.382,0.706,0
0.386,0.774,0
0.244,0.477,0
1.005,0.492,2
0.969,0.605,4
0.433,0.755,0
0.033,0.775,0
0.379,0.798,0
0.022,0.689,0
0.362,0.732,0
0.107,0.736,0
0.412,0.767,0
0.053,0.828,0
0.272,0.433,0
0.402,0.081,3
0.528,0.083,3
0.469,0.783,0
0.984,0.58,4
0.078,0.821,0
0.522,0.081,3
0.442,0.743,0
0.539,0.121,3
0.3,0.49,0
0.288,0.535,0
0.433,0.696,0
0.338,0.5,0
0.113,0.768,0
0.451,0.008,3
0.999,0.564,4
0.997,0.556,4
0.481,0.034,3
0.971,0.498,2
0.626,0.049,3
0.953,0.535,1
0.502,0.05,3
0.001,0.777,0
0.26,0.512,0
0.191,0.517,0
0.518,0.091,3
0.471,0.039,3
0.042,0.755,0
0.47,0.726,0
0.043,0.833,0
0.969,0.525,1
0.498,0.065,3
0.33,0.524,0
0.289,0.494,0
0.066,0.788,0
0.98,0.521,2
0.939,0.548,1
1.008,0.552,4
0.988,0.495,2
0.908,0.568,1
0.465,0.093,3
0.402,0.672,0
0.09,0.835,0
0.094,0.734,0
0.385,0.695,0
1.005,0.528,2
0.304,0.498,0
0.248,0.496,0
0.933,0.549,1
0.259,0.529,0
0.997,0.469,2
0.445,0.736,0
0.006,0.782,0
0.491,0.059,3
0.058,0.789,0
0.084,0.793,0
0.466,0.074,3
0.179,0.543,0
0.978,0.583,4
0.056,0.855,0
0.242,0.512,0
0.133,0.756,0
0.101,0.727,0
0.293,0.524,0
0.476,0.755,0
0.289,0.557,0
0.293,0.551,0
0.264,0.505,0
0.039,0.814,0
0.493,0.054,3
0.483,0.757,0
0.014,0.794,0
0.988,0.51,2
0.989,0.512,2
0.933,0.546,1
0.242,0.497,0
0.476,0.667,0
0.254,0.442,0
0.426,0.705,0
0.217,0.491,0
0.498,0.821,0
0.244,0.491,0
0.925,0.534,1
1.034,0.583,4
0.526,0.168,3
0.978,0.493,2
0.095,0.752,0
0.252,0.471,0
0.995,0.562,4
0.367,0.73,0
0.505,0.079,3
0.501,0.065,3
0.012,0.747,0
0.097,0.806,0
0.952,0.466,2
0.432,0.008,3
0.989,0.552,4
0.498,0.725,0
0.06,0.741,0
0.268,0.462,0
0.915,0.523,1
0.052,0.845,0
0.998,0.604,4
0.499,0.79,0
0.073,0.811,0
0.28,0.543,0
0.459,0.14,3
0.486,0.012,3
0.243,0.481,0
0.972,0.516,2
0.063,0.755,0
0.987,0.565,4
0.309,0.439,0
0.479,0.726,0
0.917,0.463,1
0.309,0.475,0
0.932,0.529,1
0.276,0.453,0
0.441,0.763,0
0.478,0.083,3
0.289,0.548,0
0.398,0.8,0
1.003,0.525,2
0.085,0.765,0
0.26,0.501,0
0.444,0.067,3
0.409,0.742,0
0.486,0.696,0
0.534,0.04,3
0.492,0.696,0
0.279,0.536,0
0.448,0.649,0
0.977,0.541,4
0.267,0.495,0
0.32,0.487,0
0.439,0.165,3
0.173,0.684,0
0.505,0.829,0
0.524,0.05,3
0.946,0.466,2
0.547,0.055,3
0.175,0.792,0
0.934,0.581,1
0.982,0.542,4
1.028,0.505,2
0.478,0.686,0
0.341,0.476,0
0.348,0.394,0
0.11,0.69,0
0.088,0.755,0
0.381,0.675,0
0.283,0.499,0
0.508,0.127,3
0.438,0.738,0
0.05,0.815,0
0.476,0.764,0
0.932,0.546,1
0.258,0.445,0
0.388,0.777,0
0.512,0.088,3
0.526,0.084,3
0.172,0.533,0
0.323,0.462,0
0.261,0.439,0
0.965,0.592,4
0.531,0.024,3
0.963,0.541,1
0.301,0.602,0
0.158,0.889,0
0.417,0.719,0
0.947,0.525,1
0.517,0.111,3
0.046,0.82,0
0.21,0.493,0
0.492,0.696,0
0.19,0.426,0
0.436,0.698,0
0.485,0.662,0
1.015,0.52,2
0.456,0.705,0
0.488,0.745,0
1.038,0.586,4
0.967,0.552,1
0.434,0.091,3
0.381,0.721,0
0.412,0.762,0
0.947,0.517,1
0.294,0.445,0
1.034,0.566,4
0.995,0.541,4
0.435,0.752,0
0.51,0.037,3
0.466,0.09,3
0.283,0.586,0
0.132,0.749,0
0.984,0.56,4
0.266,0.479,0
0.544,0.083,3
0.469,0.064,3
0.083,0.749,0
0.222,0.518,0
0.947,0.52,1
0.534,0.16,3
0.074,0.767,0
0.422,0.782,0
0.246,0.5,0
0.452,0.694,0
1.005,0.558,4
0.42,0.794,0
0.52,0.02,3
0.49,0.072,3
0.481,0.114,3
1.033,0.529,2
0.257,0.499,0
0.998,0.617,4
0.401,0.783,0
0.45,0.102,3
0.562,0.089,3
0.945,0.557,1
0.482,0.135,3
0.983,0.523,2
0.57,0.128,3
0.439,0.724,0
0.063,0.745,0
0.933,0.497,1
0.51,0.11,3
0.535,0.076,3
0.327,0.551,0
0.527,0.114,3
0.934,0.507,1
0.573,0.072,3
0.956,0.568,1
0.295,0.508,0
0.456,0.052,3
0.216,0.456,0
0.261,0.489,0
0.258,0.573,0
0.478,0.141,3
0.088,0.755,0
0.096,0.782,0
0.469,0.066,3
0.478,0.745,0
0.302,0.477,0
0.243,0.52,0
0.483,0.711,0
0.932,0.576,1
0.089,0.828,0
0.46,0.078,3
0.961,0.51,1
0.946,0.532,1
0.213,0.534,0
0.043,0.792,0
0.277,0.521,0
0.512,0.086,3
0.398,0.774,0
0.259,0.538,0
0.497,0.753,0
0.512,0.692,0
0.994,0.532,2
0.107,0.735,0
0.092,0.75,0
0.408,0.635,0
0.51,0.099,3
0.477,0.748,0
1.005,0.572,4
0.137,0.83,0
0.11,0.719,0
0.379,0.691,0
0.432,0.772,0
0.439,0.828,0
0.406,0.794,0
0.114,0.774,0
0.112,0.818,0
0.424,0.725,0
0.954,0.496,1
0.062,0.723,0
0.065,0.76,0
0.402,0.744,0
0.456,0.066,3
0.527,0.077,3
0.234,0.47,0
0.538,0.016,3
0.943,0.57,1
0.417,0.685,0
0.937,0.478,1
0.118,0.794,0
0.992,0.52,2
0.243,0.497,0
0.389,0.034,3
1.008,0.542,4
0.93,0.567,1
0.416,0.75,0
0.137,0.762,0
0.429,0.751,0
0.149,0.718,0
0.982,0.548,4
0.067,0.798,0
0.498,0.054,3
0.278,0.427,0
0.576,0.059,3
0.142,0.864,0
0.443,0.776,0
0.469,0.696,0
0.425,0.705,0
0.118,0.758,0
0.109,0.793,0
0.127,0.776,0
0.484,0.728,0
0.08,0.819,0
0.13,0.734,0
0.437,0.794,0
0.422,0.655,0
0.37,0.73,0
0.273,0.485,0
0.48,0.104,3
0.279,0.457,0
0.081,0.776,0
0.584,0.063,3
0.555,0.08,3
0.976,0.556,4
0.478,0.053,3
0.337,0.459,0
0.511,0.121,3
0.46,0.678,0
0.459,0.013,3
0.507,0.003,3
0.051,0.778,0
0.471,0.095,3
0.364,0.648,0
0.952,0.469,2
1.026,0.5,2
0.983,0.563,4
0.954,0.511,1
1.018,0.565,4
0.26,0.574,0
0.528,0.082,3
0.493,0.085,3
0.93,0.553,1
0.428,0.763,0
0.242,0.438,0
0.992,0.552,4
0.067,0.783,0
0.5,0.741,0
0.974,0.567,4
0.137,0.779,0
0.959,0.546,1
0.526,0.706,0
1.051,0.491,2
0.34,0.532,0
0.374,0.773,0
0.087,0.798,0
0.952,0.633,4
0.405,0.705,0
0.107,0.731,0
0.553,0.076,3
0.427,0.696,0
0.267,0.492,0
0.967,0.53,1
0.241,0.526,0
0.114,0.77,0
0.127,0.775,0
0.93,0.475,1
0.076,0.734,0
0.081,0.759,0
0.133,0.815,0
0.293,0.482,0
0.952,0.57,1
0.391,0.745,0
0.494,0.121,3
0.946,0.5,1
0.082,0.78,0
0.864,0.57,1
0.946,0.512,1
0.478,0.143,3
0.48,0.724,0
0.399,0.66,0
0.318,0.494,0
0.307,0.598,0
0.52,0.049,3
0.57,0.008,3
0.102,0.809,0
0.351,0.528,0
0.122,0.802,0
0.137,0.744,0
0.456,0.126,3
0.463,0.759,0
0.505,0.783,0
0.102,0.756,0
0.247,0.476,0
0.529,0.061,3
0.025,0.766,0
0.073,0.772,0
0.427,0.706,0
0.441,0.718,0
0.305,0.499,0
1.065,0.526,2
0.088,0.805,0
0.958,0.5,1
0.079,0.796,0
0.402,0.699,0
0.953,0.509,1
0.997,0.573,4
0.183,0.884,0
0.101,0.752,0
0.578,0.025,3
0.437,0.795,0
0.295,0.477,0
1.015,0.579,4
0.387,0.707,0
0.221,0.458,0
0.987,0.526,2
0.411,0.712,0
0.293,0.502,0
0.515,0.049,3
0.408,0.765,0
0.476,0.053,3
1.021,0.521,2
0.376,0.78,0
0.237,0.51,0
0.583,0.12,3
0.09,0.772,0
0.441,0.775,0
0.544,0.101,3
0.21,0.541,0
0.978,0.566,4
0.078,0.8,0
0.228,0.52,0
0.076,0.734,0
0.502,0.062,3
0.068,0.86,0
1.024,0.531,2
0.978,0.494,2
0.404,0.701,0
0.953,0.471,2
0.084,0.799,0
0.933,0.585,1
0.333,0.449,0
0.441,0.735,0
0.512,0.046,3
0.494,0.052,3
0.467,0.715,0
0.468,0.113,3
0.192,0.567,0
0.932,0.568,1
0.498,0.729,0
0.423,0.67,0
0.271,0.455,0
0.514,0.116,3
0.317,0.484,0
0.099,0.794,0
0.207,0.465,0
0.21,0.439,0
0.516,0.123,3
0.404,0.705,0
0.131,0.753,0
0.302,0.507,0
0.289,0.455,0
0.514,0.005,3
0.001,0.721,0
0.21,0.53,0
0.28,0.439,0
0.512,0.675,0
0.041,0.833,0
0.357,0.775,0
0.437,0.708,0
0.963,0.528,1
0.102,0.807,0
0.121,0.809,0
0.082,0.671,0
1.02,0.517,2
0.239,0.525,0
0.352,0.708,0
0.27,0.491,0
1.037,0.528,2
0.508,0.027,3
0.939,0.491,1
0.451,0.055,3
0.3,0.545,0
1.009,0.511,2
0.534,0.001,3
0.122,0.806,0
1.028,0.517,2
0.267,0.421,0
0.353,0.765,0
0.482,0.686,0
0.46,0.73,0
0.023,0.696,0
0.954,0.538,1
0.482,0.056,3
0.056,0.735,0
0.036,0.795,0
0.278,0.524,0
0.498,0.047,3
0.247,0.536,0
0.266,0.549,0
0.43,0.71,0
0.145,0.815,0
1.031,0.499,2
0.461,0.098,3
0.304,0.524,0
0.459,0.739,0
0.932,0.556,1
0.444,0.703,0
0.428,0.692,0
0.066,0.726,0
0.077,0.754,0
0.077,0.784,0
0.382,0.651,0
0.533,0.122,3
0.413,0.727,0
0.092,0.76,0
0.211,0.48,0
0.049,0.811,0
0.006,0.787,0
0.984,0.56,4
0.492,0.696,0
0.084,0.79,0
0.981,0.512,2
0.24,0.502,0
0.965,0.513,1
0.299,0.545,0
0.29,0.431,0
0.458,0.692,0
0.095,0.827,0
0.43,0.824,0
1.015,0.516,2
0.047,0.795,0
0.535,0.064,3
0.318,0.532,0
0.001,0.769,0
0.019,0.768,0
0.464,0.74,0
0.058,0.786,0
0.084,0.753,0
0.455,0.735,0
0.977,0.486,2
0.138,0.738,0
0.965,0.493,2
0.097,0.745,0
0.499,0.8,0
0.136,0.702,0
0.132,0.821,0
0.501,0.08,3
0.959,0.568,4
0.01,0.825,0
0.941,0.569,1
0.063,0.782,0
0.979,0.493,2
0.461,0.116,3
0.241,0.527,0
0.104,0.812,0
0.314,0.503,0
0.086,0.735,0
0.035,0.811,0
0.285,0.547,0
0.462,0.705,0
0.254,0.516,0
0.449,0.699,0
0.076,0.712,0
0.501,0.108,3
0.109,0.769,0
0.327,0.451,0
0.126,0.808,0
0.559,0.134,3
0.037,0.771,0
0.064,0.791,0
0.457,0.717,0
0.029,0.787,0
0.971,0.492,2
0.069,0.777,0
0.113,0.728,0
0.327,0.74,0
0.274,0.523,0
0.023,0.735,0
0.134,0.747,0
0.108,0.799,0
0.275,0.484,0
0.511,0.713,0
0.418,0.784,0
0.242,0.495,0
0.043,0.7,0
0.303,0.511,0
0.339,0.586,0
0.309,0.418,0
0.521,0.069,3
0.278,0.461,0
0.429,0.667,0
0.531,0.106,3
0.491,0.017,3
0.407,0.793,0
0.256,0.486,0
0.01,0.712,0
1.031,0.481,2
0.454,0.08,3
0.506,0.14,3
0.924,0.616,1
0.988,0.508,2
0.421,0.727,0
0.094,0.818,0
0.211,0.471,0
0.985,0.572,4
1.003,0.507,2
0.459,0.724,0
0.493,0.703,0
1.017,0.514,2
0.925,0.504,1
0.985,0.541,4
0.993,0.6,4
0.546,0.101,3
0.002,0.762,0
0.527,0.08,3
0.459,0.098,3
0.099,0.797,0
0.052,0.784,0
0.144,0.768,0
0.955,0.505,1
0.407,0.776,0
0.461,0.645,0
0.474,0.797,0
0.424,0.718,0
0.101,0.838,0
0.52,0.06,3
0.128,0.847,0
0.478,0.755,0
0.07,0.782,0
0.225,0.534,0
0.423,0.002,3
1.041,0.539,2
0.501,0.028,3
0.963,0.573,4
0.519,0.002,3
0.52,0.043,3
0.434,0.736,0
0.11,0.805,0
0.488,0.04,3
0.279,0.528,0
0.504,0.049,3
0.454,0.707,0
0.422,0.75,0
0.263,0.469,0
0.953,0.538,1
0.059,0.814,0
0.476,0.763,0
0.234,0.485,0
0.946,0.435,2
0.451,0.639,0
0.953,0.507,1
0.093,0.78,0
0.978,0.532,2
0.068,0.756,0
0.433,0.681,0
0.13,0.73,0
0.466,0.142,3
0.321,0.54,0
0.129,0.786,0
0.064,0.834,0
0.447,0.699,0
0.107,0.71,0
0.055,0.74,0
0.894,0.527,1
0.227,0.512,0
0.504,0.153,3
0.999,0.515,2
0.503,0.096,3
0.587,0.063,3
0.462,0.702,0
0.991,0.498,2
0.073,0.77,0
0.052,0.73,0
0.469,0.677,0
1.038,0.556,4
0.323,0.496,0
0.286,0.535,0
0.233,0.509,0
0.986,0.534,2
0.436,0.721,0
0.043,0.839,0
0.965,0.513,1
0.408,0.747,0
0.564,0.039,3
0.473,0.032,3
0.352,0.529,0
0.433,0.744,0
0.109,0.821,0
0.563,0.026,3
0.449,0.663,0
0.39,0.758,0
0.973,0.595,4
0.065,0.754,0
0.5,0.027,3
0.107,0.724,0
0.434,0.713,0
0.394,0.694,0
0.488,0.075,3
0.39,0.665,0
0.959,0.55,1
1.04,0.517,2
0.296,0.589,0
0.447,0.114,3
0.07,0.727,0
0.466,0.708,0
0.935,0.526,1
0.086,0.763,0
0.523,0.094,3
0.484,0.015,3
0.239,0.469,0
0.14,0.759,0
0.358,0.706,0
0.282,0.518,0
0.966,0.531,1
0.936,0.539,1
0.301,0.482,0
0.242,0.545,0
0.294,0.394,0
0.097,0.746,0
0.077,0.715,0
0.025,0.759,0
0.406,0.721,0
0.347,0.509,0
0.949,0.51,1
0.475,0.096,3
0.32,0.489,0
0.203,0.488,0
0.947,0.587,4
0.266,0.482,0
0.492,0.027,3
0.204,0.523,0
0.43,0.724,0
0.314,0.537,0
0.044,0.738,0
0.431,0.692,0
0.281,0.508,0
0.479,0.683,0
0.232,0.402,0
1.011,0.493,2
0.39,0.665,0
0.422,0.723,0
0.508,0.173,3
0.05,0.746,0
0.476,0.044,3
0.387,0.738,0
0.965,0.581,4
0.316,0.504,0
0.437,0.147,3
0.587,0.097,3
0.98,0.558,4
0.445,0.797,0
0.439,0.049,3
0.939,0.524,1
0.551,0.025,3
0.999,0.555,4
0.001,0.728,0
0.424,0.787,0
0.281,0.477,0
0.517,0.044,3
0.477,0.128,3
0.497,0.095,3
0.485,0.116,3
0.378,0.665,0
0.938,0.556,1
0.956,0.579,4
0.91,0.54,1
0.451,0.675,0
0.25,0.481,0
0.41,0.744,0
0.512,0.117,3
0.243,0.455,0
0.454,0.048,3
0.489,0.681,0
0.409,0.672,0
0.416,0.713,0
0.409,0.723,0
0.529,0.079,3
0.059,0.877,0
0.083,0.778,0
0.042,0.817,0
0.037,0.855,0
0.417,0.751,0
0.478,0.109,3
0.917,0.493,1
0.089,0.817,0
0.1,0.825,0
0.968,0.526,1
0.078,0.719,0
0.067,0.754,0
0.1,0.76,0
0.405,0.115,3
0.44,0.091,3
0.253,0.517,0
0.954,0.543,1
0.939,0.589,1
0.998,0.454,2
0.266,0.507,0
0.248,0.457,0
1.001,0.524,2
0.289,0.501,0
0.055,0.805,0
0.963,0.583,4
0.266,0.598,0
0.962,0.564,4
0.022,0.865,0
0.058,0.755,0
0.958,0.476,2
0.263,0.472,0
0.511,0.112,3
0.234,0.525,0
0.956,0.593,4
0.041,0.785,0
0.275,0.496,0
0.094,0.821,0
0.448,0.093,3
0.482,0.012,3
1.007,0.58,4
0.269,0.535,0
0.966,0.506,2
0.977,0.539,4
0.373,0.732,0
0.193,0.531,0
0.554,0.115,3
0.94,0.487,1
0.492,0.069,3
0.086,0.792,0
0.416,0.742,0
0.09,0.764,0
1.019,0.5,2
0.264,0.461,0
0.443,0.696,0
1.032,0.534,2
0.499,0.052,3
0.317,0.521,0
0.928,0.546,1
0.279,0.494,0
0.246,0.507,0
0.486,0.725,0
0.086,0.725,0
0.081,0.794,0
0.094,0.815,0
0.403,0.73,0
0.967,0.527,1
1.007,0.597,4
0.057,0.778,0
0.446,0.672,0
0.974,0.466,2
0.256,0.479,0
0.404,0.677,0
0.084,0.798,0
0.288,0.518,0
1.003,0.559,4
0.034,0.785,0
0.131,0.694,0
0.515,0.108,3
0.375,0.749,0
0.963,0.513,1
0.213,0.48,0
0.483,0.084,3
0.089,0.771,0
0.403,0.06,3
0.932,0.543,1
0.434,0.721,0
1.015,0.54,2
0.269,0.456,0
0.905,0.542,1
0.014,0.801,0
0.436,0.76,0
0.453,0.718,0
1.019,0.58,4
0.452,0.726,0
0.265,0.479,0
0.444,0.714,0
0.48,0.009,3
0.037,0.78,0
0.128,0.741,0
0.467,0.726,0
0.936,0.59,1
0.395,0.644,0
1.082,0.491,2
0.439,0.701,0
0.421,0.683,0
0.866,0.551,1
0.267,0.465,0
0.417,0.699,0
0.427,0.724,0
0.122,0.816,0
0.3,0.555,0
1.013,0.544,4
0.332,0.707,0
0.544,0.115,3
0.095,0.72,0
0.942,0.504,1
0.339,0.446,0
0.985,0.612,4
0.427,0.784,0
0.482,0.708,0
1.009,0.537,2
0.239,0.53,0
0.989,0.582,4
0.972,0.483,2
0.514,0.099,3
0.488,0.065,3
0.484,0.724,0
0.219,0.528,0
1.07,0.543,2
0.183,0.516,0
0.231,0.471,0
0.281,0.523,0
0.284,0.542,0
1.014,0.506,2
0.297,0.545,0
0.029,0.776,0
0.447,0.742,0
0.538,0.09,3
0.908,0.536,1
0.502,0.055,3
0.368,0.74,0
1.014,0.577,4
0.936,0.514,1
0.132,0.82,0
0.03,0.762,0
0.51,0.007,3
0.139,0.881,0
0.431,0.063,3
1.018,0.557,4
0.299,0.518,0
0.542,0.021,3
0.49,0.027,3
0.07,0.684,0
0.981,0.537,2
0.412,0.746,0
0.226,0.547,0
1.041,0.58,4
0.999,0.576,4
0.088,0.809,0
0.037,0.775,0
0.54,0.127,3
0.505,0.087,3
0.986,0.507,2
0.022,0.775,0
0.424,0.708,0
0.381,0.695,0
0.067,0.808,0
0.095,0.844,0
0.459,0.696,0
0.976,0.518,2
0.373,0.754,0
0.582,0.077,3
0.53,0.026,3
0.994,0.543,4
0.536,0.06,3
0.29,0.532,0
0.483,0.052,3
0.277,0.457,0
0.497,0.038,3
0.535,0.075,3
1.019,0.526,2
0.526,0.118,3
0.545,0.035,3
0.044,0.798,0
0.252,0.508,0
0.937,0.542,1
0.515,0.001,3
0.891,0.626,1
0.582,0.048,3
0.293,0.569,0
0.025,0.745,0
0.454,0.711,0
0.109,0.783,0
0.967,0.587,4
0.519,0.073,3
0.327,0.49,0
0.032,0.82,0
0.974,0.574,4
0.351,0.768,0
1.018,0.559,4
0.526,0.053,3
0.318,0.51,0
0.981,0.502,2
0.433,0.752,0
0.467,0.059,3
0.052,0.77,0
0.093,0.749,0
0.457,0.75,0
0.952,0.517,1
0.45,0.731,0
0.048,0.763,0
0.449,0.138,3
0.274,0.536,0
1.006,0.618,4
0.533,0.046,3
0.35,0.57,0
0.256,0.499,0
0.218,0.498,0
0.106,0.734,0
0.141,0.771,0
1.025,0.537,2
0.456,0.033,3
0.463,0.153,3
0.217,0.477,0
0.045,0.789,0
0.291,0.567,0
0.46,0.709,0
0.22,0.451,0
0.143,0.773,0
0.214,0.481,0
0.242,0.561,0
0.085,0.727,0
0.995,0.581,4
0.474,0.682,0
0.501,0.081,3
0.065,0.691,0
0.436,0.738,0
0.446,0.67,0
0.484,0.793,0
0.544,0.112,3
1.008,0.587,4
0.203,0.612,0
0.407,0.757,0
0.954,0.531,1
0.308,0.459,0
0.411,0.728,0
0.376,0.66,0
0.121,0.815,0
0.969,0.566,4
1.033,0.509,2
0.424,0.107,3
0.446,0.789,0
0.025,0.808,0
0.446,0.791,0
0.466,0.667,0
0.2,0.806,0
0.283,0.559,0
0.316,0.507,0
0.112,0.771,0
0.239,0.504,0
0.441,0.712,0
0.432,0.665,0
0.499,0.678,0
0.406,0.141,3
0.478,0.672,0
1.009,0.527,2
0.461,0.654,0
0.451,0.744,0
0.095,0.816,0
0.099,0.764,0
0.997,0.539,2
0.104,0.764,0
0.061,0.752,0
0.994,0.491,2
0.441,0.766,0
0.471,0.7,0
0.076,0.814,0
0.526,0.076,3
0.063,0.766,0
0.408,0.753,0
0.049,0.774,0
0.387,0.752,0
0.489,0.049,3
0.492,0.104,3
0.45,0.15,3
0.431,0.067,3
0.419,0.733,0
0.542,0.029,3
0.967,0.501,2
0.352,0.645,0
0.461,0.703,0
0.419,0.651,0
0.27,0.479,0
1.024,0.526,2
0.529,0.082,3
0.391,0.777,0
0.468,0.721,0
0.539,0.085,3
0.468,0.699,0
0.282,0.546,0
0.027,0.779,0
0.13,0.788,0
0.065,0.718,0
0.473,0.059,3
0.34,0.505,0
0.42,0.685,0
0.275,0.39,0
0.559,0.036,3
0.079,0.838,0
0.284,0.452,0
0.385,0.784,0
0.542,0.05,3
0.296,0.535,0
0.255,0.472,0
0.213,0.463,0
0.36,0.775,0
0.292,0.551,0
0.039,0.677,0
0.402,0.721,0
0.949,0.532,1
0.063,0.765,0
0.034,0.747,0
0.269,0.512,0
0.107,0.861,0
0.464,0.06,3
0.466,0.06,3
0.456,0.765,0
0.441,0.727,0
0.977,0.505,2
1.025,0.666,4
0.471,0.626,0
0.528,0.077,3
0.431,0.719,0
0.019,0.769,0
0.267,0.541,0
0.102,0.799,0
0.941,0.498,1
0.428,0.725,0
0.286,0.49,0
0.415,0.695,0
0.214,0.467,0
0.043,0.776,0
0.229,0.501,0
0.286,0.506,0
0.948,0.47,2
0.07,0.746,0
0.973,0.452,2
0.055,0.814,0
0.408,0.717,0
1.014,0.528,2
0.45,0.665,0
0.554,0.142,3
0.219,0.538,0
0.965,0.61,4
0.959,0.506,1
0.109,0.778,0
0.982,0.569,4
0.952,0.534,1
0.049,0.799,0
0.08,0.813,0
0.419,0.712,0
0.432,0.737,0
0.941,0.585,1
0.435,0.676,0
0.482,0.659,0
0.436,0.697,0
0.3,0.529,0
1.019,0.529,2
0.502,0.001,3
0.53,0.071,3
0.052,0.789,0
0.39,0.746,0
0.425,0.724,0
0.897,0.527,1
0.112,0.816,0
1.005,0.593,4
0.46,0.645,0
0.228,0.496,0
0.409,0.712,0
0.271,0.546,0
0.942,0.555,1
0.932,0.529,1
0.436,0.674,0
0.441,0.758,0
0.265,0.566,0
0.242,0.494,0
0.978,0.476,2
0.171,0.508,0
0.467,0.122,3
0.526,0.069,3
0.486,0.062,3
0.474,0.795,0
0.364,0.694,0
1.008,0.56,4
0.045,0.785,0
0.282,0.523,0
0.091,0.835,0
0.088,0.767,0
0.512,0.015,3
0.281,0.504,0
0.577,0.025,3
0.983,0.478,2
0.44,0.749,0
0.995,0.519,2
0.558,0.082,3
0.866,0.504,1
0.428,0.667,0
0.545,0.058,3
0.041,0.752,0
0.467,0.749,0
0.989,0.521,2
0.099,0.883,0
1.039,0.522,2
0.26,0.511,0
0.967,0.522,1
0.045,0.751,0
0.299,0.447,0
0.286,0.46,0
0.04,0.767,0
0.944,0.489,1
0.053,0.762,0
0.031,0.823,0
0.49,0.716,0
0.323,0.466,0
0.05,0.809,0
0.532,0.088,3
0.986,0.51,2
0.379,0.709,0
0.279,0.473,0
0.192,0.508,0
0.31,0.473,0
0.974,0.53,2
0.087,0.805,0
0.312,0.464,0
1.08,0.578,4
0.101,0.814,0
0.111,0.749,0
0.415,0.736,0
0.316,0.521,0
0.542,0.145,3
1,0.542,4
0.241,0.483,0
0.421,0.78,0
0.324,0.528,0
0.043,0.797,0
0.998,0.506,2
0.432,0.808,0
0.457,0.685,0
0.537,0.059,3
0.44,0.745,0
0.929,0.524,1
0.248,0.478,0
0.416,0.72,0
0.557,0.004,3
0.387,0.106,3
0.109,0.819,0
0.969,0.509,2
0.47,0.65,0
0.268,0.52,0
0.323,0.568,0
0.243,0.423,0
0.511,0.03,3
0.241,0.505,0
0.426,0.735,0
1.023,0.532,2
0.976,0.569,4
0.358,0.778,0
0.966,0.551,1
0.377,0.713,0
0.266,0.469,0
0.523,0.033,3
0.964,0.509,2
0.274,0.516,0
0.981,0.507,2
0.023,0.796,0
0.463,0.17,3
0.407,0.727,0
0.241,0.521,0
0.55,0.001,3
0.08,0.842,0
0.525,0.082,3
0.029,0.774,0
0.445,0.705,0
0.504,0.096,3
0.51,0.077,3
0.504,0.108,3
0.072,0.729,0
0.276,0.458,0
0.434,0.048,3
0.078,0.774,0
0.255,0.48,0
0.082,0.751,0
1.042,0.5,2
0.49,0.059,3
0.315,0.532,0
0.264,0.556,0
0.963,0.573,4
0.269,0.459,0
0.484,0.03,3
0.445,0.015,3
0.35,0.525,0
0.247,0.497,0
0.529,0.103,3
0.107,0.749,0
0.534,0.111,3
1.08,0.497,2
0.511,0.711,0
0.467,0.133,3
0.271,0.488,0
0.501,0.098,3
0.098,0.774,0
0.988,0.597,4
0.546,0.081,3
0.443,0.797,0
0.039,0.778,0
0.278,0.543,0
0.245,0.486,0
0.982,0.553,4
0.117,0.836,0
0.283,0.517,0
0.143,0.785,0
0.513,0.088,3
0.246,0.546,0
0.433,0.73,0
0.087,0.817,0
0.472,0.059,3
0.974,0.547,4
0.554,0.119,3
0.289,0.48,0
1.029,0.577,4
0.964,0.524,1
1.014,0.525,2
0.222,0.455,0
0.503,0.118,3
0.39,0.716,0
0.109,0.792,0
0.51,0.001,3
0.928,0.555,1
0.942,0.495,1
0.535,0.062,3
0.266,0.506,0
0.502,0.698,0
0.971,0.544,1
0.133,0.743,0
0.412,0.751,0
0.591,0.067,3
0.151,0.821,0
0.39,0.738,0
0.534,0.064,3
0.532,0.015,3
0.422,0.79,0
0.314,0.528,0
0.98,0.459,2
1.014,0.57,4
0.059,0.795,0
0.508,0.033,3
0.91,0.548,1
0.219,0.559,0
0.223,0.503,0
0.504,0.09,3
0.441,0.051,3
0.473,0.691,0
0.974,0.542,1
0.497,0.038,3
0.583,0.004,3
0.902,0.603,1
0.421,0.777,0
0.508,0.1,3
0.408,0.735,0
0.077,0.814,0
1.011,0.612,4
0.189,0.531,0
0.957,0.476,2
0.094,0.802,0
0.223,0.458,0
1.016,0.507,2
0.08,0.726,0
0.455,0.775,0
0.272,0.51,0
0.114,0.726,0
0.317,0.438,0
0.105,0.738,0
0.953,0.487,2
0.098,0.801,0
0.14,0.819,0
0.292,0.425,0
0.398,0.737,0
0.352,0.483,0
0.958,0.556,1
0.427,0.732,0
0.324,0.508,0
0.116,0.787,0
0.055,0.802,0
0.312,0.555,0
0.133,0.794,0
0.118,0.81,0
1.038,0.598,4
0.49,0.038,3
0.452,0.023,3
0.09,0.762,0
0.107,0.767,0
0.116,0.742,0
0.554,0.13,3
1.072,0.553,4
0.1,0.706,0
1.018,0.543,4
0.261,0.5,0
0.977,0.57,4
0.005,0.756,0
0.475,0.659,0
0.474,0.112,3
0.943,0.521,1
1.004,0.496,2
0.3,0.423,0
0.52,0.002,3
0.062,0.814,0
0.988,0.549,4
0.263,0.502,0
0.55,0.127,3
0.988,0.522,2
0.496,0.04,3
0.398,0.677,0
0.383,0.698,0
1.007,0.594,4
0.931,0.516,1
0.067,0.774,0
0.992,0.483,2
0.363,0.468,0
0.966,0.539,1
0.473,0.138,3
0.295,0.537,0
0.302,0.393,0
0.468,0.105,3
0.225,0.517,0
0.142,0.782,0
0.478,0.072,3
0.242,0.488,0
1.027,0.597,4
0.232,0.48,0
0.495,0.141,3
0.465,0.73,0
0.01,0.782,0
1.006,0.515,2
0.507,0.06,3
0.382,0.781,0
0.249,0.491,0
0.039,0.839,0
0.26,0.506,0
1.084,0.52,2
0.237,0.488,0
0.456,0.094,3
0.495,0.761,0
0.442,0.737,0
0.43,0.039,3
0.503,0.066,3
0.967,0.536,1
0.43,0.747,0
0.22,0.501,0
0.349,0.723,0
0.905,0.563,1
0.955,0.623,4
0.907,0.537,1
0.518,0.71,0
0.468,0.696,0
1.068,0.516,2
0.421,0.754,0
0.094,0.676,0
0.066,0.785,0
0.239,0.443,0
0.989,0.48,2
0.026,0.728,0
0.968,0.537,1
0.063,0.766,0
0.506,0.136,3
0.423,0.724,0
0.2,0.485,0
0.571,0.06,3
0.552,0.057,3
0.311,0.532,0
0.53,0.075,3
0.266,0.45,0
0.488,0.036,3
0.965,0.507,2
0.495,0.767,0
0.24,0.53,0
0.952,0.49,1
0.447,0.687,0
0.979,0.616,4
0.967,0.606,4
0.911,0.483,1
0.077,0.747,0
0.072,0.762,0
0.392,0.778,0
0.046,0.796,0
0.998,0.551,4
0.089,0.789,0
0.193,0.567,0
0.521,0.685,0
0.111,0.741,0
0.259,0.512,0
0.513,0.109,3
0.454,0.651,0
0.923,0.523,1
0.185,0.518,0
0.103,0.726,0
0.488,0.08,3
0.956,0.581,4
0.095,0.767,0
0.319,0.436,0
0.276,0.576,0
0.89,0.54,1
0.465,0.044,3
0.441,0.745,0
0.481,0.065,3
0.939,0.513,1
0.125,0.803,0
0.099,0.768,0
0.506,0.126,3
0.44,0.788,0
0.466,0.708,0
0.418,0.664,0
0.964,0.498,2
0.407,0.741,0
0.965,0.533,1
0.307,0.436,0
0.951,0.524,1
0.106,0.792,0
0.426,0.063,3
0.452,0.077,3
1.007,0.567,4
0.242,0.485,0
0.013,0.739,0
0.969,0.475,2
0.491,0.792,0
0.256,0.532,0
0.044,0.796,0
1.003,0.535,2
0.402,0.703,0
0.481,0.723,0
0.082,0.763,0
0.174,0.49,0
0.066,0.783,0
0.213,0.493,0
0.081,0.844,0
0.062,0.778,0
1.01,0.51,2
0.552,0.038,3
0.462,0.753,0
0.367,0.702,0
0.378,0.722,0
0.11,0.844,0
0.526,0.024,3
0.301,0.577,0
0.448,0.087,3
0.431,0.778,0
0.961,0.549,1
0.045,0.794,0
0.517,0.1,3
0.21,0.523,0
0.029,0.775,0
0.994,0.601,4
0.09,0.82,0
0.521,0.117,3
0.215,0.515,0
0.535,0.055,3
0.195,0.571,0
0.146,0.757,0
0.553,0.039,3
0.361,0.7,0
0.035,0.788,0
0.09,0.787,0
0.385,0.764,0
0.955,0.582,4
0.318,0.487,0
0.469,0.772,0
0.314,0.413,0
0.071,0.724,0
0.113,0.768,0
0.294,0.466,0
0.945,0.542,1
0.008,0.781,0
0.503,0.04,3
0.093,0.732,0
0.467,0.715,0
0.516,0.129,3
0.291,0.525,0
0.097,0.83,0
1.009,0.439,2
1.023,0.584,4
1.037,0.515,2
0.235,0.507,0
1.019,0.491,2
0.578,0.046,3
0.459,0.039,3
0.42,0.714,0
0.984,0.547,4
0.043,0.796,0
0.507,0.042,3
0.53,0.063,3
0.257,0.507,0
0.297,0.528,0
0.981,0.51,2
0.387,0.746,0
0.521,0.102,3
0.142,0.822,0
0.457,0.677,0
0.142,0.824,0
0.138,0.686,0
0.295,0.493,0
0.096,0.765,0
0.054,0.854,0
0.093,0.759,0
0.024,0.752,0
0.232,0.446,0
0.496,0.746,0
0.063,0.766,0
0.527,0.097,3
0.556,0.127,3
0.968,0.504,2
0.916,0.634,4
0.515,0.07,3
0.47,0.734,0
0.959,0.566,4
0.499,0.036,3
0.451,0.686,0
0.085,0.689,0
0.482,0.746,0
0.267,0.531,0
0.321,0.518,0
0.391,0.84,0
0.507,0.148,3
0.257,0.531,0
0.476,0.666,0
1.019,0.513,2
0.079,0.807,0
0.256,0.558,0
0.514,0.049,3
0.051,0.723,0
0.513,0.712,0
0.987,0.516,2
0.094,0.784,0
0.403,0.755,0
0.414,0.774,0
0.42,0.738,0
0.416,0.698,0
0.983,0.518,2
0.397,0.715,0
0.927,0.595,1
0.097,0.767,0
0.944,0.592,4
0.517,0.114,3
1.033,0.557,4
0.393,0.709,0
0.985,0.554,4
0.218,0.558,0
0.957,0.538,1
0.087,0.788,0
0.085,0.737,0
0.476,0.113,3
1.056,0.516,2
0.487,0.756,0
0.507,0.141,3
0.481,0.021,3
0.385,0.833,0
0.456,0.791,0
0.465,0.086,3
0.478,0.703,0
0.52,0.094,3
0.054,0.79,0
0.477,0.078,3
1.03,0.607,4
0.504,0.762,0
0.976,0.509,2
0.023,0.791,0
0.278,0.504,0
0.491,0.66,0
0.458,0.03,3
0.381,0.691,0
0.497,0.042,3
0.251,0.483,0
0.474,0.078,3
0.942,0.502,1
0.085,0.78,0
0.499,0.081,3
0.3,0.478,0
0.457,0.677,0
0.51,0.083,3
0.995,0.557,4
0.536,0.108,3
0.943,0.559,1
0.361,0.482,0
0.462,0.749,0
0.996,0.578,4
0.884,0.519,1
0.182,0.54,0
0.413,0.701,0
0.952,0.556,1
0.572,0.107,3
0.065,0.669,0
0.008,0.785,0
0.42,0.678,0
0.445,0.725,0
0.366,0.775,0
0.072,0.796,0
0.574,0.118,3
0.962,0.595,4
0.462,0.711,0
0.392,0.753,0
1.037,0.546,4
0.413,0.697,0
0.529,0.019,3
0.498,0.094,3
0.906,0.468,1
0.399,0.634,0
0.437,0.737,0
0.983,0.552,4
0.279,0.477,0
0.99,0.503,2
1.021,0.517,2
0.254,0.479,0
0.065,0.83,0
0.073,0.772,0
0.066,0.773,0
0.97,0.552,4
0.425,0.142,3
0.496,0.057,3
1.049,0.567,4
0.454,0.085,3
0.102,0.847,0
0.406,0.654,0
0.551,0.675,0
0.51,0.061,3
0.063,0.837,0
0.248,0.522,0
0.279,0.566,0
0.283,0.519,0
0.443,0.744,0
0.446,0.747,0
0.418,0.658,0
0.919,0.563,1
0.595,0.037,3
0.002,0.781,0
0.298,0.502,0
0.034,0.811,0
0.287,0.485,0
0.264,0.451,0
0.326,0.553,0
0.253,0.498,0
0.369,0.733,0
1.011,0.574,4
0.067,0.755,0
0.938,0.57,1
0.263,0.441,0
0.489,0.069,3
1.009,0.515,2
0.558,0.067,3
1.027,0.497,2
0.073,0.799,0
0.523,0.122,3
0.929,0.589,1
0.963,0.529,1
0.398,0.658,0
0.142,0.736,0
0.291,0.483,0
1.044,0.564,4
0.087,0.799,0
0.22,0.518,0
0.428,0.749,0
0.454,0.104,3
0.217,0.47,0
0.079,0.764,0
0.015,0.806,0
1.028,0.577,4
0.552,0.688,0
0.439,0.71,0
0.405,0.707,0
0.163,0.828,0
0.532,0.101,3
0.464,0.754,0
0.365,0.447,0
0.273,0.518,0
0.469,0.07,3
0.446,0.736,0
0.542,0.055,3
0.502,0.027,3
0.134,0.785,0
0.48,0.117,3
0.451,0.115,3
0.557,0.102,3
0.214,0.426,0
0.191,0.581,0
0.448,0.141,3
0.437,0.68,0
0.359,0.511,0
0.954,0.467,2
0.207,0.422,0
1.014,0.475,2
0.047,0.79,0
0.136,0.758,0
0.571,0.049,3
0.111,0.743,0
1.029,0.559,4
0.482,0.107,3
0.883,0.555,1
0.296,0.499,0
0.33,0.439,0
0.485,0.055,3
0.415,0.7,0
0.526,0.106,3
0.292,0.46,0
0.539,0.056,3
0.444,0.713,0
0.287,0.614,0
0.033,0.721,0
0.977,0.572,4
0.93,0.552,1
0.944,0.48,1
0.5,0.732,0
0.504,0.712,0
0.241,0.522,0
1.006,0.491,2
0.248,0.5,0
0.973,0.588,4
0.293,0.504,0
0.402,0.675,0
0.231,0.508,0
0.081,0.802,0
1.018,0.624,4
0.469,0.714,0
0.088,0.819,0
0.004,0.807,0
0.078,0.76,0
0.075,0.752,0
0.521,0.082,3
0.417,0.769,0
0.925,0.551,1
0.418,0.015,3
0.456,0.715,0
0.554,0.111,3
0.919,0.571,1
0.564,0.095,3
0.288,0.474,0
0.893,0.612,1
0.245,0.502,0
0.071,0.844,0
0.415,0.737,0
0.242,0.568,0
0.082,0.751,0
1.007,0.497,2
0.47,0.736,0
0.349,0.722,0
1.026,0.556,4
0.442,0.01,3
0.307,0.526,0
0.46,0.066,3
0.148,0.791,0
0.409,0.768,0
0.465,0.049,3
0.971,0.472,2
0.184,0.431,0
1.031,0.569,4
0.4,0.698,0
0.528,0.055,3
0.313,0.499,0
0.481,0.118,3
0.986,0.471,2
0.013,0.786,0
0.471,0.1,3
0.253,0.551,0
0.065,0.806,0
0.081,0.802,0
0.227,0.502,0
0.957,0.571,4
0.092,0.825,0
0.53,0.039,3
0.111,0.814,0
0.402,0.758,0
0.917,0.55,1
0.128,0.79,0
0.527,0.056,3
0.387,0.76,0
0.314,0.427,0
0.266,0.587,0
0.953,0.655,4
0.2,0.749,0
0.381,0.671,0
0.036,0.836,0
0.049,0.782,0
0.47,0.733,0
0.096,0.796,0
0.462,0.777,0
0.507,0.021,3
0.5,0.091,3
0.46,0.735,0
0.961,0.525,1
0.176,0.451,0
0.93,0.567,1
1.012,0.501,2
0.452,0.738,0
0.238,0.487,0
0.109,0.708,0
0.513,0.084,3
0.985,0.521,2
0.586,0.119,3
0.335,0.543,0
0.938,0.575,1
0.922,0.472,1
0.553,0.103,3
0.5,0.089,3
0.986,0.455,2
0.346,0.466,0
0.189,0.549,0
0.405,0.755,0
0.448,0.759,0
0.212,0.479,0
0.078,0.699,0
0.44,0.087,3
0.972,0.565,4
0.956,0.55,1
0.279,0.457,0
0.271,0.533,0
0.12,0.864,0
0.205,0.517,0
0.256,0.489,0
0.056,0.771,0
0.452,0.767,0
0.055,0.734,0
0.124,0.863,0
0.083,0.793,0
1.061,0.555,4
0.254,0.472,0
0.225,0.457,0
0.062,0.856,0
0.496,0.143,3
0.268,0.523,0
0.44,0.673,0
0.441,0.803,0
0.263,0.512,0
0.203,0.52,0
0.458,0.006,3
0.057,0.802,0
0.997,0.556,4
0.987,0.558,4
0.034,0.83,0
0.402,0.799,0
0.457,0.688,0
0.417,0.701,0
0.334,0.366,0
0.46,0.66,0
0.027,0.743,0
0.54,0.105,3
0.425,0.098,3
0.222,0.483,0
0.445,0.722,0
0.384,0.677,0
0.063,0.897,0
0.072,0.798,0
0.363,0.469,0
0.422,0.734,0
0.495,0.702,0
0.472,0.689,0
0.352,0.732,0
0.223,0.498,0
0.49,0.7,0
0.217,0.547,0
0.438,0.744,0
0.041,0.833,0
0.415,0.732,0
0.074,0.811,0
0.427,0.726,0
0.955,0.573,4
1.022,0.574,4
0.093,0.847,0
0.516,0.167,3
0.393,0.718,0
0.251,0.537,0
0.079,0.843,0
1.006,0.437,2
0.073,0.823,0
0.256,0.508,0
0.521,0.068,3
0.527,0.839,0
0.922,0.478,1
0.409,0.761,0
0.983,0.496,2
0.238,0.52,0
0.253,0.552,0
0.53,0.748,0
0.277,0.48,0
0.064,0.774,0
0.076,0.82,0
0.443,0.768,0
0.242,0.533,0
0.513,0.188,3
0.936,0.497,1
0.025,0.684,0
0.05,0.785,0
0.972,0.542,1
0.411,0.733,0
0.266,0.527,0
0.128,0.817,0
0.495,0.714,0
0.452,0.7,0
0.298,0.555,0
0.434,0.726,0
0.996,0.473,2
0.928,0.529,1
0.973,0.502,2
0.426,0.732,0
0.05,0.866,0
0.316,0.529,0
0.334,0.537,0
0.314,0.554,0
0.484,0.086,3
0.069,0.792,0
0.351,0.558,0
0.061,0.741,0
0.261,0.441,0
0.093,0.773,0
0.106,0.776,0
0.459,0.675,0
0.559,0.11,3
0.24,0.495,0
0.985,0.574,4
0.976,0.537,1
0.088,0.808,0
0.475,0.095,3
0.416,0.768,0
0.452,0.791,0
0.931,0.477,1
0.072,0.836,0
0.086,0.795,0
0.467,0.039,3
0.121,0.804,0
0.562,0.168,3
0.406,0.786,0
0.273,0.531,0
0.257,0.456,0
1.013,0.52,2
0.109,0.713,0
0.207,0.464,0
0.403,0.748,0
0.474,0.031,3
1.01,0.554,4
0.245,0.521,0
0.439,0.049,3
0.922,0.578,1
0.452,0.737,0
0.518,0.037,3
0.438,0.763,0
0.976,0.565,4
0.051,0.813,0
0.983,0.56,4
0.287,0.497,0
0.961,0.505,1
0.3,0.484,0
0.228,0.505,0
0.392,0.746,0
0.519,0.198,3
0.227,0.521,0
0.27,0.398,0
0.507,0.094,3
0.443,0.703,0
0.085,0.816,0
0.941,0.532,1
0.523,0.059,3
0.978,0.522,2
0.498,0.1,3
0.512,0.177,3
0.945,0.579,1
0.198,0.553,0
0.478,0.066,3
0.092,0.775,0
0.49,0.099,3
0.499,0.011,3
0.468,0.142,3
0.969,0.57,4
0.389,0.676,0
0.416,0.744,0
0.399,0.728,0
0.403,0.707,0
0.448,0.069,3
0.034,0.755,0
0.236,0.502,0
0.295,0.486,0
0.473,0.072,3
0.094,0.748,0
0.521,0.019,3
0.397,0.669,0
0.523,0.102,3
0.292,0.504,0
0.449,0.072,3
0.101,0.797,0
0.241,0.452,0
0.403,0.749,0
0.513,0.027,3
0.401,0.75,0
0.479,0.114,3
0.996,0.594,4
0.949,0.533,1
0.133,0.811,0
0.523,0.723,0
0.406,0.703,0
0.243,0.534,0
0.447,0.669,0
0.504,0.793,0
0.457,0.735,0
0.931,0.543,1
1.016,0.542,4
0.096,0.753,0
0.447,0.697,0
0.949,0.487,1
0.546,0.085,3
0.452,0.764,0
0.035,0.741,0
0.044,0.792,0
0.239,0.496,0
0.946,0.516,1
0.112,0.828,0
0.062,0.793,0
0.224,0.499,0
0.143,0.807,0
0.066,0.752,0
0.286,0.551,0
0.499,0.608,0
0.292,0.498,0
0.311,0.481,0
0.432,0.675,0
0.976,0.555,4
0.304,0.486,0
0.237,0.532,0
0.456,0.674,0
0.486,0.104,3
0.054,0.776,0
0.497,0.048,3
0.009,0.724,0
0.934,0.604,4
0.991,0.583,4
0.263,0.472,0
0.042,0.782,0
0.509,0.113,3
0.57,0.073,3
0.461,0.062,3
0.292,0.447,0
0.083,0.822,0
0.417,0.768,0
0.242,0.464,0
0.956,0.542,1
0.068,0.775,0
0.952,0.53,1
0.055,0.783,0
0.424,0.648,0
0.9,0.533,1
0.472,0.76,0
0.501,0.088,3
0.507,0.103,3
0.142,0.737,0
0.122,0.738,0
1.004,0.498,2
0.217,0.519,0
0.509,0.072,3
0.283,0.513,0
0.532,0.037,3
0.065,0.846,0
0.994,0.494,2
0.225,0.452,0
0.44,0.729,0
0.275,0.392,0
0.316,0.502,0
0.091,0.802,0
0.555,0.048,3
0.398,0.722,0
0.147,0.828,0
0.108,0.836,0
0.206,0.466,0
0.506,0.042,3
0.935,0.63,4
0.427,0.709,0
0.066,0.808,0
0.917,0.53,1
0.43,0.113,3
0.285,0.546,0
0.471,0.091,3
0.925,0.567,1
0.297,0.538,0
0.255,0.501,0
0.064,0.779,0
0.086,0.715,0
0.466,0.707,0
0.365,0.689,0
0.515,0.717,0
0.102,0.76,0
0.024,0.737,0
0.95,0.557,1
1.021,0.5,2
0.475,0.019,3
0.986,0.531,2
0.419,0.712,0
0.253,0.501,0
0.435,0.745,0
0.091,0.728,0
0.476,0.06,3
1.012,0.539,2
0.109,0.857,0
0.95,0.512,1
0.096,0.758,0
0.063,0.766,0
0.986,0.565,4
0.418,0.789,0
0.573,0.124,3
0.465,0.064,3
0.417,0.692,0
0.291,0.414,0
0.491,0.085,3
0.127,0.777,0
0.004,0.795,0
0.306,0.429,0
0.004,0.794,0
1.013,0.548,4
0.322,0.5,0
0.303,0.523,0
0.293,0.434,0
0.122,0.809,0
0.03,0.84,0
0.412,0.797,0
0.523,0.036,3
0.983,0.531,2
0.401,0.637,0
0.259,0.459,0
0.081,0.796,0
0.92,0.55,1
0.1,0.823,0
0.551,0.093,3
0.288,0.479,0
0.393,0.627,0
0.993,0.501,2
0.049,0.716,0
0.303,0.494,0
0.286,0.523,0
0.439,0.722,0
0.478,0.047,3
0.956,0.581,4
0.449,0.784,0
0.043,0.825,0
0.096,0.772,0
0.31,0.502,0
0.969,0.528,1
0.441,0.73,0
1.066,0.496,2
0.44,0.076,3
0.477,0.05,3
0.989,0.58,4
0.534,0.09,3
0.212,0.452,0
0.452,0.692,0
0.47,0.05,3
0.002,0.744,0
0.478,0.056,3
0.988,0.542,4
0.092,0.782,0
0.526,0.051,3
0.437,0.638,0
0.912,0.528,1
0.926,0.504,1
0.532,0.071,3
0.427,0.037,3
0.959,0.533,1
0.197,0.515,0
0.535,0.071,3
0.234,0.529,0
0.92,0.53,1
0.24,0.51,0
0.487,0.142,3
0.977,0.549,4
0.474,0.135,3
0.287,0.488,0
0.955,0.521,1
0.443,0.797,0
0.502,0.044,3
0.954,0.579,4
0.475,0.716,0
0.269,0.406,0
0.383,0.703,0
0.98,0.552,4
0.95,0.587,4
0.434,0.748,0
1.029,0.447,2
0.211,0.494,0
0.268,0.487,0
0.513,0.07,3
0.435,0.775,0
0.929,0.559,1
0.234,0.461,0
0.054,0.732,0
0.496,0.653,0
0.906,0.487,1
0.957,0.482,2
0.284,0.485,0
0.509,0.014,3
0.59,0.111,3
0.51,0.079,3
0.074,0.822,0
0.53,0.09,3
0.428,0.784,0
0.25,0.541,0
0.487,0.036,3
0.571,0.115,3
0.134,0.75,0
0.082,0.768,0
0.259,0.444,0
0.237,0.561,0
0.054,0.838,0
0.495,0.094,3
0.262,0.505,0
0.398,0.758,0
0.269,0.467,0
0.478,0.726,0
0.548,0.235,3
0.211,0.549,0
0.968,0.506,2
0.218,0.454,0
0.153,0.742,0
0.096,0.782,0
0.05,0.804,0
0.061,0.783,0
0.326,0.417,0
0.461,0.713,0
0.456,0.7,0
0.973,0.58,4
0.94,0.6,4
1.019,0.522,2
0.245,0.501,0
0.345,0.564,0
0.199,0.566,0
0.067,0.779,0
0.423,0.725,0
0.321,0.456,0
0.902,0.551,1
0.966,0.528,1
0.002,0.835,0
0.354,0.796,0
0.241,0.547,0
0.053,0.741,0
0.573,0.098,3
0.413,0.645,0
0.969,0.583,4
1.01,0.524,2
0.044,0.768,0
0.398,0.747,0
1.018,0.514,2
1.024,0.56,4
0.482,0.068,3
0.306,0.511,0
0.072,0.776,0
0.061,0.767,0
0.998,0.576,4
0.472,0.717,0
0.121,0.703,0
0.112,0.766,0
0.477,0.146,3
0.003,0.744,0
0.503,0.111,3
0.458,0.699,0
0.276,0.512,0
0.059,0.781,0
0.499,0.734,0
0.474,0.748,0
0.373,0.691,0
0.316,0.495,0
0.296,0.563,0
0.258,0.486,0
0.26,0.495,0
0.369,0.715,0
0.046,0.802,0
0.276,0.548,0
0.066,0.812,0
0.494,0.109,3
0.533,0.683,0
0.187,0.515,0
0.212,0.517,0
0.445,0.698,0
0.921,0.53,1
0.516,0.096,3
0.46,0.006,3
0.278,0.428,0
0.43,0.601,0
0.383,0.734,0
0.002,0.777,0
0.086,0.807,0
0.953,0.568,1
0.407,0.77,0
0.275,0.442,0
0.471,0.064,3
0.427,0.742,0
0.076,0.774,0
0.259,0.519,0
0.934,0.573,1
0.446,0.708,0
0.43,0.002,3
0.4,0.625,0
0.444,0.772,0
1.03,0.529,2
0.941,0.531,1
0.439,0.692,0
0.258,0.48,0
0.275,0.567,0
0.948,0.493,1
0.297,0.428,0
0.068,0.73,0
1.026,0.527,2
0.293,0.49,0
0.436,0.686,0
1.028,0.556,4
0.449,0.057,3
0.946,0.474,1
1.025,0.597,4
0.997,0.529,2
0.481,0.075,3
0.18,0.463,0
0.983,0.513,2
0.946,0.528,1
0.405,0.714,0
1.04,0.498,2
1.003,0.599,4
0.944,0.521,1
0.985,0.516,2
0.141,0.773,0
0.955,0.526,1
1.01,0.57,4
0.137,0.771,0
0.971,0.521,2
0.074,0.779,0
0.535,0.036,3
0.198,0.5,0
1.022,0.526,2
0.398,0.665,0
0.1,0.792,0
0.523,0.048,3
1.021,0.558,4
0.539,0.067,3
0.044,0.758,0
0.095,0.83,0
1.01,0.528,2
0.458,0.728,0
0.928,0.579,1
0.064,0.796,0
0.29,0.494,0
0.524,0.103,3
0.905,0.531,1
0.355,0.508,0
0.09,0.736,0
0.288,0.514,0
0.03,0.761,0
0.257,0.442,0
0.203,0.506,0
0.979,0.517,2
0.921,0.468,1
0.995,0.502,2
0.998,0.484,2
1.008,0.55,4
0.244,0.437,0
0.068,0.854,0
0.023,0.823,0
0.033,0.818,0
0.49,0.096,3
0.978,0.482,2
1.027,0.545,4
0.442,0.099,3
0.45,0.012,3
0.499,0.07,3
0.443,0.766,0
0.265,0.463,0
0.289,0.507,0
1.026,0.472,2
0.269,0.457,0
0.947,0.614,4
0.526,0.095,3
0.036,0.852,0
0.505,0.084,3
0.122,0.77,0
0.482,0.053,3
0.96,0.483,2
0.448,0.718,0
0.097,0.798,0
0.608,0.121,3
0.519,0.048,3
0.304,0.486,0
0.445,0.727,0
0.485,0.071,3
0.057,0.788,0
0.361,0.498,0
0.146,0.702,0
0.041,0.772,0
0.005,0.778,0
0.478,0.058,3
0.41,0.715,0
0.098,0.688,0
0.93,0.598,1
0.458,0.719,0
0.453,0.733,0
0.024,0.713,0
0.243,0.517,0
0.985,0.503,2
0.073,0.767,0
0.298,0.537,0
0.414,0.762,0
0.403,0.801,0
0.205,0.542,0
0.49,0.1,3
1.005,0.564,4
0.46,0.689,0
0.286,0.502,0
0.947,0.576,1
0.281,0.473,0
0.437,0.766,0
0.886,0.61,1
0.991,0.54,4
0.944,0.584,1
0.571,0.025,3
0.968,0.599,4
0.276,0.479,0
0.092,0.729,0
0.306,0.498,0
0.414,0.76,0
0.375,0.756,0
1.01,0.54,2
0.474,0.752,0
0.912,0.582,1
0.094,0.767,0
0.421,0.702,0
0.986,0.528,2
1.022,0.594,4
0.036,0.772,0
0.476,0.048,3
0.472,0.684,0
0.536,0.052,3
0.023,0.755,0
0.924,0.502,1
0.037,0.775,0
0.97,0.556,4
0.403,0.744,0
0.12,0.777,0
0.476,0.7,0
0.075,0.755,0
0.962,0.541,1
0.329,0.575,0
0.933,0.526,1
0.947,0.511,1
0.318,0.479,0
0.002,0.873,0
0.401,0.728,0
0.973,0.589,4
0.079,0.758,0
0.488,0.084,3
0.044,0.736,0
0.26,0.495,0
0.308,0.48,0
0.24,0.597,0
0.098,0.827,0
0.495,0.105,3
0.101,0.773,0
0.434,0.744,0
0.941,0.515,1
0.114,0.776,0
0.43,0.742,0
0.511,0.071,3
0.501,0.065,3
0.963,0.596,4
0.511,0.096,3
0.964,0.614,4
0.481,0.712,0
0.228,0.506,0
0.384,0.705,0
1.006,0.604,4
0.55,0.009,3
0.469,0.724,0
1.001,0.589,4
0.512,0.054,3
0.049,0.8,0
0.949,0.531,1
0.039,0.791,0
1.002,0.525,2
0.273,0.5,0
0.424,0.727,0
0.223,0.475,0
0.139,0.738,0
0.969,0.541,1
1.053,0.509,2
0.11,0.777,0
0.23,0.531,0
0.293,0.458,0
0.464,0.68,0
0.094,0.811,0
0.273,0.482,0
0.473,0.125,3
0.282,0.43,0
0.092,0.753,0
0.985,0.502,2
0.549,0.013,3
0.066,0.733,0
1.045,0.545,4
0.129,0.755,0
0.211,0.533,0
0.245,0.466,0
0.269,0.53,0
0.284,0.499,0
0.478,0.038,3
0.448,0.805,0
0.937,0.526,1
0.263,0.58,0
0.565,0.089,3
0.461,0.709,0
0.104,0.784,0
0.98,0.492,2
0.047,0.824,0
0.053,0.715,0
0.114,0.738,0
0.476,0.736,0
0.466,0.765,0
1.007,0.557,4
0.421,0.662,0
0.917,0.489,1
0.51,0.066,3
0.478,0.083,3
0.023,0.761,0
0.464,0.699,0
0.503,0.071,3
1.035,0.592,4
0.196,0.519,0
0.505,0.148,3
0.509,0.073,3
0.05,0.818,0
0.434,0.686,0
0.106,0.867,0
0.965,0.482,2
0.913,0.54,1
0.471,0.745,0
0.887,0.615,1
0.247,0.45,0
0.479,0.713,0
0.043,0.761,0
0.467,0.055,3
0.443,0.663,0
0.323,0.471,0
0.233,0.462,0
0.031,0.756,0
0.405,0.696,0
0.474,0.086,3
0.439,0.688,0
0.301,0.498,0
0.45,0.728,0
0.041,0.784,0
0.103,0.717,0
0.259,0.496,0
0.367,0.659,0
0.516,0.046,3
0.076,0.742,0
0.392,0.752,0
0.491,0.755,0
0.074,0.77,0
0.543,0.05,3
0.41,0.645,0
0.593,0.109,3
0.464,0.596,0
0.542,0.09,3
0.551,0.071,3
0.073,0.845,0
0.268,0.594,0
0.452,0.701,0
0.463,0.075,3
0.532,0.056,3
0.411,0.738,0
0.066,0.75,0
1.04,0.504,2
0.93,0.531,1
0.438,0.083,3
0.443,0.008,3
0.498,0.002,3
0.067,0.759,0
0.33,0.552,0
0.457,0.106,3
0.479,0.062,3
1.014,0.469,2
0.435,0.651,0
0.519,0.013,3
0.379,0.734,0
0.457,0.703,0
0.253,0.49,0
0.318,0.461,0
0.476,0.618,0
0.273,0.514,0
0.449,0.107,3
0.279,0.466,0
0.274,0.527,0
0.887,0.59,1
0.078,0.75,0
0.49,0.063,3
0.094,0.818,0
0.426,0.049,3
0.928,0.527,1
1.003,0.554,4
0.28,0.551,0
0.524,0.058,3
0.506,0.064,3
0.464,0.706,0
0.071,0.806,0
0.274,0.503,0
0.988,0.508,2
1.002,0.526,2
0.962,0.542,1
0.124,0.78,0
0.509,0.716,0
0.954,0.484,2
0.083,0.795,0
0.116,0.771,0
0.153,0.813,0
0.017,0.807,0
0.546,0.058,3
0.313,0.468,0
0.166,0.82,0
0.586,0.016,3
0.481,0.063,3
0.558,0.085,3
0.515,0.102,3
0.263,0.443,0
0.305,0.463,0
0.07,0.79,0
0.092,0.816,0
0.98,0.491,2
0.548,0.095,3
0.489,0.647,0
0.122,0.759,0
0.379,0.719,0
0.207,0.523,0
0.031,0.786,0
0.263,0.482,0
0.413,0.796,0
0.279,0.504,0
0.501,0.099,3
0.491,0.053,3
0.557,0.059,3
0.938,0.549,1
1.006,0.526,2
0.483,0.699,0
1.016,0.524,2
0.288,0.548,0
1.016,0.507,2
0.08,0.747,0
0.005,0.826,0
0.514,0.049,3
0.067,0.744,0
0.252,0.454,0
0.019,0.772,0
0.215,0.467,0
0.432,0.07,3
0.471,0.092,3
0.099,0.793,0
0.351,0.737,0
0.333,0.506,0
0.489,0.063,3
0.441,0.805,0
0.46,0.702,0
0.081,0.703,0
0.433,0.715,0
0.973,0.499,2
0.338,0.681,0
0.008,0.836,0
0.057,0.768,0
0.459,0.67,0
0.043,0.743,0
0.043,0.77,0
0.075,0.742,0
1.013,0.545,4
0.953,0.547,1
0.388,0.741,0
0.219,0.543,0
0.147,0.821,0
0.452,0.15,3
0.04,0.747,0
0.076,0.786,0
0.963,0.567,4
0.506,0.004,3
0.441,0.732,0
0.057,0.789,0
0.302,0.503,0
0.346,0.498,0
0.086,0.709,0
0.46,0.755,0
0.948,0.518,1
0.204,0.511,0
0.04,0.738,0
0.49,0.041,3
0.96,0.48,2
0.083,0.744,0
0.436,0.111,3
0.077,0.804,0
0.224,0.441,0
0.95,0.648,4
0.084,0.813,0
0.414,0.678,0
0.504,0.022,3
0.042,0.762,0
0.986,0.542,4
0.324,0.491,0
0.16,0.768,0
0.085,0.78,0
0.077,0.728,0
0.227,0.469,0
0.053,0.76,0
1.01,0.571,4
0.185,0.799,0
0.451,0.719,0
0.948,0.536,1
1.05,0.535,2
0.276,0.518,0
0.193,0.541,0
0.307,0.479,0
0.31,0.481,0
0.5,0.054,3
1.007,0.512,2
0.253,0.544,0
0.495,0.099,3
0.909,0.544,1
0.447,0.708,0
0.41,0.59,0
0.248,0.483,0
0.486,0.067,3
0.451,0.728,0
0.497,0.077,3
0.987,0.51,2
0.258,0.546,0
0.449,0.796,0
0.27,0.503,0
0.552,0.084,3
0.577,0.078,3
0.547,0.121,3
0.485,0.749,0
0.377,0.793,0
0.234,0.487,0
0.296,0.409,0
0.462,0.728,0
0.126,0.799,0
0.518,0.092,3
0.419,0.644,0
0.408,0.782,0
0.038,0.808,0
1.026,0.596,4
0.366,0.669,0
0.456,0.686,0
0.213,0.524,0
0.447,0.688,0
0.084,0.667,0
1.014,0.59,4
0.236,0.546,0
0.391,0.709,0
0.44,0.704,0
0.448,0.717,0
0.278,0.477,0
1.004,0.501,2
0.961,0.606,4
0.129,0.808,0
0.997,0.596,4
0.489,0.738,0
1.023,0.521,2
0.954,0.502,1
0.263,0.504,0
0.102,0.835,0
0.099,0.811,0
1.006,0.513,2
0.145,0.72,0
0.426,0.742,0
0.32,0.498,0
0.097,0.788,0
0.54,0.757,0
0.402,0.667,0
0.528,0.136,3
0.467,0.78,0
0.286,0.523,0
0.512,0.029,3
0.285,0.546,0
0.028,0.811,0
0.527,0.044,3
0.275,0.476,0
0.313,0.53,0
0.482,0.041,3
0.271,0.478,0
0.049,0.72,0
0.981,0.523,2
0.467,0.707,0
0.219,0.495,0
0.485,0.77,0
0.5,0.01,3
0.403,0.745,0
0.417,0.666,0
0.961,0.561,1
0.929,0.562,1
0.07,0.811,0
0.995,0.515,2
0.068,0.771,0
0.916,0.538,1
0.37,0.735,0
0.958,0.454,2
0.504,0.106,3
0.065,0.72,0
0.109,0.79,0
0.294,0.492,0
0.09,0.8,0
0.275,0.459,0
0.944,0.558,1
0.494,0.694,0
0.481,0.745,0
0.577,0.055,3
0.472,0.068,3
0.033,0.74,0
0.499,0.113,3
0.312,0.453,0
0.895,0.544,1
0.924,0.572,1
0.466,0.094,3
0.963,0.495,2
0.559,0.09,3
0.276,0.602,0
1.003,0.497,2
0.009,0.776,0
0.508,0.054,3
0.067,0.823,0
0.055,0.836,0
0.262,0.441,0
0.3,0.519,0
0.548,0.103,3
0.48,0.062,3
0.968,0.519,1
0.119,0.815,0
0.311,0.524,0
0.425,0.79,0
0.992,0.516,2
0.061,0.791,0
0.078,0.754,0
0.46,0.144,3
1.032,0.588,4
0.282,0.516,0
0.514,0.052,3
0.497,0.056,3
0.12,0.789,0
0.066,0.834,0
0.436,0.725,0
0.471,0.004,3
0.048,0.792,0
0.209,0.512,0
0.949,0.534,1
0.907,0.516,1
0.113,0.778,0
0.99,0.509,2
0.256,0.46,0
0.462,0.005,3
0.481,0.084,3
0.034,0.832,0
0.948,0.562,1
0.917,0.545,1
0.945,0.548,1
0.38,0.788,0
0.527,0.067,3
0.291,0.499,0
0.952,0.526,1
0.492,0.704,0
0.475,0.65,0
0.478,0.035,3
0.474,0.044,3
0.382,0.161,3
0.994,0.559,4
0.098,0.776,0
0.994,0.614,4
0.457,0.692,0
0.53,0.73,0
0.345,0.509,0
0.078,0.772,0
0.991,0.483,2
0.459,0.026,3
0.088,0.809,0
0.962,0.465,2
0.275,0.493,0
0.041,0.793,0
0.527,0.085,3
0.283,0.534,0
0.268,0.551,0
0.506,0.135,3
0.536,0.134,3
0.083,0.781,0
0.426,0.697,0
0.132,0.768,0
0.217,0.516,0
0.396,0.759,0
0.578,0.023,3
0.433,0.094,3
0.212,0.574,0
0.412,0.795,0
0.229,0.51,0
0.125,0.797,0
0.136,0.748,0
0.09,0.808,0
0.047,0.868,0
0.513,0.038,3
0.437,0.099,3
0.085,0.761,0
0.339,0.49,0
0.223,0.55,0
0.429,0.7,0
0.466,0.717,0
0.074,0.717,0
0.026,0.831,0
0.363,0.722,0
0.363,0.707,0
0.99,0.577,4
0.933,0.515,1
0.146,0.797,0
0.539,0.13,3
0.526,0.038,3
0.293,0.537,0
0.471,0.705,0
0.49,0.06,3
0.521,0.054,3
0.494,0.751,0
0.106,0.842,0
0.045,0.785,0
0.493,0.09,3
0.322,0.615,0
0.321,0.513,0
1.042,0.542,2
0.16,0.773,0
0.997,0.571,4
0.485,0.11,3
0.427,0.765,0
1.06,0.546,4
0.525,0.027,3
0.503,0.111,3
0.315,0.521,0
0.991,0.564,4
0.423,0.708,0
0.447,0.694,0
0.96,0.548,1
0.401,0.781,0
0.004,0.804,0
0.933,0.461,1
0.448,0.681,0
0.318,0.497,0
0.087,0.78,0
0.464,0.798,0
0.491,0.06,3
0.03,0.789,0
0.507,0.019,3
0.528,0.076,3
0.93,0.529,1
0.31,0.496,0
0.993,0.523,2
0.442,0.718,0
0.515,0.082,3
0.506,0.065,3
0.444,0.726,0
0.982,0.489,2
0.436,0.124,3
0.402,0.754,0
0.04,0.78,0
0.512,0.07,3
0.463,0.118,3
0.508,0.107,3
0.957,0.569,4
0.099,0.797,0
0.505,0.116,3
0.511,0.132,3
0.456,0.747,0
0.494,0.052,3
0.205,0.548,0
0.121,0.852,0
0.314,0.532,0
0.984,0.549,4
0.483,0.76,0
0.218,0.426,0
0.555,0.077,3
0.999,0.584,4
0.491,0.035,3
1.006,0.481,2
0.306,0.472,0
0.339,0.467,0
0.209,0.573,0
0.081,0.772,0
0.941,0.621,4
0.029,0.776,0
0.29,0.506,0
0.977,0.544,4
0.074,0.79,0
0.436,0.728,0
0.263,0.528,0
0.091,0.803,0
0.461,0.049,3
0.986,0.539,4
0.337,0.462,0
0.244,0.503,0
0.225,0.495,0
0.038,0.787,0
0.126,0.805,0
0.229,0.538,0
0.238,0.508,0
0.532,0.072,3
0.016,0.819,0
0.248,0.447,0
0.406,0.707,0
0.471,0.749,0
0.07,0.787,0
0.513,0.124,3
0.519,0.039,3
0.413,0.789,0
0.307,0.491,0
0.31,0.551,0
0.233,0.49,0
0.96,0.582,4
0.477,0.098,3
0.505,0.132,3
0.938,0.566,1
0.309,0.513,0
0.06,0.8,0
0.131,0.823,0
0.066,0.755,0
0.215,0.466,0
0.037,0.744,0
0.998,0.581,4
0.935,0.517,1
0.393,0.749,0
0.334,0.427,0
1.04,0.548,4
0.374,0.667,0
0.083,0.847,0
0.519,0.055,3
0.478,0.098,3
0.053,0.771,0
0.259,0.526,0
0.256,0.433,0
0.472,0.67,0
0.995,0.57,4
0.037,0.756,0
0.518,0.715,0
0.428,0.67,0
0.096,0.797,0
0.096,0.806,0
0.467,0.125,3
1.019,0.506,2
0.25,0.48,0
0.364,0.644,0
0.127,0.758,0
0.057,0.734,0
0.956,0.513,1
0.507,0.106,3
0.263,0.536,0
1.001,0.636,4
0.433,0.81,0
0.004,0.725,0
0.268,0.547,0
0.955,0.455,2
0.086,0.712,0
0.272,0.489,0
0.424,0.712,0
0.474,0.711,0
0.525,0.051,3
0.491,0.76,0
0.492,0.108,3
0.254,0.532,0
0.328,0.478,0
0.494,0.629,0
0.975,0.572,4
0.548,0.011,3
0.411,0.715,0
0.952,0.502,1
0.954,0.469,2
0.26,0.466,0
0.123,0.767,0
0.467,0.703,0
0.095,0.71,0
0.097,0.791,0
0.376,0.678,0
0.326,0.522,0
0.52,0.06,3
0.954,0.553,1
0.454,0.663,0
0.402,0.776,0
0.976,0.546,4
0.29,0.524,0
0.571,0.704,0
0.443,0.109,3
0.215,0.469,0
0.057,0.717,0
0.51,0.076,3
0.529,0.098,3
0.324,0.495,0
0.477,0.086,3
0.294,0.464,0
0.972,0.505,2
0.558,0.134,3
0.321,0.504,0
0.121,0.745,0
0.106,0.783,0
0.915,0.606,1
0.254,0.459,0
0.492,0.036,3
0.506,0.108,3
0.539,0.039,3
0.492,0.097,3
0.176,0.758,0
0.414,0.694,0
0.518,0.042,3
0.376,0.695,0
0.26,0.438,0
0.463,0.769,0
0.467,0.096,3
0.292,0.469,0
0.407,0.757,0
0.935,0.463,1
0.44,0.731,0
0.297,0.482,0
0.468,0.714,0
0.256,0.502,0
0.237,0.526,0
0.099,0.777,0
0.257,0.603,0
0.494,0.713,0
0.412,0.677,0
0.343,0.718,0
0.279,0.531,0
0.301,0.508,0
0.333,0.458,0
0.236,0.522,0
0.326,0.472,0
0.283,0.482,0
0.223,0.488,0
0.377,0.739,0
0.127,0.741,0
0.495,0.695,0
0.923,0.625,4
0.205,0.772,0
0.434,0.736,0
0.273,0.442,0
0.857,0.551,1
0.097,0.818,0
0.275,0.472,0
0.436,0.719,0
0.071,0.772,0
0.197,0.472,0
0.006,0.806,0
0.941,0.548,1
0.06,0.723,0
1.005,0.591,4
0.294,0.507,0
0.472,0.055,3
0.525,0.1,3
0.571,0.048,3
0.411,0.135,3
0.308,0.485,0
0.478,0.089,3
0.982,0.537,2
0.417,0.634,0
0.962,0.586,4
0.125,0.804,0
0.97,0.532,1
0.274,0.476,0
0.026,0.788,0
0.536,0.066,3
0.412,0.695,0
0.258,0.543,0
0.441,0.067,3
1.009,0.59,4
0.954,0.5,1
0.97,0.563,4
0.12,0.861,0
0.283,0.566,0
0.393,0.715,0
0.302,0.466,0
0.416,0.733,0
0.326,0.513,0
1.004,0.574,4
0.529,0.132,3
0.206,0.473,0
0.537,0.139,3
0.056,0.725,0
0.997,0.502,2
0.091,0.772,0
0.91,0.51,1
0.332,0.601,0
0.076,0.737,0
0.036,0.728,0
0.509,0.052,3
0.451,0.647,0
0.088,0.859,0
0.104,0.812,0
0.482,0.783,0
0.101,0.768,0
0.477,0.068,3
0.559,0.049,3
0.283,0.548,0
0.037,0.827,0
0.473,0.101,3
0.089,0.717,0
0.095,0.794,0
0.415,0.651,0
0.11,0.757,0
0.565,0.087,3
0.442,0.746,0
0.541,0.096,3
0.451,0.082,3
0.4,0.723,0
0.317,0.536,0
0.977,0.489,2
0.396,0.699,0
0.095,0.803,0
0.287,0.52,0
0.467,0.086,3
0.499,0.072,3
0.314,0.502,0
1.004,0.523,2
0.074,0.748,0
0.522,0.039,3
1.096,0.609,4
0.449,0.729,0
0.296,0.494,0
0.487,0.716,0
0.977,0.567,4
0.963,0.503,2
0.019,0.732,0
0.489,0.697,0
0.272,0.492,0
0.95,0.586,4
1.022,0.532,2
0.969,0.488,2
0.492,0.032,3
0.516,0.082,3
0.257,0.513,0
0.503,0.091,3
0.272,0.5,0
0.09,0.729,0
0.565,0.031,3
0.931,0.544,1
0.102,0.807,0
0.509,0.02,3
0.53,0.062,3
0.979,0.545,4
0.446,0.743,0
0.464,0.757,0
0.491,0.118,3
0.107,0.789,0
1.002,0.54,4
0.457,0.795,0
0.12,0.811,0
0.027,0.78,0
0.084,0.742,0
0.587,0.16,3
0.999,0.576,4
0.926,0.546,1
0.467,0.078,3
0.452,0.753,0
0.888,0.613,1
0.973,0.551,4
0.406,0.732,0
0.268,0.465,0
0.313,0.448,0
0.472,0.704,0
0.26,0.584,0
0.955,0.478,2
0.489,0.064,3
0.426,0.045,3
0.274,0.516,0
0.996,0.534,2
0.522,0.031,3
0.148,0.758,0
0.113,0.773,0
0.564,0.067,3
0.064,0.756,0
0.535,0.003,3
0.323,0.442,0
0.991,0.559,4
0.485,0.14,3
0.915,0.512,1
0.971,0.595,4
0.494,0.753,0
0.144,0.778,0
0.469,0.097,3
0.486,0.126,3
0.246,0.524,0
0.517,0.049,3
0.094,0.73,0
0.969,0.529,1
0.978,0.584,4
0.981,0.499,2
0.224,0.481,0
0.284,0.446,0
0.015,0.799,0
1.013,0.515,2
0.507,0.659,0
0.291,0.504,0
0.964,0.451,2
0.055,0.737,0
0.452,0.774,0
0.504,0.766,0
0.115,0.823,0
0.486,0.051,3
0.024,0.776,0
0.957,0.511,1
0.245,0.577,0
0.234,0.442,0
0.435,0.708,0
0.984,0.53,2
0.061,0.837,0
0.429,0.686,0
0.089,0.791,0
0.968,0.566,4
1.005,0.621,4
0.523,0.082,3
0.935,0.46,1
0.476,0.042,3
0.226,0.447,0
0.498,0.126,3
0.488,0.714,0
0.528,0.079,3
0.501,0.008,3
0.422,0.702,0
0.533,0.086,3
0.518,0.014,3
1.033,0.561,4
0.976,0.464,2
0.052,0.774,0
0.927,0.558,1
0.33,0.467,0
0.233,0.535,0
1.016,0.554,4
0.032,0.772,0
0.313,0.46,0
0.096,0.721,0
0.466,0.756,0
0.421,0.735,0
1.036,0.524,2
0.35,0.638,0
0.086,0.794,0
1.024,0.543,4
0.111,0.788,0
0.981,0.577,4
0.206,0.491,0
0.961,0.485,2
0.481,0.027,3
0.969,0.546,1
0.288,0.482,0
0.281,0.534,0
0.455,0.623,0
1.033,0.557,4
0.075,0.713,0
0.962,0.531,1
0.069,0.734,0
0.987,0.561,4
0.444,0.151,3
0.064,0.727,0
1.01,0.54,2
0.267,0.579,0
0.522,0.086,3
0.24,0.541,0
0.092,0.878,0
0.258,0.518,0
0.477,0.7,0
0.922,0.525,1
0.898,0.46,1
0.398,0.702,0
0.959,0.539,1
0.3,0.488,0
0.523,0.048,3
0.482,0.048,3
0.57,0.052,3
0.225,0.418,0
0.257,0.461,0
0.465,0.025,3
0.12,0.758,0
0.271,0.44,0
0.505,0.053,3
0.008,0.73,0
0.434,0.735,0
0.165,0.78,0
0.466,0.692,0
0.526,0.739,0
0.109,0.777,0
1.044,0.516,2
0.448,0.096,3
0.963,0.557,1
0.437,0.745,0
0.441,0.706,0
0.949,0.527,1
0.923,0.535,1
0.944,0.602,4
0.44,0.732,0
0.968,0.546,1
0.08,0.746,0
0.542,0.072,3
0.252,0.539,0
0.403,0.725,0
0.049,0.864,0
0.058,0.849,0
0.079,0.764,0
0.334,0.447,0
0.348,0.518,0
0.528,0.047,3
0.499,0.688,0
0.09,0.821,0
1.021,0.492,2
0.453,0.738,0
0.662,0.13,3
0.091,0.751,0
0.439,0.671,0
1.014,0.494,2
0.364,0.561,0
0.47,0.035,3
0.375,0.485,0
0.441,0.705,0
0.453,0.64,0
0.503,0.715,0
0.485,0.662,0
0.128,0.747,0
1.036,0.553,4
0.94,0.484,1
0.106,0.775,0
0.211,0.44,0
0.462,0.043,3
0.422,0.684,0
0.218,0.556,0
0.495,0.758,0
0.55,0.053,3
0.487,0.075,3
0.461,0.761,0
0.447,0.766,0
0.035,0.759,0
0.958,0.508,1
0.258,0.442,0
0.025,0.789,0
0.568,0.077,3
0.492,0.063,3
0.268,0.537,0
0.135,0.852,0
0.436,0.787,0
0.46,0.078,3
0.224,0.49,0
0.051,0.823,0
0.914,0.492,1
0.074,0.787,0
0.43,0.73,0
0.443,0.729,0
0.303,0.515,0
0.105,0.756,0
0.102,0.775,0
0.056,0.78,0
0.439,0.692,0
0.288,0.523,0
0.526,0.1,3
1.035,0.517,2
0.057,0.734,0
0.493,0.123,3
0.294,0.449,0
0.536,0.009,3
0.317,0.442,0
0.539,0.072,3
0.246,0.439,0
0.944,0.604,4
0.537,0.083,3
0.268,0.57,0
0.423,0.72,0
0.078,0.796,0
0.341,0.575,0
0.474,0.764,0
0.441,0.74,0
0.379,0.729,0
0.099,0.766,0
0.096,0.809,0
0.55,0.032,3
0.264,0.543,0
0.135,0.839,0
0.449,0.687,0
0.557,0.066,3
0.044,0.782,0
0.206,0.467,0
0.255,0.529,0
0.435,0.702,0
0.245,0.545,0
0.07,0.753,0
0.529,0.739,0
0.346,0.725,0
0.073,0.809,0
0.291,0.42,0
0.25,0.509,0
0.14,0.812,0
0.225,0.545,0
0.086,0.847,0
1.003,0.539,2
0.085,0.772,0
1.062,0.494,2
0.213,0.496,0
0.27,0.523,0
0.487,0.017,3
0.541,0.018,3
0.037,0.787,0
0.451,0.107,3
0.474,0.712,0
0.974,0.555,4
0.447,0.737,0
0.439,0.745,0
0.273,0.543,0
0.086,0.804,0
0.988,0.523,2
0.516,0.728,0
0.071,0.81,0
0.484,0.091,3
0.106,0.815,0
0.246,0.466,0
1.065,0.551,4
0.276,0.507,0
0.525,0.122,3
0.283,0.455,0
1.019,0.55,4
0.076,0.777,0
1.057,0.612,4
1.01,0.516,2
0.493,0.013,3
0.531,0.721,0
0.079,0.758,0
0.468,0.751,0
0.261,0.533,0
0.887,0.551,1
0.092,0.76,0
0.37,0.669,0
0.272,0.514,0
1.018,0.537,2
0.378,0.652,0
0.092,0.702,0
0.977,0.576,4
0.479,0.034,3
0.294,0.569,0
0.476,0.076,3
0.087,0.773,0
0.43,0.093,3
0.228,0.481,0
0.24,0.533,0
0.456,0.647,0
0.458,0.034,3
0.473,0.103,3
0.152,0.738,0
0.942,0.484,1
0.979,0.502,2
0.29,0.45,0
0.459,0.095,3
0.392,0.762,0
0.282,0.492,0
0.325,0.453,0
0.318,0.488,0
0.512,0.67,0
0.458,0.763,0
0.185,0.509,0
0.285,0.466,0
0.264,0.477,0
0.268,0.452,0
0.422,0.763,0
1.014,0.574,4
0.144,0.735,0
0.949,0.525,1
0.985,0.474,2
1.028,0.585,4
0.107,0.841,0
0.432,0.742,0
0.255,0.492,0
0.434,0.106,3
0.276,0.571,0
0.311,0.561,0
0.029,0.752,0
0.461,0.114,3
0.266,0.483,0
0.316,0.454,0
0.472,0.079,3
0.265,0.596,0
0.516,0.079,3
0.472,0.733,0
0.037,0.734,0
0.47,0.667,0
0.486,0.077,3
0.457,0.76,0
0.52,0.031,3
0.994,0.575,4
1.02,0.482,2
0.301,0.486,0
0.925,0.498,1
0.26,0.58,0
1.012,0.483,2
0.487,0.099,3
0.357,0.772,0
0.931,0.604,1
0.212,0.57,0
0.229,0.468,0
0.946,0.534,1
0.079,0.777,0
0.104,0.86,0
0.489,0.727,0
0.969,0.585,4
0.257,0.455,0
0.12,0.828,0
0.091,0.777,0
0.312,0.483,0
1,0.531,2
0.552,0.129,3
0.389,0.006,3
0.445,0.009,3
0.434,0.7,0
0.077,0.746,0
0.082,0.819,0
0.265,0.517,0
1.029,0.48,2
0.296,0.431,0
0.399,0.789,0
0.46,0.726,0
0.928,0.543,1
0.423,0.004,3
0.386,0.783,0
0.03,0.834,0
0.428,0.073,3
0.938,0.482,1
0.239,0.558,0
0.585,0.068,3
0.258,0.47,0
1.01,0.503,2
0.378,0.736,0
0.054,0.803,0
0.074,0.726,0
0.348,0.643,0
0.936,0.545,1
0.526,0.083,3
0.078,0.76,0
0.183,0.491,0
0.396,0.774,0
0.992,0.521,2
0.527,0.159,3
0.506,0.077,3
0.229,0.495,0
0.07,0.829,0
0.111,0.75,0
0.996,0.516,2
0.556,0.078,3
0.226,0.462,0
0.092,0.774,0
0.092,0.728,0
0.447,0.705,0
0.027,0.831,0
0.474,0.077,3
0.976,0.469,2
0.444,0.777,0
0.937,0.542,1
0.945,0.521,1
0.056,0.836,0
0.973,0.556,4
0.314,0.503,0
0.357,0.534,0
0.932,0.597,1
0.299,0.512,0
0.548,0.014,3
0.392,0.745,0
1.004,0.527,2
0.381,0.481,0
0.45,0.017,3
0.55,0.042,3
0.193,0.542,0
0.44,0.081,3
0.993,0.626,4
0.097,0.83,0
0.046,0.771,0
0.331,0.42,0
0.962,0.54,1
0.45,0.047,3
0.287,0.482,0
0.458,0.649,0
0.311,0.525,0
0.407,0.748,0
0.026,0.758,0
0.306,0.546,0
0.296,0.487,0
0.308,0.536,0
0.964,0.466,2
0.141,0.778,0
0.043,0.701,0
0.483,0.074,3
0.966,0.568,4
0.311,0.561,0
0.108,0.748,0
0.341,0.57,0
0.304,0.552,0
0.033,0.772,0
1.014,0.51,2
0.231,0.485,0
0.105,0.815,0
0.054,0.762,0
0.11,0.772,0
0.883,0.524,1
0.527,0.156,3
0.055,0.763,0
0.211,0.453,0
0.523,0.161,3
0.987,0.54,4
0.97,0.565,4
0.517,0.752,0
0.972,0.545,1
1.011,0.498,2
0.307,0.491,0
0.575,0.042,3
0.362,0.736,0
0.385,0.738,0
0.507,0.138,3
0.925,0.539,1
0.456,0.715,0
0.116,0.805,0
0.955,0.551,1
0.491,0.736,0
1.014,0.581,4
0.985,0.554,4
0.08,0.729,0
0.498,0.104,3
0.069,0.726,0
0.265,0.535,0
0.448,0.739,0
0.051,0.787,0
0.226,0.531,0
0.93,0.593,1
0.983,0.592,4
1.032,0.571,4
0.245,0.447,0
0.938,0.533,1
0.506,0.134,3
0.499,0.737,0
0.054,0.815,0
0.109,0.746,0
0.467,0.688,0
0.499,0.104,3
0.303,0.509,0
0.273,0.515,0
0.444,0.806,0
0.951,0.532,1
0.97,0.57,4
0.466,0.055,3
0.116,0.824,0
0.383,0.747,0
0.277,0.439,0
0.427,0.052,3
0.245,0.537,0
0.973,0.509,2
0.507,0.066,3
0.196,0.461,0
0.452,0.777,0
0.064,0.816,0
0.449,0.059,3
0.026,0.781,0
0.499,0.097,3
0.284,0.478,0
0.538,0.032,3
0.522,0.12,3
0.078,0.803,0
0.537,0.057,3
0.062,0.789,0
0.119,0.78,0
0.196,0.464,0
0.253,0.511,0
0.392,0.736,0
0.258,0.494,0
0.973,0.512,2
0.95,0.584,4
0.163,0.572,0
0.482,0.035,3
0.987,0.585,4
0.12,0.753,0
0.518,0.089,3
0.26,0.496,0
0.541,0.043,3
0.49,0.029,3
0.025,0.908,0
0.574,0.05,3
0.437,0.713,0
0.607,0.064,3
0.448,0.755,0
0.462,0.094,3
0.481,0.064,3
0.509,0.104,3
0.137,0.849,0
0.902,0.574,1
0.227,0.549,0
0.358,0.73,0
1.021,0.573,4
0.483,0.694,0
1.013,0.505,2
0.281,0.425,0
0.266,0.487,0
0.982,0.501,2
0.322,0.442,0
1.02,0.502,2
0.924,0.529,1
0.305,0.511,0
0.043,0.793,0
0.303,0.501,0
0.053,0.768,0
0.544,0.056,3
0.994,0.482,2
0.094,0.736,0
0.096,0.731,0
0.551,0.106,3
0.088,0.744,0
1.022,0.552,4
0.504,0.733,0
0.297,0.435,0
0.064,0.76,0
0.088,0.773,0
0.021,0.771,0
0.475,0.033,3
0.962,0.533,1
0.109,0.75,0
0.42,0.621,0
0.463,0.805,0
1.028,0.567,4
0.528,0.114,3
0.486,0.081,3
0.067,0.794,0
0.953,0.504,1
0.919,0.586,1
0.479,0.667,0
0.539,0.058,3
1.029,0.546,4
0.537,0.106,3
0.066,0.827,0
0.995,0.513,2
0.203,0.523,0
0.065,0.792,0
0.495,0.158,3
0.097,0.798,0
0.46,0.099,3
0.296,0.517,0
0.499,0.073,3
0.454,0.04,3
0.966,0.519,1
0.4,0.716,0
0.522,0.057,3
0.201,0.484,0
0.067,0.771,0
0.462,0.717,0
0.488,0.711,0
0.458,0.082,3
0.533,0.046,3
0.209,0.519,0
0.551,0.077,3
0.965,0.56,4
0.145,0.795,0
0.475,0.126,3
1.002,0.534,2
0.913,0.567,1
0.084,0.742,0
0.066,0.807,0
0.256,0.458,0
0.275,0.476,0
0.476,0.722,0
0.247,0.473,0
0.205,0.482,0
0.546,0.032,3
0.438,0.656,0
0.058,0.732,0
0.307,0.515,0
0.052,0.765,0
0.272,0.538,0
0.483,0.773,0
0.085,0.733,0
0.954,0.548,1
0.488,0.762,0
0.462,0.769,0
0.889,0.55,1
0.037,0.734,0
0.51,0.068,3
0.528,0.093,3
1.008,0.546,4
0.998,0.563,4
0.932,0.573,1
0.999,0.533,2
0.423,0.673,0
0.41,0.771,0
0.428,0.705,0
0.288,0.509,0
0.295,0.508,0
0.496,0.069,3
0.957,0.508,1
0.992,0.514,2
0.452,0.691,0
0.515,0.003,3
0.011,0.712,0
0.363,0.516,0
0.092,0.825,0
0.064,0.802,0
0.977,0.502,2
0.942,0.488,1
0.072,0.743,0
0.44,0.772,0
0.468,0.135,3
0.276,0.474,0
0.45,0.076,3
0.082,0.734,0
0.117,0.706,0
0.952,0.526,1
0.512,0.075,3
0.13,0.702,0
0.507,0.091,3
0.07,0.756,0
0.021,0.83,0
0.987,0.504,2
0.335,0.517,0
0.089,0.763,0
0.213,0.491,0
0.45,0.731,0
0.55,0.065,3
1.027,0.562,4
0.559,0.748,0
0.441,0.078,3
0.532,0.043,3
0.281,0.477,0
0.457,0.796,0
0.116,0.762,0
0.995,0.512,2
0.434,0.014,3
0.957,0.53,1
0.474,0.101,3
0.036,0.781,0
0.435,0.712,0
0.329,0.513,0
0.498,0.072,3
0.508,0.736,0
0.513,0.093,3
0.953,0.52,1
0.024,0.76,0
0.383,0.716,0
0.423,0.749,0
0.425,0.69,0
0.247,0.434,0
0.973,0.555,4
0.297,0.48,0
0.472,0.096,3
0.97,0.518,2
0.455,0.069,3
0.388,0.707,0
1.014,0.581,4
0.376,0.722,0
1.018,0.512,2
0.99,0.535,2
0.984,0.58,4
0.054,0.707,0
0.918,0.539,1
0.54,0.045,3
0.484,0.074,3
0.45,0.815,0
0.28,0.469,0
0.25,0.472,0
0.093,0.754,0
0.135,0.825,0
0.494,0.671,0
0.545,0.104,3
0.434,0.091,3
0.479,0.01,3
0.501,0.095,3
0.1,0.841,0
0.493,0.059,3
0.483,0.79,0
0.25,0.499,0
0.968,0.554,4
0.253,0.496,0
0.522,0.053,3
0.941,0.554,1
0.958,0.471,2
0.936,0.551,1
0.511,0.08,3
0.248,0.526,0
0.268,0.523,0
0.949,0.49,1
1.043,0.628,4
0.988,0.543,4
0.987,0.548,4
0.275,0.525,0
0.265,0.554,0
0.076,0.771,0
0.31,0.467,0
0.322,0.495,0
0.116,0.828,0
1.016,0.529,2
0.42,0.661,0
0.261,0.527,0
0.23,0.496,0
0.964,0.464,2
0.063,0.775,0
0.495,0.736,0
1.005,0.468,2
0.061,0.709,0
0.229,0.529,0
0.271,0.507,0
0.269,0.568,0
1.001,0.489,2
0.957,0.575,4
0.391,0.754,0
0.02,0.774,0
0.232,0.57,0
0.966,0.48,2
0.286,0.472,0
0.416,0.737,0
0.044,0.735,0
0.498,0.646,0
0.43,0.691,0
0.557,0,3
0.415,0.693,0
0.471,0.066,3
0.597,0.111,3
0.459,0.05,3
0.446,0.776,0
0.424,0.672,0
0.275,0.494,0
0.299,0.533,0
0.386,0.711,0
0.482,0.115,3
0.519,0.083,3
0.321,0.446,0
0.026,0.791,0
0.948,0.536,1
0.972,0.58,4
0.057,0.732,0
0.461,0.841,0
0.441,0.776,0
0.544,0.096,3
1.001,0.539,2
0.98,0.532,2
0.083,0.762,0
0.503,0.023,3
1.039,0.593,4
1.023,0.576,4
0.95,0.554,1
0.071,0.774,0
0.237,0.533,0
0.449,0.049,3
1.035,0.567,4
0.966,0.535,1
0.396,0.687,0
0.257,0.505,0
0.428,0.75,0
0.185,0.439,0
0.931,0.529,1
0.543,0.09,3
0.114,0.807,0
0.461,0.729,0
1.061,0.606,4
0.07,0.778,0
0.98,0.619,4
0.322,0.503,0
0.445,0.713,0
0.512,0.128,3
0.977,0.472,2
0.501,0.756,0
0.298,0.493,0
0.261,0.462,0
0.456,0.071,3
0.434,0.013,3
0.418,0.822,0
0.465,0.733,0
0.064,0.77,0
0.076,0.764,0
0.449,0.686,0
0.01,0.75,0
0.571,0.009,3
0.515,0.049,3
0.463,0.663,0
0.505,0.688,0
0.413,0.71,0
1.003,0.564,4
0.482,0.063,3
0.377,0.774,0
0.057,0.724,0
0.51,0.032,3
0.399,0.689,0
0.04,0.83,0
0.441,0.784,0
0.997,0.55,4
1.04,0.593,4
0.365,0.555,0
0.379,0.706,0
0.246,0.545,0
0.353,0.725,0
0.229,0.518,0
0.308,0.516,0
0.072,0.805,0
0.52,0.085,3
0.939,0.473,1
0.503,0.079,3
0.487,0.697,0
0.974,0.525,2
0.326,0.479,0
0.298,0.551,0
0.065,0.728,0
0.959,0.585,4
0.077,0.734,0
0.234,0.501,0
1.04,0.542,2
0.902,0.594,1
0.493,0.101,3
0.502,0.73,0
0.264,0.528,0
0.971,0.529,1
0.419,0.638,0
0.197,0.491,0
0.438,0.081,3
0.472,0.711,0
0.562,0.036,3
0.553,0.13,3
0.083,0.752,0
0.278,0.401,0
0.459,0.662,0
0.976,0.492,2
0.37,0.686,0
0.486,0.719,0
0.387,0.717,0
0.288,0.472,0
0.547,0.007,3
0.341,0.515,0
0.1,0.781,0
0.954,0.526,1
0.473,0.106,3
0.505,0.084,3
0.497,0.754,0
0.464,0.754,0
0.056,0.789,0
0.955,0.479,2
0.58,0.009,3
0.46,0.061,3
0.052,0.697,0
0.568,0.026,3
0.511,0.094,3
0.402,0.767,0
0.928,0.549,1
0.3,0.569,0
0.055,0.809,0
0.979,0.538,2
0.104,0.807,0
0.292,0.526,0
0.967,0.626,4
0.23,0.492,0
0.294,0.498,0
0.045,0.79,0
0.307,0.459,0
0.086,0.8,0
0.412,0.754,0
0.464,0.737,0
0.442,0.682,0
0.461,0.716,0
0.092,0.806,0
0.956,0.491,2
0.466,0.137,3
0.506,0.09,3
0.185,0.544,0
0.086,0.802,0
0.13,0.822,0
0.989,0.537,2
0.427,0.724,0
0.104,0.814,0
0.98,0.568,4
0.515,0.072,3
0.028,0.811,0
0.296,0.495,0
0.415,0.72,0
0.551,0.114,3
0.453,0.718,0
0.256,0.526,0
0.485,0.77,0
0.966,0.501,2
0.449,0.128,3
0.293,0.489,0
0.159,0.52,0
0.442,0.05,3
0.112,0.767,0
0.094,0.734,0
0.554,0.082,3
0.422,0.663,0
0.41,0.679,0
0.081,0.74,0
0.053,0.785,0
0.591,0.142,3
0.47,0.048,3
0.245,0.546,0
1.06,0.524,2
0.253,0.531,0
0.256,0.517,0
0.048,0.841,0
0.951,0.542,1
0.301,0.485,0
0.069,0.795,0
0.532,0.08,3
0.422,0.009,3
0.896,0.539,1
0.484,0.066,3
0.294,0.55,0
0.973,0.528,2
0.511,0.117,3
0.137,0.778,0
0.93,0.577,1
0.488,0.127,3
0.21,0.485,0
0.54,0.036,3
0.079,0.806,0
0.066,0.733,0
0.554,0.106,3
0.983,0.541,4
0.48,0.653,0
0.375,0.463,0
0.541,0.052,3
0.55,0.094,3
0.253,0.496,0
0.117,0.778,0
0.541,0.101,3
0.955,0.465,2
0.268,0.494,0
0.986,0.55,4
0.34,0.427,0
0.488,0.666,0
0.132,0.723,0
0.338,0.521,0
0.965,0.534,1
0.225,0.542,0
0.512,0.002,3
0.469,0.109,3
0.108,0.737,0
0.466,0.106,3
0.492,0.11,3
0.415,0.706,0
0.493,0.149,3
0.474,0.03,3
0.398,0.674,0
1.006,0.456,2
0.275,0.465,0
0.984,0.576,4
0.088,0.805,0
1.016,0.494,2
0.49,0.063,3
0.998,0.49,2
0.331,0.48,0
0.439,0.101,3
0.553,0.08,3
0.223,0.542,0
0.4,0.738,0
0.991,0.544,4
0.533,0.1,3
0.06,0.766,0
0.492,0.13,3
0.462,0.784,0
1.002,0.522,2
0.061,0.84,0
0.274,0.464,0
0.909,0.487,1
0.543,0.098,3
0.269,0.485,0
0.917,0.571,1
0.931,0.589,1
0.258,0.513,0
0.446,0.682,0
0.248,0.479,0
1.009,0.551,4
0.521,0.139,3
0.048,0.761,0
0.362,0.753,0
1.007,0.511,2
0.071,0.776,0
0.455,0.67,0
0.259,0.557,0
0.956,0.528,1
0.34,0.412,0
0.387,0.719,0
0.373,0.698,0
0.405,0.67,0
1.012,0.571,4
0.441,0.709,0
0.449,0.699,0
0.229,0.546,0
0.407,0.754,0
0.541,0.095,3
0.498,0.121,3
0.369,0.668,0
0.453,0.737,0
0.416,0.648,0
0.248,0.505,0
0.427,0.682,0
0.475,0.037,3
0.506,0.064,3
0.092,0.787,0
0.225,0.472,0
0.035,0.784,0
0.286,0.495,0
0.209,0.431,0
0.484,0.095,3
0.564,0.064,3
0.503,0.769,0
0.368,0.7,0
0.343,0.49,0
0.446,0.643,0
0.548,0.001,3
0.443,0.126,3
1.048,0.571,4
0.451,0.757,0
0.312,0.49,0
0.913,0.544,1
1,0.524,2
0.391,0.684,0
0.39,0.716,0
0.482,0.082,3
0.064,0.758,0
0.366,0.453,0
0.988,0.562,4
0.599,0.13,3
0.45,0.033,3
0.972,0.502,2
0.497,0.717,0
0.332,0.515,0
0.094,0.783,0
0.205,0.499,0
0.988,0.506,2
0.979,0.562,4
1.003,0.541,4
0.249,0.462,0
0.399,0.726,0
0.414,0.694,0
0.467,0.112,3
0.283,0.477,0
0.92,0.516,1
0.402,0.729,0
0.269,0.498,0
0.468,0.02,3
0.983,0.612,4
0.44,0.765,0
0.343,0.558,0
0.49,0.108,3
0.49,0.095,3
0.977,0.527,2
0.458,0.687,0
0.436,0.684,0
0.878,0.547,1
0.072,0.799,0
0.564,0.122,3
0.445,0.742,0
0.429,0.723,0
1.022,0.529,2
0.985,0.527,2
0.028,0.77,0
0.254,0.469,0
0.939,0.516,1
0.034,0.848,0
0.519,0.112,3
0.086,0.771,0
0.535,0.08,3
0.514,0.025,3
0.414,0.773,0
0.525,0.035,3
0.393,0.741,0
0.241,0.502,0
0.024,0.746,0
0.943,0.548,1
1.029,0.539,2
0.517,0.094,3
0.323,0.566,0
0.092,0.785,0
0.543,0.115,3
0.955,0.529,1
1.046,0.53,2
0.481,0.126,3
0.488,0.118,3
1.032,0.571,4
0.248,0.444,0
0.988,0.483,2
0.235,0.427,0
0.272,0.478,0
0.566,0.069,3
0.256,0.503,0
0.095,0.789,0
0.087,0.776,0
0.288,0.423,0
0.912,0.562,1
0.944,0.53,1
0.327,0.499,0
0.913,0.536,1
0.05,0.802,0
0.484,0.738,0
0.946,0.523,1
0.486,0.083,3
0.442,0.719,0
0.996,0.518,2
0.499,0.083,3
0.235,0.485,0
1.036,0.565,4
0.455,0.009,3
0.288,0.555,0
0.059,0.817,0
0.241,0.497,0
0.505,0.069,3
0.265,0.453,0
0.416,0.71,0
0.461,0.688,0
0.064,0.814,0
0.995,0.541,4
0.942,0.477,1
1.061,0.53,2
0.253,0.571,0
1.03,0.55,4
0.441,0.74,0
0.517,0.066,3
0.465,0.751,0
0.508,0.742,0
0.33,0.491,0
0.273,0.502,0
0.533,0.059,3
0.458,0.02,3
0.295,0.55,0
0.253,0.485,0
0.427,0.698,0
0.39,0.7,0
0.968,0.512,2
0.521,0.023,3
0.493,0.755,0
0.475,0.066,3
0.002,0.763,0
0.093,0.748,0
0.414,0.076,3
0.092,0.755,0
0.974,0.558,4
0.012,0.784,0
0.098,0.707,0
0.304,0.434,0
0.943,0.542,1
0.451,0.724,0
0.013,0.799,0
0.246,0.485,0
0.219,0.533,0
0.398,0.81,0
0.486,0.036,3
0.921,0.582,1
0.205,0.467,0
0.457,0.041,3
0.544,0.121,3
0.083,0.727,0
1.011,0.561,4
0.311,0.47,0
0.247,0.45,0
0.246,0.422,0
0.573,0.137,3
0.969,0.603,4
0.264,0.507,0
0.52,0.071,3
0.47,0.746,0
0.965,0.598,4
0.492,0.03,3
1.038,0.476,2
0.132,0.756,0
0.951,0.466,2
0.951,0.478,2
0.102,0.809,0
0.418,0.694,0
0.962,0.504,2
0.266,0.475,0
0.059,0.794,0
0.091,0.724,0
0.49,0.098,3
0.482,0.08,3
0.163,0.754,0
0.579,0.118,3
0.409,0.654,0
0.402,0.693,0
0.292,0.533,0
0.132,0.782,0
0.004,0.809,0
0.394,0.653,0
0.468,0.76,0
0.222,0.492,0
0.464,0.038,3
0.446,0.639,0
0.451,0.036,3
0.494,0.015,3
0.428,0.69,0
0.508,0.054,3
0.255,0.445,0
0.538,0.14,3
0.094,0.832,0
1.031,0.554,4
0.441,0.648,0
0.35,0.514,0
0.41,0.056,3
0.035,0.798,0
1.046,0.527,2
0.223,0.474,0
0.111,0.803,0
0.532,0.039,3
0.095,0.774,0
0.516,0.136,3
0.519,0.008,3
0.249,0.483,0
0.997,0.577,4
0.235,0.479,0
0.121,0.818,0
0.593,0.033,3
0.058,0.83,0
0.438,0.741,0
1.012,0.543,4
0.506,0.131,3
0.976,0.545,4
0.104,0.779,0
0.213,0.522,0
0.501,0.657,0
0.071,0.803,0
0.523,0.144,3
0.379,0.676,0
0.96,0.521,1
0.541,0.013,3
0.011,0.736,0
0.298,0.49,0
0.5,0.689,0
0.445,0.715,0
0.912,0.506,1
0.97,0.544,1
0.502,0.079,3
0.945,0.536,1
0.047,0.8,0
0.952,0.574,1
0.434,0.728,0
0.245,0.486,0
0.44,0.772,0
0.479,0.118,3
0.447,0.69,0
0.521,0.07,3
0.538,0.072,3
0.387,0.712,0
0.092,0.788,0
0.033,0.706,0
0.5,0.042,3
0.239,0.477,0
0.616,0.062,3
0.094,0.749,0
0.02,0.846,0
0.22,0.488,0
1.005,0.565,4
0.97,0.598,4
0.062,0.775,0
0.95,0.56,1
0.512,0.067,3
0.055,0.825,0
0.476,0.705,0
0.514,0.013,3
0.044,0.759,0
0.301,0.447,0
0.99,0.564,4
1.007,0.568,4
0.26,0.508,0
0.427,0.73,0
0.173,0.472,0
0.924,0.524,1
0.411,0.805,0
0.051,0.703,0
0.246,0.442,0
0.145,0.772,0
0.487,0.099,3
0.275,0.438,0
0.914,0.564,1
0.091,0.806,0
0.284,0.561,0
0.492,0.033,3
0.067,0.787,0
0.462,0.025,3
0.485,0.114,3
0.487,0.039,3
0.007,0.833,0
1.068,0.476,2
0.484,0.054,3
0.931,0.545,1
0.087,0.81,0
0.232,0.443,0
0.299,0.476,0
0.521,0.057,3
0.303,0.536,0
0.165,0.551,0
0.981,0.47,2
0.938,0.475,1
0.211,0.474,0
0.506,0.064,3
0.45,0.087,3
1.014,0.58,4
0.959,0.556,1
0.967,0.515,2
0.419,0.718,0
0.217,0.56,0
0.508,0.004,3
0.525,0.13,3
0.028,0.707,0
0.064,0.726,0
0.933,0.569,1
0.289,0.555,0
0.304,0.502,0
0.162,0.787,0
0.076,0.836,0
0.107,0.778,0
0.401,0.722,0
0.415,0.731,0
1.023,0.514,2
0.54,0.093,3
0.478,0.009,3
0.436,0.69,0
0.976,0.497,2
0.918,0.505,1
1.026,0.558,4
1.006,0.575,4
0.291,0.455,0
0.49,0.718,0
0.385,0.693,0
0.253,0.495,0
0.469,0.05,3
0.133,0.78,0
0.089,0.779,0
0.263,0.455,0
0.455,0.689,0
1.044,0.537,2
0.48,0.75,0
0.271,0.507,0
0.423,0.764,0
0.503,0.136,3
0.031,0.691,0
0.413,0.792,0
0.996,0.515,2
0.262,0.469,0
0.066,0.764,0
0.368,0.665,0
0.012,0.864,0
1.015,0.435,2
0.524,0.098,3
0.487,0.017,3
0.085,0.776,0
0.454,0.13,3
0.47,0.695,0
0.041,0.806,0
0.416,0.696,0
0.878,0.559,1
0.37,0.719,0
0.988,0.582,4
0.107,0.821,0
1.017,0.491,2
0.058,0.758,0
0.49,0.082,3
0.5,0.791,0
0.437,0.745,0
0.281,0.472,0
0.438,0.01,3
0.435,0.757,0
0.437,0.791,0
0.447,0.699,0
0.115,0.825,0
0.433,0.7,0
0.105,0.799,0
0.546,0.119,3
0.971,0.578,4
0.079,0.723,0
1.004,0.541,4
0.385,0.634,0
0.142,0.805,0
0.13,0.709,0
0.123,0.786,0
0.462,0.745,0
0.262,0.489,0
0.958,0.503,1
0.019,0.828,0
0.156,0.823,0
0.324,0.551,0
0.986,0.543,4
0.975,0.536,1
0.1,0.785,0
0.285,0.486,0
0.282,0.533,0
0.295,0.525,0
0.991,0.516,2
0.522,0.079,3
0.503,0.049,3
0.966,0.571,4
0.996,0.528,2
0.404,0.684,0
0.302,0.493,0
1.003,0.576,4
0.462,0.101,3
0.999,0.511,2
0.984,0.556,4
0.977,0.525,2
0.274,0.574,0
0.046,0.728,0
0.232,0.48,0
1.024,0.598,4
0.067,0.785,0
0.541,0.07,3
0.93,0.497,1
0.495,0.093,3
0.544,0.111,3
0.057,0.714,0
0.058,0.806,0
0.439,0.729,0
0.258,0.476,0
0.299,0.475,0
0.055,0.786,0
0.464,0.72,0
0.224,0.47,0
0.037,0.81,0
0.082,0.806,0
0.432,0.729,0
0.476,0.679,0
0.522,0.656,0
0.465,0.687,0
0.973,0.521,2
0.444,0.647,0
0.476,0.089,3
0.296,0.493,0
0.073,0.777,0
0.935,0.514,1
1.005,0.534,2
0.186,0.498,0
0.082,0.709,0
0.248,0.493,0
0.496,0.011,3
0.524,0.028,3
0.992,0.479,2
0.442,0.731,0
1.026,0.503,2
0.145,0.779,0
0.544,0.078,3
0.241,0.553,0
0.461,0.106,3
1.013,0.474,2
0.526,0.741,0
0.046,0.774,0
0.48,0.762,0
0.005,0.807,0
0.458,0.697,0
0.947,0.54,1
1.013,0.475,2
0.555,0.025,3
0.131,0.761,0
0.533,0.095,3
0.287,0.517,0
0.503,0.119,3
0.493,0.703,0
0.301,0.501,0
0.081,0.817,0
1.002,0.54,4
0.029,0.809,0
0.913,0.548,1
0.985,0.578,4
0.061,0.832,0
0.132,0.727,0
0.481,0.692,0
1.024,0.505,2
0.119,0.76,0
0.255,0.515,0
0.231,0.493,0
0.293,0.512,0
0.077,0.771,0
0.955,0.522,1
1.026,0.543,4
0.52,0.106,3
0.064,0.788,0
0.921,0.538,1
0.536,0.119,3
0.401,0.745,0
0.496,0.716,0
0.321,0.446,0
0.45,0.067,3
0.22,0.444,0
0.5,0.084,3
0.923,0.522,1
0.286,0.632,0
0.27,0.508,0
0.977,0.614,4
0.215,0.429,0
0.259,0.507,0
0.275,0.497,0
0.515,0.082,3
0.472,0.139,3
0.595,0.031,3
0.315,0.434,0
0.437,0.73,0
0.22,0.477,0
0.327,0.478,0
0.503,0.109,3
1,0.62,4
0.07,0.765,0
0.941,0.52,1
0.51,0.71,0
0.989,0.51,2
0.502,0.038,3
0.448,0.104,3
1.006,0.484,2
0.314,0.499,0
0.254,0.429,0
0.065,0.71,0
0.073,0.786,0
0.532,0.096,3
0.472,0.061,3
0.502,0.026,3
0.977,0.528,2
0.491,0.068,3
0.495,0.103,3
0.527,0.024,3
0.299,0.489,0
0.449,0.061,3
0.523,0.123,3
0.463,0.023,3
1.035,0.46,2
0.13,0.78,0
0.305,0.502,0
0.134,0.712,0
0.012,0.741,0
0.468,0.765,0
0.261,0.478,0
0.536,0.081,3
0.038,0.829,0
0.529,0.011,3
0.898,0.532,1
0.443,0.701,0
0.454,0.06,3
0.269,0.474,0
0.065,0.758,0
1.016,0.54,2
0.133,0.793,0
0.163,0.753,0
0.029,0.82,0
0.042,0.862,0
0.411,0.738,0
0.428,0.761,0
0.015,0.797,0
0.52,0.095,3
0.52,0.084,3
0.568,0.096,3
0.11,0.784,0
0.26,0.498,0
0.921,0.55,1
0.57,0.073,3
0.53,0.665,0
0.062,0.841,0
0.45,0.133,3
0.136,0.742,0
0.061,0.787,0
1.027,0.567,4
0.051,0.804,0
0.414,0.7,0
0.285,0.518,0
0.413,0.035,3
0.56,0.13,3
0.316,0.497,0
0.067,0.752,0
0.211,0.521,0
1.038,0.591,4
0.568,0.061,3
0.968,0.552,4
0.49,0.087,3
0.967,0.569,4
0.012,0.731,0
0.307,0.546,0
1.018,0.551,4
0.357,0.458,0
0.51,0.053,3
0.985,0.504,2
0.914,0.581,1
0.522,0.095,3
0.95,0.617,4
0.997,0.53,2
0.099,0.763,0
0.029,0.798,0
0.29,0.338,0
0.499,0.04,3
0.098,0.858,0
0.532,0.061,3
0.117,0.767,0
0.536,0.066,3
0.108,0.791,0
0.391,0.715,0
0.025,0.828,0
1.004,0.575,4
0.41,0.71,0
0.956,0.563,1
0.351,0.744,0
0.067,0.74,0
0.44,0.721,0
0.418,0.712,0
0.206,0.539,0
0.042,0.749,0
0.223,0.513,0
0.481,0.117,3
0.451,0.656,0
0.258,0.551,0
0.484,0.091,3
0.982,0.565,4
1.007,0.598,4
0.131,0.797,0
1.062,0.539,2
0.347,0.491,0
0.447,0.727,0
0.134,0.846,0
0.985,0.488,2
0.115,0.777,0
0.431,0.803,0
0.969,0.531,1
0.07,0.782,0
0.288,0.499,0
0.074,0.745,0
0.467,0.01,3
0.271,0.574,0
0.417,0.68,0
0.287,0.499,0
0.299,0.547,0
0.343,0.506,0
0.415,0.737,0
0.042,0.819,0
0.916,0.53,1
0.495,0.705,0
0.104,0.802,0
0.082,0.787,0
0.461,0.717,0
0.443,0.686,0
0.418,0.08,3
0.451,0.753,0
0.561,0.083,3
0.435,0.713,0
0.402,0.726,0
0.28,0.437,0
1.033,0.587,4
0.903,0.545,1
0.117,0.804,0
0.426,0.079,3
0.519,0.111,3
0.964,0.522,1
0.398,0.758,0
0.444,0.74,0
1.03,0.471,2
0.462,0.057,3
0.452,0.024,3
1.006,0.516,2
0.297,0.524,0
0.49,0.084,3
0.941,0.566,1
0.171,0.426,0
0.097,0.789,0
0.5,0.058,3
0.495,0.777,0
0.619,0.085,3
0.068,0.81,0
0.887,0.539,1
0.105,0.756,0
0.959,0.512,1
0.5,0.056,3
0.232,0.547,0
0.299,0.469,0
0.516,0.062,3
0.306,0.572,0
0.024,0.825,0
0.999,0.603,4
0.452,0.02,3
0.546,0.147,3
0.092,0.78,0
0.203,0.595,0
0.481,0.728,0
0.047,0.762,0
0.909,0.58,1
0.058,0.762,0
0.424,0.665,0
0.269,0.512,0
0.42,0.721,0
0.531,0.074,3
1.012,0.568,4
1.015,0.587,4
1.036,0.511,2
0.995,0.512,2
0.552,0.072,3
0.982,0.561,4
0.441,0.767,0
1.015,0.571,4
0.128,0.793,0
1.013,0.545,4
1.004,0.579,4
0.956,0.457,2
0.263,0.515,0
0.133,0.725,0
0.567,0.133,3
1.041,0.549,4
0.023,0.743,0
0.465,0.08,3
0.287,0.526,0
0.242,0.542,0
0.449,0.072,3
0.156,0.756,0
0.363,0.743,0
0.112,0.775,0
0.323,0.524,0
0.942,0.506,1
0.92,0.486,1
0.067,0.791,0
0.487,0.019,3
0.396,0.714,0
0.068,0.775,0
0.111,0.771,0
0.468,0.697,0
0.569,0.077,3
0.903,0.489,1
0.447,0.728,0
0.419,0.729,0
0.576,0.062,3
0.398,0.777,0
0.087,0.752,0
0.255,0.52,0
0.498,0.042,3
0.951,0.575,1
0.495,0.72,0
0.288,0.547,0
0.948,0.499,1
0.903,0.528,1
0.532,0.089,3
0.508,0.03,3
0.076,0.806,0
0.991,0.514,2
0.3,0.55,0
0.963,0.499,2
0.531,0.133,3
0.031,0.854,0
0.904,0.558,1
0.944,0.464,2
0.158,0.763,0
0.902,0.555,1
0.407,0.755,0
0.454,0.742,0
0.268,0.502,0
0.304,0.502,0
0.052,0.78,0
0.535,0.123,3
0.413,0.654,0
0.26,0.566,0
0.261,0.491,0
0.252,0.523,0
0.107,0.763,0
0.18,0.767,0
0.313,0.488,0
0.095,0.81,0
1.014,0.575,4
0.303,0.511,0
0.933,0.548,1
0.951,0.508,1
0.017,0.808,0
0.966,0.512,2
0.426,0.705,0
0.056,0.761,0
0.537,0.651,0
1.002,0.538,2
0.291,0.511,0
0.583,0.087,3
0.48,0.023,3
0.118,0.784,0
0.46,0.043,3
0.441,0.79,0
0.426,0.671,0
0.076,0.781,0
0.044,0.809,0
0.087,0.745,0
0.063,0.8,0
0.454,0.722,0
0.977,0.496,2
0.307,0.537,0
0.396,0.791,0
1.023,0.568,4
0.137,0.823,0
0.494,0.728,0
0.277,0.489,0
0.275,0.44,0
0.262,0.467,0
0.205,0.534,0
0.943,0.539,1
0.936,0.524,1
0.432,0.668,0
0.053,0.827,0
0.368,0.704,0
0.091,0.881,0
0.098,0.873,0
0.117,0.776,0
0.411,0.637,0
1.017,0.525,2
0.988,0.526,2
0.423,0.741,0
0.206,0.545,0
0.114,0.798,0
0.522,0.021,3
0.445,0.084,3
0.096,0.791,0
0.155,0.731,0
0.993,0.481,2
0.43,0.091,3
0.071,0.732,0
0.385,0.677,0
0.252,0.53,0
0.06,0.836,0
0.27,0.522,0
0.133,0.741,0
0.512,0.71,0
0.089,0.785,0
1.004,0.577,4
0.535,0.077,3
0.466,0.087,3
0.421,0.739,0
0.565,0.094,3
0.547,0.057,3
0.517,0.072,3
0.117,0.743,0
0.4,0.73,0
0.101,0.779,0
0.437,0.726,0
0.273,0.456,0
0.441,0.705,0
0.457,0.679,0
0.284,0.569,0
0.467,0.09,3
0.077,0.778,0
0.521,0.118,3
0.462,0.857,0
0.456,0.053,3
0.458,0.677,0
0.279,0.495,0
0.502,0.068,3
0.402,0.772,0
0.48,0.025,3
0.307,0.556,0
0.074,0.722,0
0.964,0.483,2
0.24,0.54,0
0.454,0.736,0
0.472,0.709,0
0.074,0.773,0
0.278,0.415,0
0.524,0.114,3
0.064,0.772,0
0.129,0.675,0
0.076,0.78,0
0.077,0.729,0
0.095,0.817,0
0.111,0.82,0
0.516,0.033,3
0.972,0.52,2
0.274,0.473,0
0.316,0.491,0
0.469,0.044,3
0.002,0.795,0
0.285,0.492,0
0.235,0.529,0
0.222,0.579,0
0.36,0.51,0
0.069,0.746,0
0.544,0.134,3
0.458,0.076,3
0.076,0.775,0
0.461,0.776,0
0.264,0.468,0
0.445,0.686,0
0.508,0.13,3
0.443,0.779,0
1.011,0.485,2
0.269,0.524,0
0.999,0.568,4
0.529,0.04,3
0.447,0.767,0
0.983,0.531,2
0.592,0.02,3
0.244,0.452,0
0.969,0.579,4
0.399,0.715,0
0.568,0.06,3
0.983,0.483,2
0.441,0.739,0
0.315,0.549,0
0.02,0.756,0
0.504,0.038,3
0.484,0.11,3
0.64,0.071,3
0.339,0.483,0
0.954,0.494,1
0.456,0.709,0
0.282,0.439,0
0.538,0.067,3
0.251,0.49,0
0.438,0.038,3
0.488,0.775,0
0.057,0.796,0
0.987,0.52,2
0.057,0.782,0
0.09,0.792,0
0.476,0.119,3
0.443,0.734,0
0.027,0.77,0
0.457,0.035,3
0.035,0.794,0
0.262,0.442,0
0.486,0.098,3
0.408,0.699,0
0.255,0.486,0
0.48,0.786,0
0.1,0.789,0
0.057,0.803,0
0.177,0.799,0
0.461,0.76,0
0.5,0.077,3
0.035,0.811,0
0.578,0.088,3
0.266,0.49,0
0.527,0.052,3
0.474,0.004,3
0.394,0.695,0
1.011,0.586,4
0.459,0.653,0
0.214,0.491,0
0.249,0.517,0
0.484,0.704,0
0.558,0.046,3
0.967,0.464,2
0.524,0.148,3
0.331,0.522,0
0.46,0.68,0
0.169,0.747,0
0.271,0.447,0
0.306,0.481,0
0.96,0.587,4
0.944,0.625,4
0.495,0.001,3
0.444,0.117,3
0.092,0.782,0
0.073,0.799,0
0.498,0.049,3
0.231,0.472,0
0.975,0.576,4
0.121,0.782,0
0.031,0.842,0
0.502,0.037,3
0.427,0.705,0
0.505,0.052,3
0.94,0.529,1
0.991,0.513,2
0.471,0.045,3
0.965,0.519,1
0.998,0.508,2
0.502,0.121,3
0.246,0.401,0
0.419,0.746,0
0.107,0.716,0
0.995,0.601,4
0.256,0.531,0
0.401,0.785,0
0.992,0.533,2
0.428,0.772,0
0.477,0.076,3
0.331,0.561,0
0.419,0.777,0
0.496,0.7,0
0.55,0.096,3
0.417,0.724,0
0.478,0.716,0
0.084,0.76,0
0.376,0.67,0
0.512,0.041,3
0.513,0.102,3
0.108,0.763,0
0.492,0.091,3
0.023,0.792,0
0.488,0.083,3
0.224,0.445,0
0.083,0.726,0
0.516,0.089,3
0.036,0.788,0
1.023,0.543,4
0.402,0.739,0
0.433,0.645,0
0.163,0.741,0
0.195,0.448,0
0.222,0.439,0
0.394,0.749,0
0.047,0.769,0
0.377,0.712,0
0.506,0.15,3
0.006,0.819,0
0.463,0.033,3
0.981,0.537,2
0.345,0.545,0
0.105,0.796,0
0.453,0.76,0
0.29,0.528,0
0.42,0.723,0
0.091,0.76,0
0.121,0.868,0
0.112,0.771,0
0.439,0.762,0
0.51,0.044,3
0.449,0.103,3
0.494,0.071,3
0.431,0.651,0
0.049,0.759,0
0.446,0.112,3
0.454,0.059,3
0.119,0.743,0
0.547,0.137,3
0.431,0.729,0
0.509,0.133,3
0.317,0.41,0
0.525,0.04,3
0.995,0.495,2
0.537,0.064,3
0.541,0.034,3
0.941,0.575,1
0.526,0.054,3
0.116,0.777,0
0.382,0.704,0
0.228,0.409,0
0.94,0.579,1
0.448,0.756,0
0.057,0.839,0
0.436,0.089,3
0.228,0.485,0
0.461,0.781,0
0.039,0.796,0
0.433,0.776,0
0.267,0.501,0
1.038,0.597,4
0.399,0.707,0
0.456,0.073,3
0.459,0.71,0
0.491,0.696,0
0.366,0.47,0
0.425,0.757,0
0.485,0.097,3
0.429,0.078,3
0.505,0.064,3
0.066,0.741,0
1.033,0.59,4
0.161,0.509,0
0.098,0.804,0
0.444,0.662,0
0.362,0.667,0
0.377,0.816,0
0.419,0.685,0
0.315,0.458,0
0.311,0.489,0
0.476,0.108,3
0.195,0.521,0
0.069,0.812,0
0.108,0.773,0
0.554,0.081,3
0.217,0.492,0
0.246,0.498,0
0.561,0.013,3
1.009,0.468,2
0.226,0.532,0
0.446,0.689,0
0.088,0.809,0
0.51,0.677,0
0.088,0.744,0
0.232,0.525,0
0.967,0.535,1
0.552,0.069,3
0.075,0.779,0
0.907,0.523,1
0.966,0.527,1
0.115,0.804,0
0.105,0.789,0
0.063,0.769,0
0.981,0.599,4
0.141,0.776,0
1.015,0.503,2
0.448,0.796,0
0.091,0.78,0
0.542,0.083,3
0.38,0.796,0
0.12,0.748,0
0.459,0.724,0
0.977,0.492,2
0.342,0.527,0
0.028,0.778,0
0.409,0.714,0
0.943,0.502,1
1.002,0.58,4
0.532,0.097,3
0.494,0.042,3
0.293,0.384,0
0.41,0.739,0
0.059,0.858,0
0.943,0.502,1
0.049,0.845,0
0.048,0.759,0
0.414,0.825,0
0.527,0.056,3
0.393,0.73,0
0.951,0.472,2
0.962,0.513,1
0.245,0.506,0
1.028,0.565,4
0.358,0.552,0
0.504,0.084,3
0.466,0.75,0
0.301,0.489,0
0.068,0.702,0
0.445,0.747,0
0.089,0.754,0
0.467,0.013,3
0.359,0.688,0
0.286,0.547,0
0.305,0.533,0
0.145,0.819,0
0.965,0.548,1
0.242,0.416,0
0.942,0.549,1
0.363,0.51,0
0.41,0.727,0
0.449,0.667,0
0.066,0.775,0
0.163,0.54,0
0.956,0.55,1
0.28,0.474,0
0.413,0.713,0
0.397,0.723,0
0.518,0.066,3
0.199,0.468,0
0.27,0.493,0
0.483,0.737,0
0.051,0.832,0
0.049,0.716,0
0.135,0.814,0
0.312,0.466,0
0.501,0.051,3
0.414,0.713,0
0.108,0.835,0
0.557,0.067,3
0.515,0.717,0
0.475,0.761,0
0.501,0.071,3
0.096,0.871,0
0.561,0.049,3
0.442,0.74,0
0.449,0.036,3
0.125,0.751,0
0.5,0.089,3
0.957,0.533,1
0.494,0.057,3
0.254,0.508,0
0.503,0.733,0
0.058,0.679,0
0.358,0.484,0
0.597,0.021,3
0.237,0.47,0
0.473,0.073,3
0.468,0.063,3
0.105,0.786,0
0.952,0.522,1
0.508,0.046,3
1.013,0.481,2
0.048,0.781,0
0.242,0.51,0
0.526,0.065,3
0.421,0.765,0
0.234,0.579,0
0.114,0.809,0
0.53,0.17,3
0.122,0.777,0
0.453,0.037,3
0.472,0.81,0
0.092,0.802,0
0.499,0.061,3
0.286,0.584,0
0.433,0.068,3
0.303,0.479,0
0.405,0.736,0
0.477,0.762,0
0.499,0.06,3
0.067,0.825,0
0.092,0.776,0
0.957,0.458,2
0.523,0.634,0
0.089,0.715,0
1.019,0.572,4
0.428,0.784,0
0.401,0.055,3
1.024,0.53,2
0.107,0.769,0
0.5,0.084,3
0.126,0.825,0
0.307,0.497,0
0.587,0.123,3
0.286,0.5,0
0.253,0.466,0
0.29,0.522,0
0,0.82,0
0.41,0.096,3
0.923,0.528,1
0.05,0.826,0
0.049,0.805,0
0.56,0.11,3
0.144,0.716,0
0.539,0.047,3
0.452,0.745,0
0.513,0.173,3
0.486,0.688,0
0.221,0.437,0
0.473,0.102,3
0.443,0.728,0
0.919,0.595,1
0.251,0.519,0
0.48,0.063,3
0.552,0.099,3
0.564,0.153,3
0.471,0.064,3
0.969,0.529,1
0.498,0.08,3
0.258,0.489,0
0.127,0.82,0
0.314,0.471,0
0.427,0.731,0
0.413,0.691,0
0.454,0.057,3
0.206,0.533,0
0.407,0.038,3
0.502,0.138,3
0.244,0.535,0
0.3,0.558,0
0.439,0.09,3
0.485,0.057,3
0.488,0.775,0
0.498,0.022,3
0.528,0.024,3
0.412,0.764,0
0.02,0.746,0
0.975,0.506,2
0.972,0.46,2
0.483,0.125,3
0.478,0.057,3
0.284,0.532,0
0.457,0.082,3
0.435,0.017,3
0.494,0.023,3
0.899,0.509,1
1.004,0.568,4
0.527,0.079,3
0.29,0.521,0
0.352,0.503,0
0.489,0.717,0
0.108,0.741,0
0.418,0.725,0
0.956,0.544,1
0.923,0.521,1
0.429,0.069,3
0.475,0.06,3
0.262,0.502,0
0.071,0.767,0
0.943,0.489,1
0.894,0.597,1
0.344,0.493,0
0.462,0.68,0
0.102,0.801,0
0.461,0.657,0
0.043,0.839,0
0.983,0.516,2
0.323,0.528,0
0.489,0.118,3
0.409,0.699,0
0.582,0.057,3
0.521,0.037,3
0.485,0.037,3
0.525,0.039,3
0.47,0.054,3
0.059,0.717,0
0.238,0.504,0
0.286,0.531,0
1.067,0.571,4
0.926,0.523,1
0.046,0.788,0
0.233,0.502,0
1.036,0.557,4
0.299,0.476,0
0.099,0.801,0
0.083,0.755,0
0.928,0.525,1
0.483,0.709,0
0.463,0.168,3
0.187,0.438,0
0.495,0.724,0
0.117,0.771,0
0.538,0.061,3
0.431,0.754,0
0.512,0.073,3
0.282,0.54,0
0.261,0.506,0
0.305,0.513,0
0.049,0.749,0
0.977,0.458,2
0.23,0.527,0
0.323,0.781,0
0.268,0.537,0
0.303,0.497,0
0.26,0.409,0
0.484,0.063,3
0.961,0.573,4
0.481,0.167,3
0.248,0.491,0
0.568,0.099,3
0.987,0.553,4
1.056,0.577,4
0.317,0.414,0
0.577,0.119,3
1.001,0.563,4
0.525,0.727,0
0.518,0.016,3
0.129,0.425,0
0.233,0.542,0
0.454,0.667,0
0.273,0.535,0
0.476,0.087,3
0.409,0.758,0
0.294,0.511,0
0.512,0.753,0
0.942,0.568,1
0.503,0.075,3
0.024,0.768,0
0.062,0.729,0
1.011,0.557,4
0.405,0.677,0
0.407,0.701,0
1.02,0.609,4
0.49,0.102,3
0.244,0.583,0
0.516,0.066,3
0.931,0.488,1
0.195,0.459,0
0.409,0.681,0
0.41,0.027,3
0.086,0.819,0
0.536,0.083,3
0.497,0.065,3
0.035,0.76,0
0.981,0.559,4
0.078,0.796,0
0.295,0.567,0
0.41,0.734,0
0.377,0.677,0
0.243,0.54,0
0.005,0.741,0
0.305,0.475,0
0.09,0.8,0
1.135,0.57,4
0.514,0.114,3
0.213,0.461,0
0.936,0.543,1
0.038,0.799,0
0.271,0.482,0
0.514,0.738,0
0.968,0.452,2
0.361,0.541,0
0.06,0.742,0
0.528,0.066,3
0.489,0.128,3
0.524,0.106,3
0.528,0.001,3
1.003,0.504,2
0.499,0.061,3
0.417,0.686,0
0.465,0.69,0
0.402,0.751,0
0.105,0.722,0
1.008,0.444,2
0.519,0.109,3
0.412,0.66,0
1,0.512,2
0.495,0.073,3
0.986,0.511,2
0.935,0.578,1
0.933,0.479,1
0.477,0.757,0
0.485,0.076,3
0.517,0.115,3
0.071,0.845,0
0.148,0.842,0
0.263,0.527,0
0.263,0.46,0
0.539,0.038,3
0.544,0.04,3
0.982,0.558,4
0.488,0.727,0
0.222,0.507,0
0.44,0.058,3
0.028,0.732,0
0.09,0.833,0
0.201,0.506,0
0.477,0.084,3
0.378,0.671,0
0.227,0.567,0
0.509,0.09,3
0.444,0.778,0
0.961,0.522,1
1.013,0.519,2
0.497,0.787,0
0.099,0.809,0
0.047,0.877,0
0.074,0.762,0
0.082,0.721,0
0.436,0.09,3
0.506,0.066,3
0.945,0.557,1
0.209,0.542,0
0.048,0.712,0
0.085,0.816,0
0.916,0.6,1
1.004,0.594,4
0.497,0.691,0
0.217,0.463,0
0.912,0.545,1
0.437,0.731,0
1.018,0.548,4
0.519,0.094,3
0.283,0.523,0
0.509,0.075,3
0.937,0.503,1
0.087,0.852,0
0.43,0.698,0
0.268,0.448,0
0.464,0.755,0
0.421,0.755,0
0.093,0.83,0
0.271,0.434,0
0.52,0.048,3
0.071,0.767,0
0.478,0.108,3
0.51,0.738,0
0.427,0.092,3
0.395,0.793,0
0.455,0.048,3
0.263,0.499,0
1.007,0.627,4
0.422,0.723,0
0.96,0.513,1
1.061,0.529,2
0.113,0.793,0
0.417,0.673,0
0.28,0.463,0
0.452,0.71,0
0.434,0.682,0
0.292,0.512,0
0.289,0.523,0
0.929,0.54,1
0.44,0.628,0
0.448,0.688,0
0.073,0.828,0
0.472,0.734,0
1.03,0.447,2
0.282,0.545,0
0.289,0.556,0
0.139,0.763,0
0.075,0.826,0
0.428,0.765,0
0.105,0.694,0
0.108,0.711,0
0.09,0.758,0
0.475,0.07,3
0.257,0.508,0
0.465,0.697,0
0.577,0.058,3
0.097,0.751,0
0.949,0.529,1
0.51,0.726,0
1.011,0.533,2
0.264,0.537,0
0.006,0.738,0
0.144,0.722,0
0.598,0.068,3
0.189,0.478,0
0.432,0.058,3
0.234,0.468,0
0.199,0.545,0
0.473,0.02,3
0.299,0.545,0
0.458,0.758,0
0.492,0.128,3
0.428,0.698,0
0.449,0.759,0
0.946,0.569,1
0.01,0.762,0
0.493,0.707,0
0.529,0.069,3
1.032,0.582,4
0.448,0.749,0
0.443,0.687,0
0.448,0.105,3
0.506,0.708,0
0.525,0.089,3
0.385,0.764,0
0.504,0.066,3
0.054,0.778,0
0.951,0.496,1
0.477,0.698,0
0.424,0.765,0
0.264,0.534,0
0.466,0.8,0
0.519,0.052,3
0.478,0.082,3
0.987,0.535,2
0.109,0.759,0
0.494,0.716,0
0.267,0.522,0
0.975,0.544,4
0.503,0.071,3
0.019,0.797,0
1.01,0.52,2
0.489,0.781,0
0.505,0.093,3
1.006,0.586,4
0.08,0.842,0
0.566,0.127,3
0.281,0.464,0
0.377,0.677,0
0.549,0.063,3
0.461,0.063,3
1.019,0.542,4
0.253,0.484,0
0.423,0.732,0
0.079,0.797,0
0.325,0.51,0
0.202,0.516,0
0.419,0.744,0
0.411,0.71,0
0.266,0.533,0
0.074,0.828,0
0.963,0.51,1
1.029,0.509,2
0.935,0.584,1
0.205,0.427,0
0.448,0.742,0
0.056,0.791,0
0.061,0.764,0
1.025,0.526,2
0.429,0.687,0
0.278,0.515,0
0.033,0.74,0
0.295,0.473,0
1.004,0.58,4
0.435,0.793,0
0.461,0.734,0
0.463,0.179,3
0.133,0.795,0
0.064,0.787,0
0.928,0.546,1
0.459,0.018,3
0.078,0.737,0
0.529,0.069,3
0.289,0.502,0
0.437,0.769,0
0.475,0.137,3
0.291,0.527,0
0.107,0.775,0
0.493,0.046,3
0.901,0.555,1
0.498,0.132,3
0.499,0.68,0
0.284,0.512,0
0.915,0.58,1
0.102,0.767,0
0.913,0.559,1
0.17,0.442,0
0.575,0.078,3
0.465,0.787,0
0.078,0.789,0
0.488,0.779,0
0.504,0.081,3
0.471,0.747,0
0.12,0.796,0
1.058,0.51,2
0.421,0.695,0
0.502,0.012,3
0.25,0.458,0
0.522,0.033,3
0.25,0.525,0
0.036,0.845,0
0.505,0.134,3
0.456,0.703,0
0.501,0.03,3
0.436,0.68,0
0.111,0.774,0
0.411,0.73,0
0.357,0.481,0
0.453,0.645,0
0.477,0.721,0
0.423,0.789,0
0.448,0.601,0
0.477,0.064,3
0.265,0.459,0
0.442,0.753,0
0.457,0.102,3
0.225,0.499,0
0.544,0.14,3
0.086,0.796,0
0.527,0.699,0
0.46,0.058,3
0.972,0.505,2
0.981,0.584,4
0.442,0.651,0
1.024,0.556,4
0.094,0.821,0
0.944,0.518,1
0.244,0.572,0
0.163,0.508,0
0.982,0.514,2
0.967,0.547,1
0.954,0.513,1
0.529,0.104,3
0.508,0.036,3
0.95,0.451,2
0.446,0.742,0
0.109,0.75,0
0.407,0.756,0
0.173,0.844,0
0.983,0.576,4
0.235,0.454,0
0.488,0.049,3
0.108,0.768,0
0.217,0.475,0
0.105,0.816,0
0.439,0.73,0
0.512,0.073,3
1.097,0.578,4
0.476,0.031,3
0.956,0.502,1
0.45,0.112,3
0.047,0.768,0
0.476,0.059,3
1.018,0.526,2
0.492,0.065,3
0.527,0.125,3
0.38,0.768,0
0.465,0.714,0
0.977,0.563,4
0.141,0.764,0
0.423,0.699,0
0.008,0.73,0
0.101,0.843,0
0.339,0.514,0
0.09,0.765,0
0.499,0.79,0
0.972,0.533,1
0.067,0.854,0
0.474,0.795,0
0.898,0.44,1
0.445,0.719,0
0.451,0.071,3
0.977,0.536,2
0.308,0.494,0
0.96,0.466,2
0.436,0.779,0
0.533,0.037,3
0.302,0.554,0
0.27,0.545,0
0.206,0.53,0
0.28,0.469,0
0.431,0.707,0
0.44,0.045,3
0.274,0.466,0
0.38,0.711,0
0.527,0.706,0
0.375,0.538,0
0.501,0.619,0
0.958,0.514,1
0.997,0.546,4
0.438,0.733,0
0.532,0.076,3
0.486,0.736,0
0.271,0.499,0
0.107,0.791,0
0.494,0.128,3
0.412,0.727,0
0.977,0.539,4
0.083,0.776,0
0.261,0.427,0
0.503,0.099,3
0.099,0.759,0
0.258,0.543,0
0.207,0.485,0
0.413,0.738,0
0.488,0.042,3
0.575,0.09,3
0.195,0.496,0
1.03,0.527,2
0.508,0.111,3
0.299,0.433,0
0.452,0.756,0
0.06,0.795,0
0.315,0.56,0
0.029,0.744,0
0.038,0.81,0
1.038,0.597,4
0.411,0.748,0
0.537,0.102,3
0.522,0.07,3
0.454,0.659,0
0.476,0.094,3
0.946,0.534,1
0.514,0.073,3
0.444,0.677,0
0.039,0.806,0
0.973,0.543,1
0.065,0.72,0
0.531,0.137,3
0.976,0.48,2
0.03,0.79,0
0.956,0.602,4
1.055,0.608,4
0.066,0.767,0
0.308,0.558,0
0.1,0.853,0
0.49,0.052,3
0.246,0.487,0
0.328,0.511,0
0.282,0.538,0
0.986,0.496,2
0.24,0.546,0
0.979,0.561,4
0.041,0.825,0
0.303,0.48,0
0.532,0.677,0
0.46,0.764,0
0.286,0.44,0
0.296,0.555,0
0.471,0.117,3
0.215,0.539,0
1.092,0.46,2
0.093,0.786,0
0.253,0.536,0
0.005,0.84,0
0.025,0.791,0
0.946,0.543,1
0.254,0.575,0
0.39,0.632,0
0.051,0.775,0
0.082,0.786,0
0.299,0.581,0
0.495,0.095,3
0.515,0.086,3
0.982,0.518,2
0.023,0.831,0
0.438,0.15,3
0.41,0.737,0
0.51,0.776,0
0.998,0.575,4
0.527,0.123,3
0.097,0.825,0
0.264,0.479,0
0.234,0.377,0
0.283,0.508,0
0.467,0.685,0
1.008,0.472,2
0.141,0.797,0
0.064,0.799,0
0.023,0.744,0
0.446,0.059,3
0.257,0.506,0
0.1,0.716,0
0.052,0.726,0
0.475,0.077,3
0.458,0.737,0
0.294,0.543,0
0.173,0.778,0
0.454,0.124,3
0.137,0.734,0
0.092,0.723,0
0.483,0.68,0
0.408,0.049,3
0.089,0.802,0
0.415,0.698,0
0.452,0.075,3
0.986,0.526,2
1.042,0.544,4
0.232,0.451,0
0.911,0.588,1
0.049,0.782,0
0.315,0.483,0
0.404,0.638,0
0.092,0.714,0
0.265,0.54,0
1.043,0.514,2
0.123,0.771,0
0.233,0.482,0
0.369,0.722,0
0.444,0.076,3
0.007,0.787,0
0.534,0.021,3
0.418,0.773,0
0.026,0.757,0
0.043,0.752,0
0.408,0.728,0
0.92,0.582,1
0.4,0.729,0
0.323,0.766,0
0.294,0.526,0
0.894,0.563,1
0.526,0.054,3
0.391,0.7,0
0.929,0.517,1
0.245,0.417,0
0.425,0.751,0
0.064,0.849,0
0.977,0.527,2
0.471,0.075,3
0.03,0.855,0
0.434,0.714,0
0.521,0.094,3
0.3,0.527,0
0.465,0.063,3
0.265,0.448,0
0.451,0.725,0
0.24,0.45,0
0.235,0.539,0
0.437,0.818,0
0.044,0.788,0
0.088,0.765,0
0.99,0.568,4
0.185,0.479,0
0.539,0.085,3
0.508,0.074,3
1.028,0.55,4
0.28,0.513,0
0.971,0.564,4
0.441,0.689,0
0.482,0.702,0
0.462,0.686,0
0.394,0.759,0
0.436,0.117,3
0.268,0.503,0
0.293,0.502,0
0.13,0.719,0
0.881,0.512,1
0.279,0.508,0
0.398,0.701,0
0.398,0.669,0
0.208,0.504,0
0.448,0.076,3
0.398,0.742,0
0.317,0.505,0
0.512,0.014,3
1.001,0.564,4
0.972,0.514,2
0.52,0.023,3
0.335,0.565,0
0.506,0.068,3
0.116,0.76,0
0.455,0.099,3
0.029,0.807,0
0.484,0.673,0
0.076,0.794,0
0.505,0.724,0
0.09,0.796,0
0.562,0.051,3
0.468,0.088,3
0.533,0.061,3
0.964,0.539,1
0.273,0.477,0
0.306,0.482,0
0.096,0.779,0
0.484,0.772,0
0.997,0.573,4
0.472,0.743,0
0.372,0.641,0
0.273,0.484,0
0.972,0.582,4
0.346,0.477,0
0.449,0.714,0
0.021,0.753,0
0.528,0.707,0
0.998,0.518,2
0.474,0.767,0
0.925,0.547,1
0.312,0.481,0
0.534,0.068,3
0.547,0.053,3
0.923,0.556,1
0.399,0.747,0
0.957,0.535,1
0.515,0.07,3
0.5,0.131,3
0.919,0.501,1
0.99,0.539,4
0.972,0.541,1
0.088,0.761,0
0.117,0.851,0
0.335,0.557,0
0.082,0.768,0
0.981,0.482,2
0.446,0.113,3
0.457,0.7,0
0.269,0.55,0
0.995,0.597,4
1.06,0.472,2
0.259,0.558,0
0.484,0.05,3
0.537,0.074,3
0.43,0.724,0
0.018,0.766,0
0.461,0.696,0
0.474,0.027,3
0.965,0.534,1
0.449,0.066,3
0.041,0.753,0
0.343,0.502,0
0.431,0.74,0
1.039,0.509,2
0.094,0.822,0
0.05,0.78,0
0.49,0.756,0
0.504,0.109,3
0.935,0.511,1
0.097,0.785,0
0.265,0.452,0
0.061,0.759,0
0.24,0.466,0
0.992,0.511,2
0.484,0.02,3
0.284,0.471,0
0.539,0.041,3
0.431,0.759,0
0.132,0.821,0
1.043,0.467,2
0.964,0.574,4
0.088,0.769,0
0.269,0.525,0
0.464,0.138,3
0.051,0.768,0
0.504,0.01,3
0.453,0.197,3
0.427,0.765,0
0.533,0.026,3
0.492,0.765,0
0.27,0.535,0
0.509,0.112,3
0.47,0.013,3
0.204,0.48,0
0.21,0.535,0
0.992,0.543,4
0.967,0.539,1
0.402,0.761,0
0.271,0.563,0
0.489,0.086,3
0.121,0.708,0
0.045,0.779,0
0.964,0.482,2
0.451,0.184,3
0.934,0.592,1
0.228,0.467,0
0.435,0.104,3
0.28,0.447,0
0.495,0.126,3
0.959,0.568,4
0.323,0.758,0
0.279,0.51,0
0.413,0.739,0
0.198,0.504,0
0.492,0.076,3
0.449,0.654,0
0.268,0.534,0
0.321,0.423,0
0.379,0.724,0
0.075,0.792,0
0.26,0.48,0
0.366,0.75,0
0.297,0.45,0
0.501,0.031,3
0.457,0.076,3
0.262,0.537,0
0.014,0.782,0
0.1,0.747,0
0.088,0.796,0
0.391,0.666,0
0.499,0.177,3
0.586,0.071,3
0.978,0.6,4
0.454,0.722,0
0.504,0.662,0
0.981,0.558,4
0.461,0.717,0
0.439,0.13,3
0.092,0.875,0
0.283,0.46,0
0.137,0.815,0
0.098,0.762,0
0.447,0.651,0
0.443,0.068,3
0.449,0.09,3
0.244,0.44,0
0.981,0.498,2
0.901,0.548,1
0.445,0.783,0
0.524,0.069,3
0.996,0.557,4
0.454,0.127,3
0.322,0.471,0
0.269,0.534,0
0.935,0.556,1
0.948,0.503,1
0.302,0.506,0
0.308,0.442,0
0.943,0.537,1
0.331,0.418,0
0.983,0.527,2
0.443,0.619,0
0.571,0.041,3
0.4,0.043,3
0.264,0.499,0
0.118,0.796,0
0.371,0.729,0
0.453,0.738,0
0.409,0.76,0
0.537,0.07,3
0.113,0.753,0
0.453,0.775,0
0.474,0.743,0
1.041,0.503,2
1.061,0.534,2
0.468,0.108,3
0.095,0.766,0
0.425,0.739,0
0.076,0.789,0
0.493,0.787,0
0.999,0.549,4
0.323,0.472,0
0.503,0.093,3
0.07,0.784,0
0.456,0.086,3
0.524,0.013,3
0.228,0.542,0
0.551,0.009,3
0.441,0.026,3
0.449,0.071,3
0.266,0.56,0
0.013,0.776,0
0.066,0.808,0
0.246,0.518,0
0.46,0.728,0
0.428,0.723,0
0.049,0.764,0
0.539,0.053,3
0.548,0.067,3
0.033,0.835,0
0.318,0.504,0
0.525,0.02,3
0.393,0.678,0
0.943,0.559,1
0.553,0.133,3
0.976,0.511,2
0.328,0.485,0
0.523,0.007,3
0.441,0.657,0
0.514,0.13,3
0.501,0.044,3
0.048,0.775,0
0.142,0.836,0
0.535,0.105,3
1.033,0.447,2
0.578,0.123,3
0.025,0.821,0
0.484,0.135,3
0.951,0.621,4
0.953,0.572,1
0.977,0.54,4
0.558,0.009,3
0.245,0.556,0
0.256,0.495,0
0.917,0.51,1
0.131,0.874,0
0.089,0.77,0
0.08,0.718,0
0.089,0.79,0
0.105,0.719,0
0.96,0.458,2
0.4,0.675,0
0.021,0.742,0
0.285,0.537,0
0.228,0.428,0
0.373,0.745,0
0.537,0.082,3
0.958,0.51,1
0.006,0.813,0
0.22,0.464,0
0.523,0.768,0
0.058,0.728,0
0.471,0.698,0
0.113,0.781,0
0.085,0.77,0
0.059,0.799,0
0.29,0.483,0
0.542,0.083,3
0.262,0.519,0
0.434,0.75,0
0.286,0.42,0
0.469,0.151,3
1.018,0.536,2
0.433,0.721,0
0.974,0.574,4
0.979,0.489,2
0.941,0.558,1
0.027,0.818,0
0.437,0.737,0
0.114,0.824,0
1,0.544,4
0.983,0.595,4
0.244,0.474,0
0.519,0.029,3
0.432,0.714,0
0.224,0.449,0
0.559,0.072,3
0.261,0.487,0
1.056,0.544,4
0.102,0.74,0
0.455,0.68,0
0.076,0.763,0
0.483,0.766,0
0.457,0.732,0
0.114,0.756,0
0.107,0.733,0
0.575,0.05,3
0.015,0.797,0
0.462,0.774,0
0.874,0.486,1
0.062,0.798,0
0.058,0.782,0
0.222,0.534,0
0.544,0.088,3
0.278,0.515,0
1.004,0.479,2
0.234,0.518,0
0.002,0.744,0
0.029,0.804,0
0.312,0.508,0
0.102,0.824,0
0.239,0.498,0
0.552,0.103,3
0.296,0.523,0
1.038,0.518,2
1.014,0.609,4
0.521,0.086,3
0.098,0.843,0
0.078,0.845,0
0.532,0.051,3
0.453,0.721,0
0.24,0.48,0
0.372,0.652,0
0.272,0.566,0
0.465,0.069,3
0.358,0.474,0
0.267,0.506,0
0.505,0.682,0
0.465,0.722,0
0.479,0.175,3
0.96,0.459,2
0.946,0.542,1
0.512,0.735,0
0.448,0.716,0
0.097,0.745,0
0.082,0.794,0
0.415,0.022,3
0.377,0.717,0
0.057,0.727,0
1.018,0.568,4
0.009,0.743,0
0.375,0.724,0
0.382,0.77,0
0.939,0.548,1
0.521,0.117,3
0.489,0.733,0
0.426,0.711,0
0.268,0.478,0
0.418,0.728,0
0.929,0.496,1
0.451,0.72,0
0.42,0.787,0
0.099,0.778,0
1.007,0.604,4
0.267,0.552,0
1.022,0.551,4
0.461,0.691,0
0.499,0.051,3
0.51,0.047,3
0.412,0.709,0
0.439,0.715,0
0.935,0.541,1
0.929,0.575,1
0.289,0.465,0
0.283,0.502,0
1.002,0.519,2
0.921,0.489,1
0.059,0.741,0
0.975,0.571,4
0.007,0.795,0
0.967,0.594,4
0.489,0.043,3
0.878,0.587,1
0.419,0.657,0
0.518,0.725,0
0.314,0.455,0
0.02,0.753,0
0.27,0.469,0
0.32,0.516,0
0.393,0.749,0
1.012,0.535,2
0.057,0.838,0
0.483,0.061,3
0.291,0.54,0
0.434,0.703,0
0.528,0.726,0
0.262,0.473,0
0.414,0.709,0
0.928,0.606,1
0.481,0.038,3
0.96,0.442,2
0.477,0.035,3
0.286,0.519,0
0.442,0.679,0
0.407,0.702,0
0.97,0.656,4
0.28,0.536,0
0.983,0.506,2
0.393,0.732,0
0.139,0.804,0
0.979,0.554,4
0.482,0.709,0
0.52,0.021,3
0.521,0.029,3
0.389,0.776,0
1.016,0.521,2
0.373,0.723,0
1.041,0.587,4
0.486,0.12,3
0.243,0.447,0
0.996,0.555,4
1.017,0.52,2
0.47,0.088,3
0.014,0.853,0
0.982,0.544,4
1.031,0.564,4
0.114,0.748,0
0.3,0.538,0
1.01,0.545,4
1.06,0.555,4
0.276,0.528,0
0.929,0.519,1
1,0.542,4
0.446,0.724,0
0.431,0.703,0
0.26,0.461,0
0.372,0.705,0
0.257,0.523,0
1.012,0.552,4
0.546,0.085,3
0.991,0.57,4
1.059,0.53,2
1.022,0.538,2
0.927,0.582,1
0.484,0.087,3
0.094,0.798,0
0.953,0.513,1
0.485,0.057,3
0.978,0.598,4
0.102,0.794,0
0.957,0.539,1
0.42,0.715,0
0.971,0.636,4
0.265,0.551,0
0.449,0.664,0
0.959,0.536,1
0.246,0.527,0
0.413,0.74,0
0.123,0.741,0
0.013,0.78,0
0.441,0.104,3
0.084,0.757,0
0.317,0.468,0
0.419,0.713,0
0.332,0.537,0
1.004,0.493,2
0.935,0.541,1
0.434,0.703,0
0.417,0.689,0
0.068,0.792,0
0.369,0.746,0
0.547,0.044,3
0.47,0.121,3
0.411,0.746,0
0.985,0.519,2
0.145,0.866,0
0.039,0.765,0
0.399,0.739,0
0.435,0.715,0
0.298,0.506,0
0.958,0.564,1
0.053,0.803,0
0.541,0.055,3
0.509,0.083,3
0.249,0.501,0
0.459,0.702,0
0.954,0.58,4
0.446,0.798,0
0.097,0.798,0
0.401,0.679,0
0.457,0.105,3
0.995,0.58,4
0.98,0.539,4
0.435,0.721,0
0.119,0.843,0
0.467,0.046,3
0.999,0.555,4
0.969,0.534,1
0.347,0.48,0
0.998,0.595,4
0.243,0.457,0
0.345,0.682,0
0.079,0.783,0
0.435,0.064,3
0.589,0.039,3
0.939,0.548,1
0.974,0.563,4
0.982,0.526,2
0.324,0.506,0
0.089,0.775,0
0.225,0.483,0
0.446,0.749,0
0.988,0.458,2
0.091,0.763,0
0.161,0.75,0
0.454,0.702,0
0.026,0.747,0
0.454,0.681,0
0.298,0.413,0
0.467,0.095,3
0.52,0.011,3
0.507,0.745,0
0.275,0.528,0
0.53,0.077,3
0.271,0.538,0
0.077,0.732,0
0.415,0.753,0
0.491,0.096,3
0.308,0.48,0
0.089,0.794,0
0.401,0.704,0
0.322,0.515,0
0.124,0.77,0
0.105,0.781,0
0.268,0.411,0
0.942,0.579,1
0.258,0.524,0
0.448,0.666,0
0.497,0.754,0
0.943,0.52,1
0.512,0.072,3
0.104,0.865,0
0.239,0.49,0
0.481,0.074,3
0.063,0.731,0
1.042,0.493,2
0.077,0.807,0
0.106,0.773,0
0.424,0.717,0
0.26,0.559,0
0.078,0.751,0
0.299,0.447,0
0.387,0.663,0
0.501,0.728,0
0.298,0.45,0
0.393,0.727,0
0.533,0.093,3
0.085,0.789,0
0.987,0.572,4
0.485,0.067,3
0.42,0.01,3
0.554,0.055,3
0.369,0.755,0
0.04,0.815,0
0.98,0.55,4
0.1,0.682,0
0.313,0.478,0
0.538,0.138,3
0.416,0.708,0
0.445,0.025,3
0.268,0.491,0
0.086,0.786,0
0.429,0.683,0
0.438,0.684,0
0.022,0.788,0
0.519,0.027,3
0.467,0.146,3
0.394,0.729,0
0.588,0.035,3
0.444,0.768,0
0.095,0.814,0
0.991,0.505,2
0.458,0.742,0
0.464,0.025,3
0.131,0.731,0
0.481,0.052,3
0.292,0.457,0
0.969,0.491,2
0.465,0.705,0
0.423,0.016,3
0.502,0.04,3
0.925,0.468,1
0.5,0.08,3
1.063,0.539,2
1.057,0.555,4
0.065,0.731,0
0.537,0.003,3
0.073,0.733,0
0.231,0.523,0
0.429,0.106,3
0.234,0.533,0
0.215,0.522,0
0.316,0.422,0
0.953,0.462,2
0.135,0.764,0
0.222,0.537,0
0.116,0.81,0
0.989,0.564,4
0.409,0.69,0
0.226,0.5,0
0.422,0.682,0
0.998,0.596,4
0.996,0.549,4
0.265,0.454,0
0.07,0.795,0
0.013,0.752,0
0.127,0.792,0
0.437,0.703,0
0.252,0.51,0
0.204,0.551,0
0.944,0.547,1
0.371,0.503,0
0.97,0.56,4
0.269,0.512,0
0.319,0.451,0
0.259,0.509,0
0.351,0.679,0
0.276,0.425,0
0.281,0.59,0
0.234,0.548,0
0.987,0.638,4
1.005,0.555,4
0.484,0.061,3
0.266,0.501,0
0.965,0.573,4
0.27,0.425,0
0.508,0.054,3
0.428,0.723,0
0.443,0.726,0
0.234,0.506,0
0.955,0.562,1
0.067,0.791,0
0.974,0.57,4
0.3,0.494,0
0.987,0.565,4
0.465,0.717,0
1.002,0.491,2
0.499,0.076,3
0.987,0.55,4
0.936,0.516,1
0.531,0.124,3
0.467,0.016,3
0.037,0.781,0
0.969,0.544,1
0.523,0.04,3
0.22,0.556,0
0.295,0.486,0
0.499,0.082,3
0.421,0.693,0
1.008,0.516,2
0.29,0.462,0
0.073,0.721,0
0.105,0.797,0
0.5,0.724,0
1.029,0.48,2
0.076,0.803,0
0.08,0.73,0
0.293,0.468,0
0.282,0.472,0
0.242,0.485,0
0.544,0.071,3
0.946,0.588,4
0.926,0.57,1
0.436,0.67,0
0.502,0.131,3
0.459,0.802,0
0.092,0.8,0
0.548,0.141,3
0.495,0.049,3
0.928,0.49,1
0.283,0.432,0
0.542,0.024,3
0.282,0.46,0
0.069,0.731,0
0.476,0.771,0
0.424,0.542,0
0.544,0.1,3
0.567,0.034,3
0.941,0.551,1
0.025,0.833,0
0.124,0.811,0
0.253,0.495,0
0.395,0.786,0
0.42,0.732,0
0.47,0.154,3
1.027,0.55,4
0.315,0.47,0
0.946,0.557,1
0.963,0.571,4
0.978,0.573,4
0.025,0.721,0
0.492,0.015,3
0.41,0.059,3
0.526,0.141,3
0.436,0.722,0
0.216,0.46,0
0.914,0.498,1
1.042,0.562,4
0.936,0.518,1
0.038,0.728,0
0.978,0.59,4
0.199,0.492,0
0.914,0.545,1
0.105,0.838,0
0.06,0.853,0
0.462,0.045,3
0.404,0.697,0
1.038,0.543,4
0.266,0.563,0
0.231,0.559,0
0.08,0.872,0
0.304,0.562,0
0.993,0.54,4
0.483,0.753,0
0.056,0.855,0
0.421,0.122,3
0.996,0.545,4
0.501,0.097,3
0.971,0.533,1
0.975,0.568,4
0.289,0.419,0
0.488,0.049,3
0.226,0.528,0
1.05,0.62,4
0.492,0.026,3
0.526,0.034,3
0.466,0.724,0
0.33,0.533,0
0.243,0.531,0
0.135,0.74,0
0.116,0.767,0
0.043,0.778,0
0.379,0.107,3
0.535,0.077,3
0.968,0.59,4
0.373,0.703,0
0.297,0.533,0
0.974,0.425,2
0.507,0.101,3
0.301,0.482,0
0.065,0.772,0
0.484,0.044,3
0.076,0.745,0
0.437,0.71,0
0.101,0.718,0
0.434,0.736,0
0.206,0.483,0
0.087,0.767,0
0.213,0.531,0
0.221,0.441,0
0.544,0.122,3
0.411,0.682,0
0.978,0.515,2
0.423,0.679,0
0.983,0.53,2
0.482,0.689,0
0.973,0.528,2
0.431,0.679,0
0.531,0.057,3
0.443,0.055,3
0.52,0.751,0
0.44,0.726,0
0.012,0.876,0
0.296,0.485,0
0.474,0.092,3
1.032,0.499,2
0.255,0.405,0
0.909,0.546,1
0.496,0.115,3
0.409,0.693,0
0.08,0.723,0
0.991,0.512,2
0.325,0.525,0
0.557,0.051,3
0.497,0.101,3
0.23,0.537,0
0.269,0.494,0
0.498,0.042,3
0.079,0.73,0
0.478,0.043,3
0.05,0.779,0
0.39,0.718,0
0.541,0.131,3
0.42,0.124,3
0.546,0.015,3
0.301,0.468,0
0.468,0.762,0
0.996,0.427,2
1.017,0.527,2
0.947,0.527,1
0.08,0.759,0
1.035,0.542,2
0.101,0.782,0
0.41,0.746,0
0.427,0.695,0
0.977,0.521,2
0.531,0.104,3
0.92,0.562,1
0.233,0.511,0
0.585,0.071,3
0.129,0.823,0
0.119,0.842,0
0.983,0.564,4
0.271,0.497,0
0.417,0.663,0
0.521,0.77,0
0.484,0.047,3
0.916,0.614,1
0.959,0.584,4
0.965,0.542,1
0.942,0.563,1
0.433,0.738,0
0.125,0.866,0
0.037,0.746,0
0.275,0.484,0
0.337,0.475,0
0.289,0.539,0
0.459,0.092,3
0.241,0.557,0
0.509,0.096,3
0.045,0.795,0
0.506,0.105,3
1.051,0.526,2
0.356,0.787,0
0.461,0.095,3
0.525,0.058,3
0.498,0.737,0
0.271,0.484,0
0.449,0.764,0
0.245,0.506,0
0.413,0.69,0
0.535,0.082,3
0.313,0.558,0
0.274,0.486,0
0.251,0.446,0
0.99,0.584,4
0.39,0.664,0
0.098,0.799,0
0.253,0.528,0
0.501,0.036,3
0.334,0.468,0
0.106,0.845,0
0.104,0.756,0
0.551,0.123,3
0.979,0.493,2
0.424,0.699,0
0.49,0.032,3
0.973,0.589,4
1.012,0.591,4
0.958,0.528,1
0.43,0.738,0
0.211,0.472,0
0.974,0.548,4
0.958,0.508,1
1.018,0.551,4
0.361,0.693,0
1.014,0.503,2
0.974,0.618,4
0.484,0.129,3
0.404,0.507,0
0.468,0.723,0
0.461,0.159,3
0.454,0.102,3
0.518,0.054,3
0.377,0.763,0
1.01,0.583,4
0.987,0.567,4
0.06,0.786,0
0.185,0.823,0
0.477,0.79,0
0.241,0.511,0
0.96,0.503,1
0.539,0.084,3
0.05,0.788,0
0.117,0.766,0
0.945,0.513,1
0.528,0.139,3
0.47,0.688,0
0.056,0.72,0
0.067,0.808,0
0.092,0.752,0
0.554,0.025,3
0.946,0.508,1
0.206,0.574,0
0.494,0.082,3
0.534,0.108,3
0.463,0.688,0
0.551,0.033,3
0.069,0.815,0
0.273,0.47,0
0.087,0.867,0
0.095,0.805,0
0.567,0.051,3
1.021,0.549,4
0.891,0.564,1
0.079,0.811,0
0.149,0.729,0
1.04,0.538,2
0.02,0.806,0
0.501,0.075,3
1.014,0.468,2
0.981,0.508,2
0.204,0.522,0
0.304,0.482,0
0.361,0.428,0
0.431,0.682,0
0.942,0.508,1
0.343,0.714,0
0.103,0.776,0
0.898,0.505,1
0.033,0.798,0
1.01,0.644,4
1.007,0.512,2
0.425,0.778,0
1.001,0.483,2
0.242,0.494,0
0.068,0.756,0
0.451,0.79,0
0.97,0.496,2
0.264,0.483,0
0.045,0.77,0
0.254,0.559,0
0.47,0.056,3
0.411,0.679,0
0.443,0.824,0
0.527,0.012,3
0.242,0.51,0
0.119,0.816,0
0.482,0.768,0
0.486,0.006,3
0.488,0.733,0
0.084,0.771,0
0.427,0.755,0
0.34,0.541,0
0.479,0.06,3
0.487,0.057,3
0.264,0.538,0
0.176,0.585,0
0.525,0.11,3
0.071,0.787,0
0.325,0.53,0
0.55,0.123,3
0.986,0.503,2
0.932,0.574,1
0.356,0.531,0
0.985,0.507,2
0.445,0.708,0
0.492,0.742,0
0.532,0.037,3
0.466,0.824,0
0.436,0.731,0
0.322,0.519,0
0.233,0.517,0
0.909,0.553,1
0.487,0.146,3
0.044,0.737,0
0.942,0.544,1
1.026,0.597,4
0.959,0.563,1
0.256,0.477,0
0.231,0.519,0
0.46,0.108,3
0.929,0.501,1
0.48,0.1,3
0.276,0.503,0
0.201,0.524,0
0.523,0.062,3
0.509,0.103,3
1.004,0.528,2
0.951,0.555,1
0.101,0.82,0
0.326,0.713,0
0.02,0.72,0
0.093,0.774,0
1.009,0.6,4
0.295,0.555,0
0.433,0.699,0
0.276,0.491,0
1.039,0.559,4
0.403,0.048,3
0.51,0.011,3
0.214,0.487,0
0.49,0.049,3
0.076,0.779,0
0.929,0.501,1
0.527,0.087,3
0.899,0.525,1
0.076,0.757,0
0.31,0.49,0
0.355,0.804,0
0.226,0.57,0
0.503,0.035,3
0.098,0.765,0
0.986,0.58,4
0.069,0.786,0
0.466,0.081,3
0.467,0.084,3
0.31,0.481,0
0.98,0.563,4
0.223,0.476,0
0.561,0.036,3
0.08,0.762,0
0.995,0.489,2
0.243,0.466,0
0.101,0.754,0
0.998,0.535,2
0.476,0.723,0
0.495,0.066,3
0.104,0.859,0
0.458,0.746,0
0.41,0.68,0
0.108,0.749,0
1.008,0.541,4
0.388,0.784,0
0.507,0.082,3
0.991,0.471,2
0.982,0.563,4
0.089,0.743,0
0.093,0.81,0
0.277,0.519,0
0.052,0.772,0
0.101,0.821,0
1.027,0.521,2
0.489,0.005,3
0.975,0.554,4
0.519,0.104,3
1.049,0.506,2
0.141,0.837,0
0.327,0.489,0
0.488,0.064,3
0.546,0.065,3
0.32,0.471,0
0.492,0.125,3
0.281,0.458,0
1.052,0.55,4
0.521,0.11,3
0.292,0.487,0
0.528,0.092,3
0.929,0.484,1
0.936,0.572,1
0.353,0.66,0
1.011,0.484,2
0.246,0.552,0
1.048,0.529,2
0.926,0.558,1
0.028,0.845,0
0.474,0.76,0
0.893,0.494,1
0.964,0.581,4
0.087,0.692,0
0.079,0.729,0
0.424,0.687,0
0.904,0.558,1
0.323,0.419,0
0.269,0.505,0
0.466,0.027,3
0.232,0.488,0
0.473,0.034,3
0.119,0.774,0
0.037,0.73,0
0.035,0.737,0
0.415,0.746,0
0.478,0.123,3
0.159,0.769,0
0.529,0.037,3
0.936,0.512,1
0.995,0.578,4
0.399,0.798,0
0.517,0.03,3
1.011,0.498,2
0.56,0.034,3
0.445,0.045,3
0.473,0.745,0
1.029,0.542,4
0.198,0.497,0
0.48,0.73,0
0.516,0.054,3
0.464,0.807,0
0.269,0.54,0
0.43,0.688,0
0.496,0.741,0
0.434,0.741,0
0.5,0.065,3
0.112,0.823,0
0.314,0.501,0
0.02,0.777,0
0.399,0.721,0
0.959,0.58,4
0.46,0.702,0
0.407,0.773,0
0.952,0.416,2
0.221,0.431,0
0.282,0.513,0
0.451,0.001,3
0.922,0.497,1
0.023,0.794,0
0.496,0.05,3
0.122,0.823,0
0.033,0.792,0
0.437,0.68,0
0.334,0.474,0
0.001,0.794,0
0.41,0.634,0
0.538,0.73,0
0.055,0.897,0
0.239,0.502,0
0.02,0.744,0
0.412,0.817,0
0.056,0.764,0
0.386,0.701,0
0.534,0.087,3
0.059,0.805,0
0.492,0.003,3
0.226,0.528,0
0.257,0.492,0
0.087,0.76,0
0.03,0.84,0
0.02,0.786,0
0.513,0.109,3
0.207,0.5,0
0.989,0.482,2
0.088,0.799,0
1.053,0.556,4
0.512,0.099,3
0.408,0.658,0
0.07,0.768,0
0.531,0.082,3
0.473,0.759,0
0.486,0.088,3
0.029,0.819,0
0.478,0.035,3
0.97,0.466,2
0.345,0.524,0
0.092,0.738,0
0.537,0.049,3
0.526,0.749,0
0.437,0.81,0
0.436,0.822,0
0.416,0.766,0
0.237,0.49,0
0.087,0.766,0
1.008,0.535,2
0.469,0.154,3
1.044,0.633,4
0.441,0.676,0
0.476,0.691,0
0.459,0.038,3
0.513,0.714,0
0.489,0.122,3
0.178,0.428,0
0.447,0.75,0
0.963,0.5,2
0.51,0.078,3
0.512,0.09,3
0.101,0.783,0
0.961,0.495,2
0.038,0.797,0
0.504,0.056,3
0.371,0.698,0
0.022,0.833,0
0.48,0.029,3
0.487,0.738,0
0.053,0.787,0
0.515,0.083,3
0.337,0.484,0
0.974,0.504,2
0.946,0.547,1
0.452,0.729,0
0.452,0.089,3
0.412,0.757,0
0.51,0.034,3
0.467,0.055,3
0.988,0.514,2
0.454,0.781,0
0.079,0.793,0
0.282,0.486,0
0.197,0.55,0
0.98,0.493,2
0.427,0.791,0
0.255,0.505,0
0.216,0.475,0
0.396,0.72,0
0.382,0.514,0
0.073,0.758,0
0.279,0.605,0
0.488,0.095,3
0.463,0.707,0
0.522,0.053,3
0.099,0.783,0
1.013,0.489,2
0.1,0.782,0
0.222,0.457,0
0.96,0.477,2
0.271,0.432,0
0.509,0.034,3
0.083,0.803,0
0.568,0.079,3
0.432,0.693,0
0.064,0.853,0
0.282,0.479,0
0.998,0.521,2
0.547,0.039,3
0.354,0.735,0
0.438,0.687,0
0.988,0.548,4
0.993,0.535,2
0.284,0.426,0
0.472,0.094,3
1.057,0.545,4
0.21,0.538,0
0.436,0.716,0
0.083,0.684,0
0.944,0.493,1
0.028,0.753,0
0.083,0.873,0
0.333,0.516,0
0.482,0.061,3
0.09,0.845,0
0.927,0.498,1
0.283,0.481,0
0.174,0.553,0
0.96,0.504,1
0.992,0.584,4
0.986,0.484,2
0.501,0.807,0
0.947,0.542,1
1.005,0.62,4
0.278,0.451,0
0.475,0.082,3
0.99,0.572,4
0.999,0.541,4
0.947,0.517,1
0.979,0.561,4
0.056,0.805,0
0.445,0.01,3
0.476,0.059,3
0.981,0.547,4
0.981,0.514,2
0.028,0.799,0
0.313,0.47,0
0.448,0.049,3
1.005,0.538,2
0.452,0.716,0
0.212,0.508,0
0.498,0.021,3
0.431,0.699,0
0.967,0.513,2
0.303,0.482,0
1.004,0.57,4
0.396,0.781,0
0.286,0.597,0
0.438,0.665,0
0.087,0.778,0
0.055,0.808,0
1.013,0.542,4
0.98,0.594,4
1.044,0.556,4
0.441,0.723,0
0.99,0.618,4
0.093,0.81,0
0.394,0.756,0
0.251,0.509,0
0.219,0.475,0
0.5,0.096,3
0.421,0.664,0
0.294,0.571,0
1.006,0.56,4
0.506,0.698,0
0.404,0.738,0
0.431,0.683,0
0.127,0.761,0
0.433,0.743,0
0.068,0.777,0
0.458,0.798,0
0.392,0.783,0
0.3,0.446,0
0.282,0.566,0
0.27,0.508,0
0.449,0.111,3
1.017,0.555,4
0.557,0.027,3
0.082,0.816,0
0.529,0.117,3
0.453,0.679,0
0.265,0.577,0
0.496,0.049,3
0.002,0.839,0
0.527,0.063,3
0.411,0.736,0
0.102,0.767,0
0.532,0.054,3
0.11,0.8,0
0.408,0.047,3
0.164,0.747,0
0.107,0.749,0
0.066,0.815,0
0.058,0.682,0
0.994,0.541,4
0.955,0.548,1
0.043,0.845,0
0.483,0.14,3
0.54,0.004,3
0.296,0.499,0
0.938,0.563,1
0.289,0.488,0
0.96,0.537,1
0.321,0.515,0
0.023,0.828,0
0.105,0.721,0
0.067,0.798,0
0.498,0.089,3
0.97,0.528,1
0.081,0.78,0
0.111,0.788,0
0.99,0.577,4
0.066,0.776,0
0.378,0.492,0
1.018,0.562,4
0.977,0.457,2
0.238,0.548,0
0.431,0.118,3
0.425,0.736,0
0.335,0.536,0
0.456,0.736,0
0.506,0.034,3
0.415,0.778,0
0.253,0.466,0
0.435,0.798,0
0.968,0.603,4
0.342,0.538,0
0.512,0.083,3
0.188,0.592,0
0.511,0.077,3
1.013,0.58,4
0.99,0.54,4
0.393,0.07,3
0.467,0.749,0
0.495,0.749,0
0.328,0.503,0
0.467,0.073,3
0.083,0.725,0
0.366,0.739,0
0.994,0.499,2
0.224,0.457,0
0.977,0.517,2
0.061,0.736,0
0.021,0.781,0
0.93,0.526,1
1.01,0.513,2
0.309,0.423,0
0.962,0.569,4
0.295,0.488,0
0.127,0.774,0
0.981,0.522,2
0.564,0.06,3
0.239,0.401,0
1.019,0.475,2
0.184,0.545,0
0.493,0.03,3
0.311,0.462,0
0.331,0.549,0
0.088,0.806,0
0.217,0.544,0
0.034,0.757,0
0.519,0.117,3
0.231,0.561,0
0.354,0.563,0
0.09,0.791,0
0.026,0.77,0
0.478,0.092,3
0.971,0.564,4
1.026,0.536,2
1.066,0.561,4
0.419,0.103,3
0.379,0.745,0
1.003,0.551,4
0.962,0.569,4
0.313,0.548,0
0.303,0.509,0
0.465,0.051,3
0.591,0.037,3
0.273,0.503,0
0.479,0.044,3
0.927,0.542,1
0.485,0.706,0
0.246,0.512,0
0.472,0.051,3
0.078,0.778,0
0.416,0.699,0
0.894,0.455,1
0.057,0.788,0
0.29,0.52,0
0.532,0.059,3
0.255,0.468,0
0.283,0.446,0
0.521,0.061,3
0.544,0.033,3
0.965,0.524,1
0.119,0.796,0
0.434,0.165,3
0.368,0.591,0
0.465,0.079,3
0.994,0.505,2
0.496,0.14,3
0.077,0.842,0
0.499,0.091,3
0.135,0.657,0
0.329,0.421,0
0.304,0.484,0
0.305,0.472,0
0.479,0.08,3
0.896,0.541,1
0.551,0.102,3
0.498,0.065,3
0.253,0.496,0
0.253,0.455,0
0.432,0.783,0
0.531,0.017,3
0.497,0.114,3
0.991,0.497,2
0.402,0.701,0
1.013,0.529,2
0.54,0.037,3
1.006,0.492,2
0.52,0.111,3
0.004,0.824,0
0.511,0.146,3
0.412,0.795,0
0.965,0.523,1
0.5,0.745,0
0.455,0.685,0
0.491,0.705,0
0.486,0.066,3
0.208,0.518,0
0.982,0.509,2
0.506,0.028,3
0.366,0.512,0
0.39,0.695,0
0.09,0.777,0
0.469,0.068,3
0.517,0.001,3
0.106,0.83,0
0.966,0.464,2
0.221,0.417,0
0.236,0.556,0
0.141,0.777,0
0.968,0.493,2
0.516,0.048,3
0.491,0.059,3
0.509,0.065,3
1.009,0.59,4
0.432,0.659,0
0.237,0.498,0
0.312,0.496,0
0.135,0.723,0
1.022,0.553,4
0.488,0.062,3
0.305,0.495,0
0.943,0.501,1
0.45,0.724,0
0.95,0.533,1
0.455,0.032,3
0.926,0.538,1
0.019,0.824,0
1.053,0.492,2
0.247,0.528,0
0.356,0.78,0
0.241,0.458,0
0.386,0.681,0
0.442,0.107,3
0.478,0.75,0
0.11,0.839,0
0.289,0.462,0
1.032,0.492,2
0.447,0.694,0
0.421,0.666,0
0.512,0.762,0
0.432,0.77,0
0.183,0.515,0
0.408,0.698,0
0.42,0.702,0
0.064,0.72,0
0.231,0.567,0
0.968,0.566,4
0.99,0.546,4
0.221,0.415,0
0.394,0.61,0
0.259,0.527,0
0.524,0.163,3
0.055,0.827,0
0.537,0.136,3
0.038,0.848,0
1.006,0.467,2
0.077,0.855,0
0.069,0.808,0
0.925,0.552,1
1.038,0.552,4
0.414,0.715,0
0.417,0.714,0
0.44,0.744,0
0.552,0.085,3
0.321,0.526,0
0.401,0.666,0
0.154,0.722,0
0.947,0.595,4
0.065,0.761,0
0.366,0.549,0
0.452,0.733,0
0.399,0.78,0
0.496,0.066,3
0.037,0.778,0
0.29,0.567,0
0.981,0.503,2
0.962,0.521,1
0.957,0.566,1
0.473,0.09,3
0.491,0.096,3
0.235,0.603,0
0.446,0.098,3
0.47,0.058,3
0.093,0.798,0
1.015,0.487,2
0.103,0.723,0
0.903,0.546,1
0.225,0.482,0
0.931,0.485,1
0.025,0.826,0
1.008,0.49,2
0.048,0.778,0
0.49,0.744,0
0.262,0.446,0
0.262,0.509,0
0.23,0.449,0
0.096,0.747,0
0.068,0.807,0
0.297,0.576,0
0.276,0.531,0
0.177,0.512,0
0.571,0.077,3
0.965,0.56,4
0.324,0.5,0
0.421,0.722,0
0.53,0.13,3
0.279,0.432,0
0.324,0.477,0
0.271,0.514,0
0.233,0.512,0
0.124,0.729,0
0.474,0.691,0
0.469,0.012,3
0.548,0.089,3
0.043,0.741,0
0.451,0.034,3
0.321,0.465,0
0.303,0.47,0
0.034,0.83,0
0.48,0.732,0
0.521,0.123,3
0.11,0.78,0
0.985,0.497,2
0.334,0.498,0
0.311,0.513,0
0.322,0.434,0
0.169,0.745,0
0.917,0.523,1
0.467,0.716,0
0.325,0.501,0
0.404,0.687,0
0.415,0.062,3
0.271,0.526,0
0.907,0.533,1
0.321,0.47,0
0.208,0.548,0
0.435,0.704,0
0.526,0.108,3
0.097,0.784,0
1.015,0.641,4
0.421,0.686,0
0.23,0.448,0
0.483,0.095,3
0.49,0.125,3
0.406,0.702,0
0.146,0.509,0
0.091,0.78,0
0.971,0.51,2
0.26,0.463,0
0.448,0.083,3
0.95,0.521,1
0.219,0.434,0
0.007,0.75,0
0.091,0.798,0
0.063,0.759,0
0.434,0.712,0
0.087,0.753,0
1.038,0.452,2
0.437,0.723,0
0.259,0.55,0
0.396,0.784,0
0.211,0.507,0
1.054,0.527,2
0.3,0.518,0
0.536,0.066,3
0.437,0.807,0
0.093,0.879,0
0.569,0.102,3
0.372,0.66,0
0.465,0.056,3
0.426,0.696,0
0.008,0.801,0
0.355,0.415,0
0.921,0.518,1
0.941,0.569,1
0.299,0.477,0
0.477,0.09,3
0.438,0.029,3
0.191,0.522,0
0.918,0.526,1
0.469,0.841,0
0.279,0.489,0
0.112,0.761,0
0.435,0.096,3
0.529,0.033,3
1.061,0.555,4
0.393,0.722,0
0.27,0.528,0
0.481,0.095,3
0.967,0.552,1
0.105,0.832,0
0.49,0.041,3
0.906,0.517,1
0.983,0.518,2
0.413,0.684,0
0.372,0.747,0
1.004,0.541,4
0.277,0.521,0
0.451,0.745,0
0.042,0.774,0
0.462,0.078,3
0.48,0.1,3
1.001,0.635,4
0.444,0.647,0
0.959,0.516,1
0.325,0.576,0
0.521,0.021,3
0.428,0.65,0
0.329,0.413,0
0.256,0.54,0
0.463,0.801,0
0.036,0.824,0
0.349,0.406,0
0.296,0.533,0
0.077,0.835,0
0.478,0.027,3
0.53,0.097,3
0.977,0.595,4
0.451,0.753,0
0.516,0.114,3
0.078,0.75,0
0.473,0.136,3
0.503,0.661,0
0.431,0.73,0
0.097,0.769,0
0.059,0.778,0
0.393,0.735,0
0.571,0.012,3
0.958,0.542,1
0.506,0.75,0
0.919,0.584,1
0.964,0.6,4
0.505,0.024,3
0.296,0.464,0
0.49,0.041,3
0.449,0.723,0
0.059,0.785,0
0.482,0.114,3
0.482,0.691,0
0.988,0.537,2
0.305,0.487,0
0.273,0.505,0
0.123,0.915,0
0.968,0.526,1
0.94,0.473,1
0.497,0.125,3
0.449,0.022,3
0.054,0.808,0
0.453,0.04,3
0.489,0.099,3
0.474,0.78,0
0.277,0.555,0
0.913,0.489,1
0.5,0.041,3
0.047,0.823,0
0.282,0.558,0
0.275,0.521,0
0.203,0.552,0
0.489,0.038,3
0.478,0.126,3
0.045,0.796,0
0.07,0.839,0
0.457,0.74,0
0.293,0.434,0
0.06,0.775,0
0.378,0.721,0
0.267,0.47,0
0.172,0.534,0
0.444,0.748,0
0.407,0.735,0
0.038,0.781,0
0.544,0.009,3
0.961,0.573,4
0.063,0.794,0
0.437,0.707,0
0.479,0.135,3
0.264,0.45,0
0.495,0.045,3
0.056,0.738,0
0.436,0.075,3
0.904,0.572,1
0.345,0.401,0
0.444,0.675,0
0.098,0.707,0
0.984,0.451,2
0.476,0.69,0
0.466,0.807,0
0.325,0.504,0
0.501,0.052,3
0.112,0.785,0
0.978,0.567,4
0.115,0.714,0
0.274,0.588,0
0.094,0.741,0
0.444,0.082,3
0.394,0.683,0
0.961,0.532,1
1.03,0.552,4
0.071,0.809,0
0.09,0.861,0
0.236,0.544,0
0.476,0.094,3
0.442,0.704,0
0.913,0.561,1
0.23,0.481,0
0.452,0.08,3
0.288,0.505,0
0.479,0.098,3
0.97,0.567,4
0.074,0.752,0
0.983,0.547,4
0.035,0.825,0
0.045,0.805,0
0.315,0.497,0
0.081,0.798,0
0.472,0.126,3
0.401,0.745,0
0.136,0.791,0
0.936,0.574,1
0.32,0.502,0
0.975,0.536,1
0.056,0.756,0
0.386,0.811,0
0.094,0.822,0
0.988,0.547,4
1.015,0.578,4
0.004,0.809,0
0.94,0.623,4
0.077,0.761,0
0.284,0.474,0
0.104,0.786,0
0.434,0.701,0
0.473,0.719,0
0.311,0.475,0
0.253,0.482,0
0.477,0.102,3
0.992,0.558,4
0.012,0.707,0
0.443,0.008,3
0.098,0.757,0
0.188,0.831,0
0.515,0.087,3
0.476,0.777,0
0.108,0.81,0
0.5,0.071,3
0.572,0.039,3
0.43,0.716,0
0.442,0.723,0
0.25,0.484,0
0.477,0.087,3
0.927,0.534,1
0.057,0.797,0
0.04,0.755,0
0.196,0.457,0
0.371,0.755,0
1.023,0.56,4
0.301,0.547,0
0.353,0.535,0
0.054,0.796,0
0.362,0.456,0
0.467,0.817,0
0.485,0.031,3
0.545,0.079,3
0.99,0.497,2
0.463,0.042,3
0.288,0.57,0
0.948,0.533,1
0.445,0.723,0
0.034,0.78,0
0.461,0.693,0
0.503,0.73,0
1.056,0.564,4
0.917,0.485,1
0.14,0.737,0
0.465,0.06,3
0.051,0.792,0
0.33,0.457,0
0.12,0.802,0
0.561,0.105,3
0.408,0.649,0
0.412,0.739,0
0.422,0.729,0
0.042,0.759,0
0.451,0.758,0
0.463,0.11,3
0.969,0.569,4
0.019,0.81,0
0.908,0.452,1
0.414,0.021,3
0.214,0.495,0
1.029,0.569,4
0.463,0.093,3
0.151,0.794,0
0.943,0.581,1
0.883,0.488,1
0.449,0.686,0
0.415,0.762,0
0.233,0.402,0
0.976,0.509,2
0.46,0.691,0
0.358,0.498,0
0.288,0.52,0
0.518,0.073,3
0.561,0.126,3
0.4,0.684,0
0.947,0.585,4
0.524,0.122,3
0.923,0.5,1
0.266,0.477,0
0.479,0.064,3
0.476,0.045,3
0.112,0.772,0
0.982,0.558,4
0.385,0.736,0
0.877,0.552,1
0.497,0.053,3
0.919,0.552,1
0.256,0.477,0
0.43,0.768,0
0.462,0.039,3
0.529,0.118,3
0.132,0.821,0
0.134,0.77,0
0.218,0.543,0
0.114,0.746,0
0.094,0.709,0
0.105,0.798,0
0.492,0.112,3
0.474,0.729,0
0.509,0.086,3
0.259,0.487,0
0.411,0.733,0
0.313,0.48,0
0.919,0.653,4
0.366,0.458,0
0.518,0.054,3
0.188,0.796,0
0.413,0.729,0
0.215,0.481,0
0.414,0.796,0
1.054,0.515,2
0.128,0.771,0
0.496,0.73,0
0.11,0.813,0
0.533,0.025,3
0.434,0.126,3
0.556,0.027,3
0.291,0.561,0
1.008,0.607,4
0.974,0.541,1
0.457,0.723,0
0.405,0.69,0
0.993,0.589,4
0.488,0.066,3
0.095,0.801,0
0.073,0.741,0
0.034,0.709,0
0.217,0.466,0
0.051,0.775,0
1.03,0.565,4
0.495,0.112,3
0.946,0.53,1
0.429,0.774,0
0.108,0.795,0
0.474,0.771,0
0.476,0.097,3
0.254,0.524,0
0.455,0.078,3
0.117,0.779,0
0.397,0.701,0
0.243,0.51,0
0.327,0.508,0
0.057,0.763,0
0.899,0.461,1
0.446,0.089,3
0.41,0.758,0
0.096,0.754,0
0.443,0.768,0
0.317,0.458,0
0.239,0.444,0
1.018,0.539,2
0.274,0.521,0
0.452,0.044,3
0.444,0.074,3
0.444,0.685,0
0.389,0.694,0
0.424,0.698,0
0.045,0.776,0
0.503,0.062,3
0.406,0.693,0
0.966,0.59,4
0.082,0.805,0
0.461,0.781,0
0.426,0.714,0
0.916,0.58,1
0.566,0.068,3
0.455,0.689,0
0.256,0.553,0
0.981,0.549,4
0.46,0.017,3
0.28,0.495,0
0.536,0.723,0
0.27,0.513,0
0.234,0.483,0
0.423,0.799,0
0.549,0.079,3
0.264,0.445,0
0.97,0.555,4
0.95,0.57,1
0.394,0.698,0
0.056,0.773,0
0.067,0.766,0
0.504,0.06,3
0.211,0.556,0
0.433,0.748,0
0.516,0.026,3
0.995,0.507,2
0.975,0.53,2
0.059,0.849,0
0.197,0.546,0
0.439,0.758,0
0.013,0.771,0
0.933,0.551,1
0.286,0.532,0
0.212,0.489,0
0.509,0.808,0
0.386,0.682,0
0.978,0.508,2
0.053,0.76,0
0.976,0.538,1
0.24,0.446,0
0.222,0.522,0
0.097,0.754,0
0.991,0.494,2
1.007,0.502,2
0.235,0.498,0
0.295,0.481,0
0.502,0.001,3
0.437,0.692,0
0.449,0.769,0
0.016,0.803,0
1.065,0.521,2
0.074,0.777,0
0.946,0.529,1
0.115,0.859,0
0.026,0.837,0
0.514,0.065,3
0.47,0.111,3
0.467,0.726,0
0.432,0.761,0
0.302,0.492,0
0.399,0.735,0
0.289,0.508,0
0.494,0.04,3
0.071,0.755,0
0.489,0.008,3
0.519,0.138,3
0.056,0.795,0
0.948,0.552,1
0.295,0.519,0
0.495,0.144,3
0.965,0.596,4
0.48,0.048,3
0.409,0.721,0
0.945,0.567,1
0.12,0.8,0
0.571,0.039,3
0.219,0.526,0
0.474,0.116,3
0.941,0.553,1
0.205,0.55,0
0.419,0.645,0
0.49,0.008,3
0.492,0.056,3
0.52,0.095,3
0.229,0.545,0
0.448,0.005,3
0.042,0.86,0
0.433,0.682,0
0.477,0.76,0
0.472,0.066,3
0.419,0.722,0
0.468,0.061,3
0.04,0.807,0
0.263,0.484,0
0.92,0.535,1
0.531,0.021,3
0.269,0.506,0
0.272,0.502,0
0.941,0.544,1
0.539,0.087,3
1.03,0.504,2
0.306,0.497,0
0.253,0.463,0
0.397,0.773,0
0.98,0.585,4
0.565,0.126,3
0.007,0.771,0
0.449,0.708,0
0.497,0.712,0
0.951,0.472,2
0.068,0.796,0
0.423,0.754,0
0.392,0.725,0
0.49,0.07,3
0.218,0.452,0
0.567,0.091,3
1.008,0.494,2
0.458,0.699,0
1.031,0.457,2
1.025,0.536,2
0.296,0.525,0
0.412,0.718,0
0.998,0.57,4
0.443,0.75,0
0.927,0.546,1
1.003,0.458,2
0.389,0.734,0
0.977,0.491,2
0.102,0.779,0
0.081,0.787,0
0.031,0.825,0
0.882,0.602,1
0.269,0.5,0
0.945,0.501,1
0.073,0.793,0
0.511,0.106,3
0.528,0.1,3
0.112,0.77,0
0.25,0.49,0
0.496,0.075,3
0.952,0.527,1
0.287,0.479,0
0.024,0.789,0
1.024,0.524,2
0.099,0.747,0
0.41,0.776,0
0.425,0.683,0
0.063,0.838,0
0.049,0.795,0
0.03,0.722,0
0.416,0.678,0
0.042,0.819,0
0.272,0.506,0
0.251,0.474,0
0.278,0.548,0
0.274,0.421,0
0.984,0.526,2
0.4,0.719,0
0.486,0.093,3
1.019,0.543,4
0.262,0.46,0
0.378,0.492,0
0.442,0.785,0
0.995,0.55,4
0.199,0.442,0
1.018,0.551,4
0.061,0.766,0
0.44,0.087,3
1.001,0.557,4
0.997,0.566,4
0.52,0.028,3
0.944,0.527,1
0.45,0.688,0
0.516,0.651,0
0.506,0.009,3
0.081,0.768,0
0.496,0.098,3
0.995,0.452,2
0.425,0.091,3
0.5,0.776,0
0.974,0.485,2
0.408,0.788,0
0.495,0.705,0
1.024,0.589,4
0.929,0.537,1
0.469,0.003,3
0.943,0.488,1
0.359,0.51,0
0.058,0.815,0
0.045,0.72,0
0.974,0.489,2
0.102,0.798,0
0.965,0.568,4
0.416,0.071,3
0.086,0.786,0
0.414,0.716,0
0.561,0.014,3
0.091,0.724,0
0.965,0.472,2
0.461,0.026,3
0.506,0.679,0
0.477,0.005,3
0.301,0.525,0
0.504,0.107,3
0.941,0.578,1
0.113,0.705,0
0.436,0.714,0
0.131,0.774,0
0.959,0.527,1
0.54,0.054,3
0.257,0.524,0
0.319,0.476,0
0.085,0.732,0
0.343,0.505,0
0.379,0.658,0
0.403,0.789,0
0.932,0.578,1
0.345,0.743,0
1.091,0.536,2
0.962,0.42,2
1.002,0.557,4
0.526,0.047,3
0.944,0.536,1
0.422,0.058,3
1.016,0.489,2
0.502,0.113,3
0.245,0.517,0
0.509,0.688,0
0.469,0.677,0
0.97,0.555,4
0.925,0.523,1
0.24,0.56,0
0.493,0.679,0
0.469,0.738,0
0.432,0.705,0
0.17,0.48,0
0.516,0.052,3
1.017,0.527,2
0.484,0.611,0
0.952,0.504,1
0.464,0.055,3
0.979,0.522,2
0.121,0.775,0
1.012,0.565,4
0.485,0.105,3
0.091,0.808,0
0.45,0.695,0
0.07,0.793,0
0.221,0.538,0
0.421,0.707,0
0.193,0.586,0
0.066,0.8,0
0.032,0.755,0
0.409,0.68,0
0.252,0.594,0
0.483,0.145,3
0.39,0.798,0
0.061,0.759,0
0.403,0.662,0
0.999,0.554,4
0.538,0.034,3
0.555,0.075,3
0.135,0.811,0
1.029,0.542,4
0.258,0.563,0
0.953,0.588,4
0.247,0.567,0
0.414,0.677,0
0.458,0.064,3
0.218,0.478,0
0.998,0.548,4
0.52,0.66,0
0.951,0.55,1
0.509,0.06,3
0.399,0.711,0
0.967,0.589,4
0.401,0.707,0
0.51,0.068,3
0.05,0.783,0
0.328,0.552,0
0.311,0.502,0
0.973,0.511,2
0.266,0.483,0
0.33,0.464,0
0.534,0.066,3
0.948,0.54,1
0.394,0.771,0
0.291,0.512,0
0.124,0.736,0
0.11,0.862,0
0.933,0.57,1
0.084,0.753,0
0.995,0.525,2
0.081,0.756,0
0.471,0.093,3
0.097,0.753,0
0.52,0.031,3
0.996,0.613,4
0.281,0.522,0
0.253,0.519,0
0.254,0.538,0
1,0.509,2
0.054,0.719,0
0.045,0.71,0
0.511,0.747,0
0.062,0.685,0
0.49,0.068,3
1.021,0.51,2
0.308,0.574,0
0.064,0.791,0
0.973,0.492,2
0.423,0.691,0
0.424,0.687,0
0.45,0.762,0
0.966,0.525,1
0.023,0.742,0
0.494,0.127,3
0.557,0.062,3
0.981,0.555,4
0.04,0.705,0
0.932,0.534,1
0.392,0.721,0
0.972,0.522,2
0.55,0.044,3
0.079,0.773,0
0.559,0.044,3
0.091,0.772,0
0.039,0.782,0
0.48,0.734,0
0.186,0.551,0
0.259,0.505,0
0.259,0.535,0
0.261,0.529,0
0.108,0.8,0
0.948,0.466,2
0.053,0.754,0
0.294,0.575,0
0.457,0.032,3
1.008,0.544,4
0.853,0.521,1
0.219,0.554,0
0.115,0.772,0
0.238,0.46,0
0.112,0.767,0
0.516,0.063,3
0.059,0.811,0
0.973,0.507,2
0.261,0.485,0
0.395,0.756,0
0.279,0.502,0
0.453,0.114,3
0.077,0.783,0
0.997,0.613,4
0.472,0.117,3
0.458,0.721,0
0.421,0.771,0
0.396,0.735,0
0.427,0.715,0
0.076,0.814,0
0.991,0.544,4
0.308,0.485,0
0.007,0.752,0
0.276,0.522,0
1.004,0.527,2
0.98,0.523,2
0.934,0.605,4
0.481,0.093,3
0.334,0.453,0
0.515,0.093,3
0.96,0.529,1
0.573,0.071,3
0.314,0.494,0
0.266,0.47,0
0.413,0.711,0
0.072,0.725,0
0.537,0.054,3
0.059,0.835,0
0.992,0.522,2
1.028,0.549,4
0.233,0.521,0
0.523,0.075,3
0.14,0.769,0
0.022,0.852,0
0.265,0.522,0
0.972,0.574,4
1.02,0.629,4
0.06,0.786,0
0.453,0.753,0
0.973,0.422,2
0.267,0.542,0
1.036,0.537,2
0.276,0.542,0
0.421,0.732,0
0.011,0.797,0
0.988,0.528,2
0.99,0.599,4
0.233,0.497,0
0.247,0.514,0
0.891,0.534,1
0.973,0.515,2
0.043,0.855,0
0.562,0.037,3
0.046,0.801,0
0.446,0.087,3
0.539,0.07,3
0.907,0.567,1
0.515,0.049,3
0.33,0.486,0
0.07,0.812,0
0.526,0.073,3
0.286,0.533,0
0.276,0.489,0
0.3,0.498,0
0.504,0.105,3
0.411,0.687,0
0.103,0.822,0
0.305,0.517,0
0.566,0.091,3
0.469,0.142,3
0.5,0.091,3
0.428,0.702,0
0.423,0.71,0
0.287,0.498,0
0.43,0.747,0
0.415,0.683,0
0.089,0.756,0
0.525,0.02,3
0.434,0.664,0
0.501,0.064,3
1.043,0.481,2
0.019,0.81,0
0.571,0.048,3
0.001,0.765,0
0.289,0.487,0
1.073,0.497,2
0.508,0.076,3
0.968,0.6,4
0.446,0.725,0
0.529,0.033,3
0.327,0.479,0
0.176,0.44,0
1.03,0.535,2
0.427,0.01,3
0.099,0.783,0
0.469,0.092,3
0.484,0.728,0
0.373,0.793,0
0.544,0.109,3
0.51,0.024,3
0.269,0.5,0
0.481,0.694,0
0.169,0.443,0
0.024,0.831,0
0.102,0.725,0
0.333,0.496,0
0.07,0.801,0
0.266,0.485,0
0.436,0.701,0
0.907,0.549,1
0.083,0.741,0
0.518,0.009,3
0.26,0.51,0
0.507,0.757,0
0.408,0.743,0
0.055,0.779,0
0.973,0.518,2
0.982,0.498,2
0.427,0.757,0
0.451,0.663,0
0.382,0.778,0
0.444,0.729,0
0.455,0.026,3
0.217,0.467,0
0.39,0.719,0
0.359,0.414,0
0.46,0.059,3
0.091,0.763,0
0.215,0.536,0
0.421,0.076,3
0.143,0.817,0
1.013,0.474,2
1.046,0.586,4
0.506,0.088,3
0.26,0.478,0
1.032,0.63,4
0.052,0.804,0
0.909,0.515,1
0.558,0.086,3
0.904,0.479,1
0.418,0.74,0
0.501,0.112,3
1.039,0.564,4
0.263,0.415,0
0.929,0.6,1
0.525,0.02,3
0.962,0.581,4
0.541,0.085,3
1.024,0.481,2
0.396,0.719,0
0.317,0.483,0
0.539,0.142,3
0.439,0.064,3
0.595,0.072,3
0.27,0.422,0
0.507,0.727,0
0.973,0.519,2
0.186,0.499,0
0.414,0.699,0
0.128,0.745,0
1.015,0.561,4
0.051,0.806,0
0.429,0.097,3
0.03,0.769,0
0.107,0.752,0
0.528,0.075,3
0.463,0.762,0
0.418,0.722,0
0.541,0.07,3
0.268,0.503,0
0.966,0.528,1
0.285,0.544,0
0.449,0.608,0
0.906,0.578,1
0.418,0.662,0
0.402,0.78,0
0.926,0.554,1
0.459,0.71,0
0.469,0.653,0
0.493,0.06,3
0.472,0.76,0
0.438,0.722,0
0.242,0.519,0
0.267,0.492,0
1.03,0.531,2
0.496,0.122,3
0.075,0.877,0
0.172,0.477,0
0.957,0.525,1
0.213,0.518,0
0.291,0.488,0
0.267,0.487,0
0.463,0.01,3
0.29,0.441,0
0.511,0.102,3
0.203,0.514,0
0.506,0.776,0
1.054,0.579,4
0.995,0.595,4
0.316,0.504,0
0.278,0.514,0
0.26,0.625,0
0.096,0.734,0
0.442,0.743,0
0.523,0.008,3
1.005,0.608,4
1.034,0.522,2
0.388,0.812,0
0.457,0.775,0
0.48,0.099,3
0.047,0.756,0
0.297,0.556,0
0.484,0.726,0
0.416,0.665,0
0.036,0.791,0
0.062,0.756,0
0.501,0.14,3
0.518,0.098,3
0.494,0.815,0
0.369,0.774,0
0.027,0.811,0
0.068,0.786,0
0.939,0.523,1
0.544,0.047,3
0.532,0.017,3
0.366,0.764,0
0.46,0.1,3
1.036,0.576,4
0.038,0.769,0
0.966,0.576,4
1.013,0.493,2
0.503,0.124,3
0.472,0.133,3
0.424,0.114,3
0.967,0.496,2
0.388,0.766,0
0.451,0.686,0
0.264,0.466,0
1.02,0.544,4
0.961,0.604,4
1.022,0.528,2
0.255,0.488,0
0.407,0.722,0
0.317,0.538,0
0.332,0.42,0
0.453,0.785,0
0.318,0.504,0
0.413,0.684,0
0.428,0.7,0
0.431,0.773,0
1.012,0.586,4
0.486,0.677,0
0.951,0.534,1
0.447,0.704,0
0.069,0.804,0
0.961,0.543,1
0.588,0.056,3
0.151,0.729,0
0.427,0.667,0
0.934,0.608,4
0.436,0.693,0
0.118,0.815,0
0.07,0.654,0
0.079,0.805,0
0.515,0.034,3
0.458,0.694,0
0.322,0.521,0
0.981,0.512,2
0.474,0.709,0
0.107,0.752,0
0.543,0.031,3
0.47,0.136,3
0.138,0.793,0
0.419,0.777,0
0.303,0.467,0
1.014,0.584,4
1.058,0.538,2
0.201,0.474,0
0.473,0.068,3
0.442,0.686,0
0.468,0.082,3
0.39,0.755,0
0.489,0.682,0
0.094,0.755,0
0.532,0.153,3
0.091,0.824,0
0.556,0.064,3
0.961,0.508,1
0.962,0.66,4
0.317,0.489,0
0.989,0.593,4
0.481,0.706,0
0.446,0.627,0
0.46,0.776,0
0.106,0.812,0
0.526,0.096,3
0.957,0.538,1
0.505,0.69,0
0.072,0.72,0
0.5,0.744,0
0.007,0.677,0
0.041,0.75,0
0.287,0.465,0
0.395,0.701,0
0.527,0.049,3
0.947,0.549,1
0.137,0.823,0
0.281,0.545,0
0.066,0.812,0
0.06,0.793,0
0.215,0.585,0
0.075,0.743,0
0.467,0.131,3
0.529,0.092,3
0.427,0.715,0
0.079,0.82,0
0.544,0.118,3
0.443,0.765,0
0.485,0.059,3
0.426,0.756,0
0.285,0.525,0
1.013,0.487,2
0.998,0.504,2
0.326,0.505,0
0.454,0.09,3
0.462,0.071,3
0.439,0.696,0
0.107,0.768,0
0.44,0.681,0
0.997,0.526,2
0.547,0.111,3
0.534,0.697,0
0.516,0.038,3
0.44,0.749,0
0.439,0.078,3
1.081,0.525,2
0.412,0.503,0
0.437,0.728,0
0.42,0.679,0
0.971,0.521,2
0.028,0.866,0
0.987,0.544,4
0.529,0.044,3
0.069,0.769,0
0.446,0.723,0
0.041,0.762,0
0.277,0.553,0
0.214,0.503,0
1.054,0.528,2
0.134,0.81,0
0.987,0.533,2
0.516,0.01,3
0.062,0.708,0
0.474,0.073,3
0.466,0.024,3
0.517,0.057,3
0.409,0.696,0
0.112,0.725,0
0.39,0.735,0
0.424,0.088,3
1.012,0.514,2
0.219,0.481,0
0.088,0.788,0
0.288,0.48,0
0.261,0.506,0
0.946,0.572,1
0.996,0.575,4
0.448,0.707,0
0.274,0.485,0
0.415,0.131,3
0.951,0.54,1
0.503,0.04,3
0.989,0.537,2
1.025,0.556,4
0.454,0.045,3
0.524,0.121,3
0.311,0.541,0
0.982,0.492,2
0.225,0.501,0
0.544,0.058,3
0.923,0.55,1
0.001,0.741,0
0.553,0.111,3
0.472,0.046,3
0.298,0.532,0
0.551,0.03,3
0.402,0.684,0
0.977,0.541,4
0.461,0.122,3
0.211,0.423,0
0.527,0.105,3
0.031,0.774,0
0.234,0.522,0
0.462,0.052,3
0.115,0.786,0
0.921,0.578,1
0.249,0.457,0
0.388,0.846,0
0.404,0.819,0
0.025,0.742,0
0.053,0.776,0
0.12,0.826,0
0.448,0.643,0
1.07,0.523,2
1.003,0.511,2
0.943,0.546,1
0.076,0.753,0
0.523,0.07,3
0.322,0.497,0
0.995,0.554,4
0.469,0.724,0
0.398,0.783,0
0.435,0.652,0
0.93,0.568,1
0.496,0.043,3
0.137,0.768,0
0.456,0.753,0
0.089,0.845,0
0.892,0.571,1
0.059,0.854,0
0.278,0.587,0
0.491,0.023,3
0.378,0.777,0
0.074,0.783,0
0.365,0.747,0
0.437,0.66,0
0.532,0.027,3
1.007,0.538,2
0.592,0.077,3
0.502,0.07,3
0.491,0.69,0
0.08,0.748,0
0.095,0.768,0
0.321,0.49,0
0.955,0.52,1
0.516,0.724,0
0.948,0.555,1
0.42,0.73,0
0.453,0.649,0
0.563,0.027,3
0.437,0.704,0
1.015,0.545,4
0.416,0.722,0
0.563,0.081,3
0.994,0.577,4
0.459,0.816,0
0.99,0.51,2
0.215,0.48,0
0.975,0.485,2
0.502,0.075,3
0.965,0.534,1
0.258,0.486,0
0.086,0.766,0
0.949,0.562,1
0.059,0.734,0
0.317,0.469,0
0.548,0.079,3
0.271,0.498,0
0.963,0.571,4
0.544,0.109,3
0.397,0.75,0
0.958,0.474,2
0.115,0.781,0
1.001,0.54,4
0.442,0.099,3
0.25,0.516,0
0.551,0.053,3
0.479,0.784,0
0.452,0.125,3
0.034,0.766,0
0.099,0.723,0
0.197,0.484,0
0.509,0.049,3
0.093,0.825,0
0.118,0.786,0
0.074,0.782,0
0.962,0.517,1
0.212,0.476,0
0.08,0.77,0
0.137,0.785,0
0.045,0.786,0
0.48,0.122,3
0.961,0.53,1
0.495,0.731,0
0.407,0.749,0
0.329,0.502,0
0.982,0.516,2
0.295,0.682,0
0.442,0.779,0
0.017,0.782,0
0.974,0.56,4
0.315,0.468,0
0.491,0.031,3
0.947,0.512,1
0.483,0.092,3
0.983,0.598,4
0.112,0.81,0
0.223,0.439,0
0.405,0.067,3
1.041,0.536,2
0.295,0.538,0
0.533,0.082,3
0.262,0.535,0
0.053,0.805,0
0.036,0.812,0
0.068,0.79,0
0.092,0.759,0
0.309,0.485,0
0.069,0.809,0
0.347,0.401,0
0.438,0.044,3
0.478,0.017,3
0.42,0.642,0
0.3,0.506,0
0.43,0.572,0
0.931,0.554,1
0.428,0.662,0
0.959,0.521,1
0.431,0.751,0
0.363,0.764,0
0.119,0.714,0
0.938,0.506,1
0.459,0.668,0
0.52,0.096,3
0.459,0.055,3
0.053,0.799,0
0.468,0.765,0
0.482,0.687,0
0.492,0.689,0
0.276,0.471,0
0.339,0.537,0
0.018,0.818,0
0.938,0.51,1
0.509,0.06,3
0.42,0.717,0
0.878,0.509,1
0.396,0.706,0
0.488,0.054,3
0.451,0.713,0
0.267,0.492,0
0.519,0.072,3
0.517,0.015,3
0.484,0.115,3
0.489,0.058,3
0.247,0.437,0
0.4,0.105,3
0.934,0.577,1
0.497,0.109,3
0.416,0.689,0
0.469,0.118,3
0.536,0.722,0
1.001,0.527,2
0.01,0.762,0
0.498,0.052,3
0.548,0.049,3
0.398,0.743,0
0.255,0.52,0
0.324,0.694,0
0.506,0.07,3
0.05,0.823,0
0.097,0.728,0
0.035,0.823,0
0.233,0.466,0
0.487,0.059,3
1.003,0.568,4
0.082,0.807,0
0.398,0.803,0
0.429,0.659,0
0.304,0.459,0
0.422,0.776,0
0.462,0.727,0
0.303,0.473,0
0.421,0.742,0
0.008,0.85,0
0.073,0.786,0
0.065,0.753,0
0.541,0.09,3
0.997,0.487,2
0.294,0.484,0
0.064,0.778,0
0.274,0.487,0
0.231,0.529,0
0.384,0.662,0
0.44,0.095,3
0.032,0.714,0
0.294,0.401,0
0.992,0.494,2
0.075,0.795,0
0.441,0.744,0
0.474,0.714,0
0.012,0.791,0
0.968,0.548,1
0.071,0.803,0
0.388,0.734,0
0.24,0.429,0
0.286,0.503,0
1.059,0.603,4
0.016,0.816,0
0.417,0.096,3
0.934,0.596,1
0.06,0.805,0
0.048,0.754,0
0.272,0.46,0
0.49,0.039,3
0.369,0.629,0
0.949,0.55,1
0.516,0.009,3
1.018,0.463,2
0.13,0.829,0
0.36,0.73,0
0.233,0.49,0
0.434,0.637,0
0.933,0.498,1
0.403,0.676,0
0.073,0.847,0
0.087,0.751,0
0.469,0.065,3
0.122,0.766,0
0.437,0.664,0
0.968,0.451,2
0.121,0.726,0
0.996,0.548,4
0.979,0.541,4
0.433,0.669,0
0.446,0.712,0
0.046,0.748,0
0.262,0.552,0
0.157,0.826,0
0.948,0.513,1
0.577,0.084,3
1.004,0.585,4
0.463,0.055,3
0.276,0.508,0
0.036,0.814,0
0.233,0.536,0
0.092,0.689,0
0.947,0.502,1
0.243,0.475,0
0.494,0.122,3
0.417,0.735,0
0.915,0.532,1
0.128,0.756,0
0.226,0.53,0
0.43,0.683,0
1.066,0.505,2
0.277,0.465,0
0.105,0.807,0
0.978,0.495,2
0.402,0.015,3
0.946,0.531,1
0.388,0.72,0
0.01,0.867,0
0.963,0.52,1
0.476,0.722,0
1.033,0.568,4
0.476,0.676,0
0.041,0.793,0
0.023,0.837,0
0.977,0.552,4
0.947,0.541,1
0.992,0.55,4
0.223,0.501,0
0.555,0.128,3
0.201,0.493,0
0.045,0.739,0
0.235,0.408,0
0.311,0.554,0
0.961,0.528,1
0.305,0.544,0
0.97,0.485,2
0.368,0.789,0
0.107,0.808,0
0.416,0.658,0
0.452,0.734,0
0.31,0.511,0
0.109,0.793,0
0.417,0.681,0
0.421,0.72,0
0.512,0.074,3
0.066,0.728,0
0.546,0.053,3
0.261,0.524,0
0.552,0.089,3
0.27,0.503,0
0.996,0.462,2
0.371,0.688,0
0.251,0.502,0
0.131,0.782,0
0.543,0.088,3
0.094,0.831,0
0.307,0.506,0
0.532,0.126,3
0.399,0.757,0
0.304,0.52,0
0.975,0.497,2
0.979,0.55,4
0.446,0.107,3
0.431,0.741,0
0.451,0.094,3
0.962,0.545,1
0.08,0.761,0
0.486,0.086,3
0.277,0.516,0
0.049,0.822,0
0.221,0.476,0
0.458,0.762,0
0.442,0.69,0
0.499,0.094,3
0.255,0.475,0
0.303,0.498,0
0.958,0.536,1
0.218,0.52,0
0.262,0.475,0
0.07,0.771,0
0.472,0.02,3
0.074,0.753,0
0.124,0.673,0
0.145,0.781,0
0.001,0.737,0
0.458,0.738,0
0.563,0.022,3
0.472,0.756,0
0.944,0.561,1
0.28,0.54,0
0.409,0.039,3
0.301,0.515,0
0.498,0.061,3
0.11,0.762,0
0.211,0.488,0
0.438,0.754,0
0.313,0.427,0
0.31,0.483,0
0.433,0.752,0
0.974,0.548,4
0.981,0.445,2
0.249,0.461,0
0.518,0.007,3
0.278,0.557,0
0.12,0.798,0
0.294,0.502,0
0.152,0.838,0
0.092,0.772,0
0.262,0.534,0
0.532,0.058,3
0.522,0.071,3
0.951,0.512,1
0.512,0.09,3
0.299,0.436,0
0.195,0.483,0
0.472,0.057,3
0.258,0.421,0
0.479,0.053,3
0.137,0.776,0
0.467,0.679,0
0.289,0.535,0
0.261,0.531,0
0.292,0.487,0
0.338,0.56,0
0.32,0.544,0
0.492,0.083,3
0.467,0.747,0
0.259,0.5,0
1.024,0.648,4
1.028,0.537,2
0.51,0.047,3
0.318,0.513,0
0.936,0.477,1
0.235,0.535,0
0.98,0.44,2
0.496,0.12,3
0.972,0.5,2
0.994,0.544,4
0.427,0.746,0
0.414,0.74,0
0.506,0.071,3
0.092,0.803,0
0.237,0.488,0
0.522,0.011,3
0.47,0.787,0
0.075,0.739,0
0.424,0.755,0
0.062,0.813,0
0.029,0.778,0
0.387,0.786,0
0.123,0.762,0
0.289,0.496,0
0.086,0.737,0
0.122,0.75,0
0.264,0.568,0
0.404,0.72,0
1.006,0.527,2
0.987,0.53,2
0.358,0.469,0
0.107,0.855,0
0.303,0.507,0
0.454,0.748,0
0.247,0.474,0
0.104,0.745,0
0.223,0.516,0
0.986,0.61,4
0.266,0.513,0
0.05,0.755,0
0.512,0.692,0
0.073,0.842,0
0.484,0.042,3
0.893,0.508,1
0.076,0.781,0
0.067,0.795,0
0.401,0.726,0
0.542,0.046,3
0.487,0.079,3
0.522,0.725,0
0.232,0.495,0
0.307,0.469,0
0.232,0.449,0
0.257,0.509,0
1.032,0.587,4
0.453,0.116,3
0.422,0.732,0
0.993,0.555,4
0.435,0.656,0
0.463,0.746,0
0.564,0.012,3
0.999,0.553,4
1.017,0.534,2
0.385,0.679,0
0.432,0.013,3
0.578,0.066,3
0.494,0.135,3
0.037,0.76,0
0.251,0.548,0
0.893,0.523,1
0.969,0.542,1
0.469,0.775,0
0.438,0.71,0
0.048,0.716,0
0.489,0.112,3
0.565,0.12,3
0.977,0.591,4
0.471,0.744,0
0.036,0.721,0
0.256,0.515,0
0.468,0.097,3
0.478,0.159,3
0.443,0.095,3
0.053,0.772,0
0.517,0.077,3
0.388,0.798,0
0.464,0.129,3
0.43,0.679,0
0.896,0.566,1
0.508,0.01,3
0.998,0.58,4
0.491,0.022,3
1.02,0.534,2
0.262,0.462,0
0.12,0.803,0
0.251,0.496,0
1.04,0.544,4
0.377,0.741,0
0.152,0.738,0
0.43,0.076,3
0.083,0.792,0
0.143,0.771,0
0.543,0.051,3
0.491,0.076,3
0.465,0.71,0
0.306,0.486,0
0.233,0.482,0
0.514,0.022,3
0.489,0.071,3
0.096,0.76,0
0.06,0.781,0
0.983,0.466,2
0.422,0.691,0
0.516,0.072,3
0.098,0.695,0
0.233,0.452,0
0.531,0.088,3
0.52,0.15,3
0.303,0.507,0
0.373,0.718,0
0.413,0.721,0
0.444,0.769,0
0.96,0.543,1
0.317,0.482,0
0.998,0.535,2
0.475,0.003,3
0.405,0.695,0
1.002,0.532,2
0.478,0.745,0
0.079,0.774,0
0.478,0.062,3
0.246,0.47,0
0.511,0.06,3
0.271,0.51,0
0.404,0.723,0
0.043,0.855,0
0.248,0.464,0
0.278,0.496,0
0.546,0.095,3
0.532,0.116,3
0.058,0.849,0
0.293,0.526,0
0.207,0.496,0
0.255,0.448,0
1.003,0.618,4
1.014,0.516,2
0.495,0.726,0
1.006,0.539,2
0.113,0.747,0
0.134,0.813,0
0.122,0.83,0
0.326,0.505,0
0.282,0.496,0
0.182,0.498,0
0.477,0.75,0
0.968,0.531,1
0.103,0.746,0
0.513,0.067,3
0.951,0.534,1
0.977,0.477,2
0.408,0.736,0
0.016,0.854,0
0.244,0.482,0
0.529,0.101,3
0.26,0.471,0
0.53,0.015,3
0.011,0.816,0
0.368,0.739,0
0.948,0.505,1
0.956,0.501,1
0.43,0.716,0
0.278,0.486,0
0.961,0.59,4
0.28,0.471,0
0.427,0.665,0
0.972,0.543,1
0.478,0.08,3
0.471,0.057,3
0.259,0.477,0
0.112,0.812,0
0.965,0.544,1
0.458,0.114,3
0.949,0.555,1
0.23,0.538,0
0.993,0.499,2
0.309,0.569,0
0.041,0.836,0
0.409,0.734,0
0.947,0.513,1
0.502,0.079,3
0.957,0.555,1
0.452,0.757,0
0.151,0.81,0
0.304,0.516,0
0.513,0.097,3
0.939,0.542,1
0.409,0.786,0
0.114,0.755,0
0.07,0.787,0
0.555,0.098,3
0.455,0.656,0
0.268,0.45,0
0.424,0.699,0
0.488,0.781,0
0.279,0.556,0
0.008,0.735,0
0.517,0.061,3
1.044,0.559,4
0.288,0.565,0
0.568,0.062,3
0.212,0.515,0
0.015,0.76,0
0.48,0.042,3
0.419,0.071,3
0.427,0.748,0
0.111,0.719,0
0.569,0.093,3
0.444,0.757,0
0.473,0.751,0
0.275,0.505,0
0.067,0.771,0
0.306,0.516,0
0.338,0.808,0
0.072,0.754,0
0.332,0.451,0
0.123,0.754,0
0.456,0.75,0
0.085,0.814,0
0.45,0.755,0
0.075,0.778,0
0.117,0.806,0
1.032,0.584,4
0.22,0.473,0
0.042,0.748,0
0.38,0.527,0
0.071,0.748,0
0.071,0.751,0
0.494,0.049,3
0.26,0.453,0
0.971,0.535,1
1,0.569,4
0.482,0.797,0
0.907,0.518,1
1.001,0.567,4
1.026,0.573,4
0.319,0.486,0
0.39,0.755,0
0.476,0.074,3
0.945,0.583,1
0.188,0.541,0
0.143,0.78,0
0.474,0.717,0
0.481,0.147,3
0.968,0.575,4
0.28,0.485,0
0.417,0.696,0
0.255,0.467,0
0.176,0.782,0
0.511,0.062,3
1.023,0.585,4
0.489,0.117,3
0.485,0.072,3
0.458,0.733,0
1.049,0.541,2
0.29,0.487,0
0.367,0.745,0
0.529,0.008,3
0.457,0.103,3
0.501,0.08,3
1.012,0.562,4
0.19,0.488,0
0.483,0.147,3
0.532,0.045,3
0.479,0.074,3
0.054,0.799,0
0.95,0.541,1
0.539,0,3
0.11,0.857,0
0.95,0.51,1
0.934,0.554,1
0.421,0.647,0
1.044,0.54,2
0.527,0.037,3
0.414,0.744,0
0.311,0.508,0
0.146,0.775,0
0.983,0.569,4
1.009,0.515,2
0.45,0.655,0
0.435,0.009,3
0.5,0.077,3
0.281,0.508,0
1.008,0.52,2
0.464,0.671,0
0.434,0.743,0
0.258,0.493,0
0.034,0.882,0
0.948,0.539,1
0.279,0.484,0
0.412,0.729,0
0.503,0.142,3
0.136,0.693,0
0.958,0.545,1
0.512,0.125,3
0.251,0.488,0
0.211,0.478,0
1.019,0.497,2
0.074,0.802,0
0.286,0.504,0
0.254,0.478,0
0.569,0.095,3
0.063,0.772,0
0.39,0.027,3
0.232,0.51,0
0.403,0.69,0
0.987,0.502,2
0.087,0.853,0
0.099,0.777,0
0.418,0.681,0
0.209,0.511,0
0.13,0.834,0
0.962,0.513,1
0.434,0.744,0
1.009,0.56,4
0.151,0.763,0
0.938,0.604,4
0.448,0.747,0
0.081,0.778,0
0.072,0.745,0
0.518,0.078,3
0.23,0.481,0
0.09,0.825,0
0.484,0.09,3
0.961,0.547,1
0.306,0.51,0
0.498,0.054,3
0.505,0.668,0
0.476,0.782,0
0.451,0.746,0
0.285,0.5,0
0.12,0.805,0
0.28,0.43,0
0.44,0.123,3
0.202,0.442,0
0.457,0.672,0
0.07,0.725,0
0.447,0.708,0
0.324,0.486,0
0.464,0.074,3
0.096,0.808,0
0.07,0.85,0
0.263,0.488,0
0.076,0.789,0
0.046,0.792,0
1.006,0.517,2
1.036,0.498,2
0.442,0.709,0
0.118,0.757,0
0.53,0.095,3
0.556,0.032,3
0.29,0.514,0
0.412,0.677,0
0.5,0.084,3
0.539,0.054,3
0.074,0.772,0
0.285,0.455,0
0.975,0.566,4
0.279,0.448,0
0.118,0.76,0
0.067,0.813,0
0.288,0.461,0
0.057,0.796,0
0.021,0.748,0
0.47,0.092,3
0.497,0.76,0
0.088,0.841,0
1.025,0.555,4
0.265,0.42,0
0.931,0.584,1
0.329,0.54,0
0.914,0.547,1
0.344,0.477,0
0.072,0.816,0
1.007,0.625,4
0.493,0.742,0
0.279,0.479,0
0.469,0.1,3
0.476,0.649,0
0.09,0.739,0
0.258,0.492,0
0.043,0.786,0
0.492,0.704,0
0.121,0.818,0
0.467,0.683,0
0.444,0.788,0
0.044,0.779,0
0.952,0.548,1
0.053,0.729,0
0.321,0.511,0
0.479,0.05,3
0.071,0.815,0
0.039,0.807,0
0.472,0.137,3
0.918,0.586,1
0.3,0.448,0
0.134,0.778,0
0.438,0.807,0
0.498,0.118,3
0.477,0.106,3
0.912,0.492,1
0.485,0.002,3
0.279,0.515,0
0.128,0.758,0
0.095,0.808,0
0.294,0.462,0
0.306,0.56,0
1.055,0.492,2
0.511,0.088,3
0.434,0.699,0
0.235,0.526,0
0.295,0.478,0
0.506,0.742,0
0.309,0.57,0
0.436,0.664,0
0.237,0.476,0
0.556,0.065,3
0.411,0.653,0
0.212,0.565,0
0.453,0.727,0
0.506,0.002,3
0.11,0.796,0
0.455,0.718,0
0.032,0.887,0
1.019,0.603,4
0.487,0.694,0
0.971,0.505,2
0.471,0.108,3
0.941,0.469,1
0.308,0.5,0
0.437,0.794,0
0.423,0.793,0
0.474,0.07,3
0.446,0.043,3
0.989,0.547,4
0.509,0.002,3
1.018,0.524,2
0.474,0.004,3
0.492,0.769,0
0.437,0.708,0
0.262,0.489,0
0.084,0.784,0
0.392,0.717,0
0.117,0.794,0
0.515,0.136,3
0.574,0.116,3
0.535,0.046,3
0.447,0.038,3
0.989,0.48,2
0.561,0.004,3
0.087,0.706,0
0.546,0.078,3
0.37,0.79,0
0.391,0.72,0
0.873,0.576,1
0.464,0.078,3
0.444,0.749,0
1.003,0.549,4
0.001,0.802,0
0.49,0.749,0
0.165,0.776,0
0.155,0.822,0
0.467,0.089,3
0.22,0.423,0
0.285,0.56,0
0.989,0.514,2
0.993,0.565,4
0.494,0.052,3
0.307,0.443,0
0.139,0.776,0
0.487,0.694,0
0.58,0.097,3
0.956,0.53,1
0.102,0.808,0
0.965,0.46,2
0.498,0.709,0
0.946,0.583,1
0.54,0.067,3
0.241,0.501,0
0.405,0.71,0
0.565,0.051,3
0.126,0.752,0
0.48,0.777,0
0.996,0.581,4
0.999,0.434,2
0.016,0.782,0
0.613,0.008,3
0.309,0.52,0
0.983,0.578,4
0.541,0.109,3
0.293,0.487,0
0.45,0.665,0
0.283,0.492,0
0.515,0.741,0
0.973,0.56,4
0.191,0.502,0
0.14,0.778,0
0.062,0.743,0
0.482,0.026,3
0.138,0.823,0
0.09,0.789,0
0.972,0.505,2
0.042,0.791,0
0.439,0.74,0
0.452,0.703,0
0.054,0.797,0
0.208,0.551,0
0.413,0.736,0
0.956,0.522,1
0.915,0.575,1
0.069,0.76,0
0.531,0.098,3
0.987,0.517,2
0.576,0.01,3
0.439,0.669,0
0.274,0.409,0
0.52,0.036,3
0.365,0.716,0
0.344,0.473,0
0.495,0.779,0
0.292,0.472,0
0.453,0.66,0
0.022,0.829,0
0.468,0.658,0
0.995,0.515,2
0.463,0.081,3
0.415,0.747,0
0.094,0.757,0
0.344,0.493,0
0.966,0.54,1
0.3,0.523,0
0.941,0.517,1
0.28,0.45,0
0.962,0.57,4
0.136,0.773,0
1.014,0.584,4
0.091,0.892,0
0.25,0.542,0
0.073,0.797,0
0.472,0.691,0
0.53,0.107,3
0.245,0.502,0
0.267,0.479,0
0.039,0.786,0
0.46,0.79,0
0.55,0.038,3
0.916,0.592,1
0.422,0.778,0
0.982,0.504,2
0.413,0.117,3
0.481,0.072,3
0.084,0.852,0
0.97,0.534,1
0.077,0.859,0
0.439,0.711,0
0.46,0.095,3
0.407,0.791,0
1.059,0.552,4
0.453,0.068,3
0.048,0.727,0
0.955,0.544,1
0.878,0.537,1
0.477,0.108,3
0.486,0.01,3
0.301,0.464,0
0.345,0.754,0
0.046,0.824,0
0.084,0.838,0
0.937,0.512,1
0.257,0.476,0
0.494,0.061,3
0.482,0.081,3
0.924,0.552,1
0.066,0.774,0
0.121,0.81,0
1.019,0.575,4
0.08,0.742,0
0.986,0.505,2
0.088,0.855,0
0.082,0.744,0
0.533,0.764,0
0.239,0.541,0
0.475,0.779,0
0.517,0.072,3
0.084,0.774,0
0.097,0.739,0
0.303,0.518,0
0.243,0.491,0
1.001,0.582,4
0.558,0.129,3
0.212,0.507,0
0.567,0.069,3
0.561,0.023,3
0.488,0.081,3
0.548,0.126,3
0.243,0.557,0
0.093,0.767,0
0.567,0.096,3
0.261,0.482,0
0.473,0.067,3
0.439,0.764,0
0.285,0.551,0
0.957,0.581,4
0.41,0.658,0
0.52,0.073,3
0.956,0.539,1
0.266,0.493,0
0.062,0.802,0
0.429,0.683,0
0.472,0.718,0
0.487,0.036,3
0.054,0.809,0
0.282,0.513,0
0.036,0.793,0
0.5,0.075,3
0.383,0.727,0
0.422,0.721,0
0.229,0.494,0
0.457,0.749,0
0.99,0.606,4
0.13,0.822,0
0.366,0.696,0
0.125,0.759,0
1.022,0.53,2
0.27,0.489,0
0.037,0.778,0
0.488,0.777,0
0.054,0.758,0
0.069,0.726,0
0.965,0.535,1
0.089,0.852,0
0.982,0.596,4
0.062,0.727,0
0.196,0.459,0
1.003,0.58,4
0.13,0.756,0
0.245,0.514,0
0.295,0.447,0
0.095,0.781,0
0.467,0.729,0
0.326,0.55,0
0.46,0.751,0
0.976,0.476,2
0.227,0.503,0
0.416,0.738,0
0.513,0.064,3
0.089,0.778,0
0.455,0.068,3
0.382,0.68,0
0.971,0.493,2
0.04,0.786,0
0.104,0.788,0
0.477,0.669,0
0.5,0.708,0
0.946,0.559,1
1.073,0.577,4
0.108,0.741,0
0.522,0.102,3
0.123,0.806,0
0.234,0.539,0
0.036,0.718,0
0.552,0.081,3
0.489,0.767,0
0.465,0.084,3
1.002,0.537,2
0.126,0.465,0
0.418,0.713,0
0.413,0.768,0
0.28,0.5,0
0.974,0.567,4
0.494,0.73,0
0.117,0.767,0
0.474,0.131,3
0.515,0.074,3
1.077,0.462,2
0.557,0.125,3
0.96,0.559,1
0.052,0.783,0
0.232,0.476,0
0.973,0.564,4
0.097,0.756,0
0.523,0.113,3
1.048,0.561,4
0.323,0.446,0
0.239,0.502,0
0.019,0.729,0
0.969,0.526,1
0.373,0.525,0
0.295,0.447,0
0.034,0.789,0
0.223,0.503,0
1.039,0.574,4
0.506,0.066,3
0.97,0.541,1
0.243,0.527,0
0.38,0.06,3
0.003,0.776,0
0.539,0.147,3
0.445,0.12,3
1.002,0.511,2
0.506,0.042,3
0.328,0.509,0
0.469,0.723,0
0.215,0.578,0
0.476,0.004,3
0.486,0.697,0
0.518,0.126,3
0.485,0.076,3
0.936,0.597,1
0.504,0.739,0
1.001,0.535,2
0.947,0.561,1
1.012,0.583,4
0.934,0.571,1
0.455,0.703,0
1.038,0.52,2
0.542,0.104,3
0.469,0.108,3
1.004,0.524,2
0.494,0.772,0
1.061,0.576,4
0.112,0.813,0
0.985,0.508,2
0.144,0.733,0
0.505,0.094,3
0.974,0.471,2
0.494,0.046,3
0.983,0.502,2
0.072,0.818,0
0.219,0.413,0
0.259,0.44,0
0.52,0.097,3
0.398,0.702,0
1.02,0.607,4
0.234,0.521,0
0.335,0.465,0
0.528,0.037,3
0.977,0.535,2
0.189,0.513,0
0.449,0.678,0
0.287,0.478,0
0.496,0.653,0
0.264,0.545,0
0.325,0.527,0
0.006,0.757,0
0.466,0.054,3
0.433,0.737,0
0.003,0.723,0
1.026,0.585,4
0.257,0.518,0
0.532,0.703,0
0.953,0.549,1
0.02,0.774,0
0.486,0.128,3
0.519,0.729,0
0.93,0.514,1
0.5,0.087,3
0.957,0.488,2
0.467,0.063,3
0.265,0.597,0
0.253,0.466,0
0.146,0.754,0
0.233,0.498,0
0.938,0.547,1
1.068,0.505,2
0.451,0.791,0
0.088,0.79,0
0.439,0.799,0
0.998,0.559,4
0.596,0.084,3
0.211,0.485,0
0.26,0.473,0
1.002,0.497,2
0.092,0.796,0
0.422,0.731,0
0.267,0.528,0
0.305,0.458,0
0.089,0.829,0
0.271,0.49,0
0.472,0.039,3
0.946,0.546,1
0.903,0.527,1
0.066,0.78,0
0.555,0.747,0
0.955,0.587,4
1.004,0.545,4
0.099,0.767,0
0.28,0.454,0
0.454,0.649,0
0.485,0.129,3
0.913,0.551,1
0.26,0.49,0
0.944,0.571,1
0.46,0.023,3
0.434,0.75,0
0.263,0.572,0
0.523,0.13,3
0.398,0.785,0
0.414,0.729,0
0.999,0.505,2
0.416,0.711,0
0.208,0.483,0
1.043,0.592,4
0.318,0.504,0
0.297,0.506,0
0.144,0.739,0
0.408,0.793,0
0.114,0.741,0
0.442,0.649,0
0.42,0.704,0
0.043,0.768,0
0.936,0.517,1
0.273,0.559,0
0.312,0.56,0
0.974,0.565,4
0.408,0.727,0
0.942,0.505,1
0.481,0.703,0
0.957,0.592,4
0.301,0.526,0
0.134,0.733,0
0.249,0.517,0
0.198,0.554,0
0.058,0.752,0
0.964,0.612,4
0.113,0.712,0
0.479,0.663,0
0.242,0.56,0
0.414,0.68,0
0.099,0.791,0
1.03,0.533,2
0.943,0.535,1
0.971,0.577,4
0.105,0.865,0
0.454,0.701,0
0.111,0.813,0
0.483,0.007,3
0.37,0.751,0
0.934,0.502,1
0.243,0.456,0
0.905,0.551,1
0.407,0.73,0
0.523,0.083,3
0.462,0.744,0
0.484,0.113,3
0.948,0.54,1
0.518,0.013,3
0.287,0.463,0
0.102,0.8,0
0.98,0.47,2
0.067,0.73,0
0.453,0.659,0
0.459,0.709,0
0.12,0.809,0
0.943,0.546,1
1.044,0.599,4
0.458,0.708,0
0.475,0.705,0
0.503,0.737,0
0.543,0.042,3
0.105,0.827,0
0.942,0.557,1
0.205,0.489,0
1.005,0.542,4
0.991,0.597,4
1.008,0.567,4
0.515,0.075,3
0.523,0.094,3
0.412,0.698,0
0.466,0.094,3
0.203,0.474,0
0.497,0.042,3
0.551,0.049,3
0.089,0.797,0
0.1,0.827,0
0.448,0.712,0
0.189,0.82,0
0.976,0.474,2
0.913,0.512,1
0.059,0.783,0
0.974,0.484,2
0.051,0.807,0
0.265,0.512,0
0.395,0.045,3
0.572,0.076,3
0.984,0.547,4
0.993,0.546,4
0.102,0.834,0
0.44,0.771,0
0.28,0.502,0
1.048,0.551,4
0.119,0.803,0
0.291,0.521,0
0.215,0.474,0
0.473,0.725,0
1.043,0.51,2
0.446,0.709,0
0.503,0.798,0
0.532,0.708,0
0.538,0.023,3
0.997,0.472,2
0.98,0.477,2
0.546,0.152,3
0.519,0.702,0
0.922,0.487,1
0.095,0.808,0
0.246,0.521,0
0.303,0.432,0
0.972,0.601,4
0.531,0.018,3
0.503,0.17,3
0.271,0.514,0
0.552,0.059,3
0.953,0.518,1
0.53,0.714,0
0.924,0.64,4
0.62,0.096,3
0.979,0.529,2
0.071,0.803,0
0.917,0.517,1
0.08,0.789,0
0.064,0.733,0
0.419,0.706,0
0.942,0.536,1
0.532,0.084,3
0.944,0.521,1
0.083,0.827,0
0.242,0.491,0
0.23,0.503,0
0.182,0.859,0
1.005,0.578,4
0.218,0.417,0
0.898,0.532,1
0.038,0.79,0
1.027,0.581,4
0.901,0.511,1
0.246,0.538,0
0.277,0.481,0
0.291,0.571,0
0.454,0.036,3
0.321,0.451,0
0.968,0.518,2
0.232,0.639,0
0.241,0.435,0
0.457,0.727,0
0.472,0.754,0
0.287,0.553,0
0.443,0.715,0
0.337,0.508,0
0.51,0.106,3
0.251,0.508,0
0.081,0.773,0
0.933,0.494,1
0.225,0.463,0
0.561,0.04,3
0.995,0.487,2
0.476,0.749,0
0.099,0.74,0
0.929,0.536,1
0.069,0.798,0
0.192,0.742,0
0.361,0.562,0
0.231,0.442,0
0.407,0.761,0
0.11,0.841,0
0.264,0.518,0
0.53,0.039,3
0.243,0.531,0
0.208,0.485,0
0.22,0.495,0
0.414,0.716,0
0.058,0.768,0
0.423,0.722,0
0.408,0.654,0
0.218,0.479,0
0.416,0.701,0
0.221,0.534,0
0.451,0.03,3
0.108,0.763,0
0.463,0.631,0
0.553,0.058,3
0.465,0.143,3
0.246,0.494,0
0.277,0.459,0
0.317,0.425,0
0.253,0.489,0
0.931,0.548,1
0.156,0.828,0
0.549,0.119,3
0.495,0.073,3
0.987,0.523,2
0.06,0.803,0
0.463,0.666,0
0.334,0.413,0
0.278,0.463,0
0.21,0.447,0
0.534,0.075,3
0.065,0.772,0
0.455,0.681,0
0.008,0.764,0
0.484,0.735,0
0.432,0.796,0
0.962,0.517,1
0.023,0.72,0
0.913,0.521,1
0.028,0.802,0
0.078,0.771,0
0.113,0.76,0
0.138,0.81,0
1.059,0.468,2
0.928,0.576,1
0.94,0.553,1
0.951,0.562,1
0.545,0.155,3
0.445,0.697,0
0.52,0.126,3
0.999,0.531,2
0.492,0.021,3
0.266,0.542,0
0.08,0.827,0
0.48,0.717,0
0.401,0.659,0
0.502,0.08,3
0.22,0.577,0
0.523,0.131,3
0.295,0.48,0
0.309,0.515,0
0.983,0.517,2
0.521,0.056,3
0.49,0.09,3
0.412,0.73,0
0.464,0.701,0
0.926,0.466,1
0.252,0.542,0
0.21,0.503,0
0.562,0.126,3
0.075,0.797,0
0.407,0.652,0
0.461,0.062,3
0.066,0.81,0
0.96,0.557,1
0.395,0.793,0
0.467,0.04,3
0.297,0.474,0
0.072,0.806,0
0.413,0.783,0
0.153,0.733,0
0.923,0.486,1
0.419,0.652,0
0.32,0.476,0
0.173,0.492,0
0.049,0.741,0
0.15,0.827,0
1.028,0.508,2
0.455,0.7,0
0.348,0.439,0
0.268,0.414,0
0.186,0.537,0
0.433,0.729,0
0.53,0.096,3
0.484,0.752,0
0.488,0.041,3
0.118,0.72,0
0.482,0.085,3
0.04,0.771,0
0.051,0.748,0
0.258,0.538,0
0.107,0.792,0
0.399,0.082,3
1.014,0.545,4
0.448,0.786,0
0.486,0.053,3
0.461,0.079,3
0.997,0.59,4
1.041,0.522,2
0.283,0.479,0
0.423,0.671,0
0.055,0.808,0
0.973,0.665,4
0.012,0.762,0
0.488,0.807,0
0.405,0.739,0
0.503,0.039,3
1.05,0.575,4
0.512,0.035,3
0.987,0.622,4
0.358,0.702,0
0.498,0.074,3
0.294,0.451,0
0.914,0.545,1
0.113,0.817,0
0.446,0.692,0
0.932,0.538,1
0.909,0.565,1
0.504,0.801,0
0.144,0.793,0
0.986,0.517,2
0.021,0.882,0
1.03,0.538,2
0.179,0.472,0
0.518,0.101,3
0.419,0.748,0
0.066,0.696,0
0.52,0.103,3
0.995,0.508,2
0.519,0.686,0
0.494,0.744,0
0.27,0.484,0
0.997,0.539,2
1.041,0.611,4
0.054,0.777,0
0.273,0.514,0
0.07,0.772,0
0.137,0.776,0
0.462,0.063,3
0.02,0.734,0
0.994,0.587,4
0.979,0.515,2
0.518,0.728,0
1.008,0.48,2
0.419,0.66,0
0.03,0.792,0
0.057,0.824,0
0.443,0.742,0
0.25,0.471,0
0.451,0.009,3
0.455,0.706,0
0.49,0.068,3
0.246,0.467,0
0.96,0.516,1
0.964,0.563,4
0.036,0.769,0
0.99,0.544,4
0.208,0.492,0
0.063,0.764,0
0.105,0.806,0
0.945,0.584,1
0.409,0.119,3
0.361,0.536,0
0.386,0.758,0
0.42,0.695,0
0.081,0.763,0
0.298,0.518,0
0.367,0.407,0
0.523,0.029,3
0.95,0.535,1
0.037,0.791,0
0.994,0.541,4
0.264,0.541,0
0.601,0.147,3
0.949,0.607,4
0.445,0.791,0
0.095,0.788,0
0.084,0.773,0
0,0.731,0
0.961,0.541,1
0.455,0.745,0
0.924,0.497,1
0.275,0.528,0
0.426,0.697,0
0.147,0.844,0
0.436,0.767,0
0.52,0.055,3
0.101,0.842,0
0.465,0.102,3
0.088,0.77,0
0.407,0.796,0
0.06,0.784,0
0.441,0.754,0
0.407,0.719,0
0.104,0.771,0
1.036,0.585,4
0.993,0.565,4
0.503,0.036,3
0.952,0.569,1
0.306,0.479,0
0.471,0.698,0
0.344,0.775,0
0.598,0,3
0.296,0.452,0
0.031,0.758,0
0.99,0.565,4
1.008,0.598,4
0.123,0.833,0
1.03,0.52,2
0.288,0.503,0
0.234,0.59,0
0.095,0.754,0
0.272,0.553,0
0.395,0.042,3
0.427,0.078,3
0.021,0.743,0
0.369,0.785,0
0.426,0.136,3
0.199,0.479,0
0.06,0.794,0
0.468,0.763,0
0.949,0.568,1
0.296,0.536,0
0.285,0.488,0
0.536,0.095,3
0.471,0.015,3
0.441,0.739,0
0.321,0.497,0
0.943,0.521,1
0.127,0.757,0
0.413,0.734,0
0.308,0.427,0
0.411,0.745,0
0.51,0.125,3
0.539,0.037,3
1.039,0.504,2
0.499,0.016,3
0.253,0.408,0
0.213,0.5,0
0.283,0.489,0
0.096,0.782,0
0.288,0.527,0
0.117,0.811,0
0.486,0.143,3
0.934,0.516,1
0.503,0.085,3
0.155,0.837,0
0.218,0.504,0
0.403,0.682,0
0.532,0.724,0
0.054,0.753,0
0.505,0.716,0
0.488,0.065,3
0.458,0.713,0
0.387,0.697,0
0.495,0.107,3
0.951,0.636,4
0.033,0.772,0
0.476,0.721,0
0.399,0.756,0
0.55,0.11,3
0.48,0.067,3
0.513,0.114,3
0.507,0.098,3
0.194,0.532,0
1.036,0.571,4
0.537,0.706,0
0.513,0.648,0
0.29,0.586,0
0.396,0.746,0
0.453,0.049,3
0.563,0.087,3
0.247,0.428,0
0.895,0.482,1
0.898,0.505,1
0.342,0.664,0
0.122,0.833,0
1.005,0.551,4
0.285,0.48,0
0.515,0.745,0
0.514,0.146,3
0.134,0.845,0
0.014,0.794,0
0.275,0.496,0
0.155,0.829,0
0.423,0.729,0
0.223,0.516,0
0.428,0.774,0
0.501,0.686,0
0.394,0.686,0
0.489,0.083,3
0.463,0.149,3
0.384,0.764,0
0.435,0.74,0
0.082,0.766,0
0.214,0.539,0
0.588,0.024,3
0.975,0.541,1
1.009,0.481,2
1.023,0.59,4
0.319,0.429,0
0.47,0.144,3
0.478,0.094,3
0.565,0.071,3
0.077,0.739,0
0.295,0.532,0
0.259,0.471,0
0.406,0.78,0
0.101,0.746,0
0.432,0.824,0
0.107,0.738,0
1.062,0.528,2
0.065,0.755,0
0.513,0.015,3
0.32,0.486,0
0.925,0.566,1
0.904,0.534,1
1,0.531,2
0.288,0.472,0
0.187,0.475,0
0.321,0.472,0
0.266,0.498,0
0.438,0.755,0
1.031,0.471,2
0.111,0.715,0
0.285,0.513,0
0.248,0.518,0
0.269,0.509,0
0.433,0.063,3
0.237,0.452,0
0.261,0.434,0
0.244,0.571,0
0.259,0.509,0
0.061,0.696,0
0.534,0.015,3
0.039,0.862,0
0.98,0.529,2
0.046,0.819,0
0.239,0.51,0
0.552,0.103,3
0.505,0.157,3
0.903,0.565,1
0.515,0.076,3
0.09,0.78,0
0.972,0.462,2
0.463,0.726,0
0.535,0.065,3
0.287,0.451,0
0.453,0.759,0
0.431,0.781,0
0.916,0.604,1
0.435,0.733,0
0.999,0.579,4
0.472,0.103,3
0.381,0.753,0
0.489,0.094,3
0.977,0.474,2
0.257,0.52,0
0.455,0.095,3
0.486,0.087,3
0.986,0.591,4
0.299,0.499,0
0.084,0.69,0
0.958,0.572,4
0.516,0.044,3
0.53,0.008,3
1.013,0.467,2
0.298,0.49,0
0.43,0.754,0
0.444,0.759,0
0.492,0.088,3
0.563,0.01,3
0.944,0.476,1
0.558,0.118,3
0.453,0.713,0
0.99,0.536,2
0.111,0.821,0
0.133,0.779,0
0.069,0.723,0
0.476,0.075,3
0.939,0.495,1
0.522,0.069,3
0.456,0.029,3
0.031,0.725,0
0.103,0.695,0
0.981,0.547,4
0.959,0.531,1
0.509,0.043,3
0.363,0.729,0
0.146,0.858,0
0.049,0.788,0
0.238,0.424,0
0.445,0.769,0
0.134,0.749,0
0.15,0.807,0
0.948,0.496,1
0.293,0.513,0
0.518,0.057,3
0.532,0.134,3
0.937,0.522,1
0.263,0.49,0
0.256,0.472,0
0.255,0.547,0
0.03,0.764,0
0.256,0.519,0
0.097,0.714,0
0.076,0.767,0
0.461,0.093,3
0.963,0.555,1
0.064,0.763,0
0.933,0.523,1
0.954,0.567,1
0.098,0.765,0
0.047,0.865,0
0.071,0.754,0
0.395,0.715,0
0.549,0.075,3
0.464,0.032,3
0.05,0.788,0
0.516,0.053,3
0.086,0.766,0
0.509,0.04,3
0.245,0.543,0
0.259,0.557,0
0.953,0.534,1
0.944,0.583,1
0.269,0.44,0
0.416,0.792,0
0.049,0.739,0
0.997,0.552,4
0.093,0.818,0
0.498,0.107,3
0.491,0.684,0
0.38,0.712,0
0.052,0.795,0
0.241,0.495,0
0.125,0.763,0
0.997,0.579,4
0.286,0.48,0
0.101,0.834,0
0.443,0.163,3
0.461,0.657,0
0.958,0.558,1
0.329,0.534,0
0.321,0.489,0
0.931,0.493,1
0.511,0.745,0
1.005,0.534,2
0.07,0.801,0
0.118,0.752,0
1.027,0.564,4
0.275,0.516,0
0.476,0.024,3
0.091,0.771,0
0.111,0.8,0
0.453,0.712,0
0.043,0.723,0
0.925,0.529,1
0.429,0.025,3
0.107,0.801,0
1.022,0.551,4
0.514,0.03,3
0.977,0.552,4
0.078,0.718,0
0.5,0.05,3
0.943,0.544,1
0.289,0.482,0
0.03,0.79,0
0.266,0.473,0
0.014,0.831,0
0.297,0.519,0
0.476,0.696,0
0.049,0.783,0
0.46,0.797,0
0.416,0.71,0
0.456,0.702,0
0.452,0.735,0
0.112,0.732,0
0.884,0.481,1
0.382,0.759,0
0.033,0.779,0
0.433,0.704,0
0.986,0.558,4
1.038,0.549,4
0.059,0.852,0
0.266,0.454,0
0.43,0.722,0
0.413,0.698,0
0.044,0.827,0
0.417,0.737,0
0.888,0.502,1
0.911,0.5,1
0.47,0.729,0
0.489,0.07,3
0.226,0.494,0
0.549,0.108,3
0.445,0.039,3
0.124,0.739,0
0.486,0.015,3
0.24,0.5,0
0.4,0.71,0
0.498,0.719,0
0.463,0.063,3
0.946,0.514,1
0.54,0.747,0
0.929,0.489,1
0.989,0.547,4
0.516,0.049,3
0.422,0.71,0
0.32,0.495,0
0.535,0.071,3
0.413,0.762,0
0.963,0.504,2
0.518,0.105,3
0.032,0.814,0
0.235,0.5,0
0.271,0.499,0
0.08,0.759,0
0.468,0.058,3
0.494,0.056,3
0.43,0.744,0
0.945,0.528,1
0.5,0.805,0
0.27,0.53,0
0.226,0.485,0
0.103,0.843,0
0.405,0.726,0
0.102,0.725,0
0.43,0.729,0
0.217,0.471,0
0.064,0.8,0
0.489,0.104,3
0.069,0.786,0
0.248,0.474,0
0.513,0.09,3
0.31,0.425,0
0.486,0.113,3
0.004,0.75,0
0.178,0.444,0
0.536,0.069,3
0.971,0.512,2
0.399,0.77,0
0.277,0.524,0
1.033,0.562,4
0.028,0.799,0
0.977,0.565,4
0.216,0.539,0
0.201,0.57,0
0.513,0.044,3
0.984,0.521,2
0.102,0.791,0
0.268,0.428,0
0.247,0.501,0
0.998,0.604,4
0.549,0.699,0
0.403,0.654,0
0.961,0.66,4
0.306,0.505,0
0.476,0.072,3
1.008,0.478,2
0.013,0.793,0
0.451,0.131,3
0.283,0.474,0
0.259,0.47,0
0.281,0.537,0
0.455,0.069,3
0.438,0.741,0
0.039,0.804,0
1.037,0.477,2
0.107,0.763,0
0.508,0.068,3
0.463,0.745,0
0.128,0.837,0
0.402,0.739,0
0.073,0.797,0
0.049,0.778,0
0.441,0.687,0
0.485,0.672,0
0.117,0.79,0
0.947,0.538,1
0.997,0.578,4
0.967,0.612,4
0.075,0.718,0
0.915,0.492,1
0.108,0.772,0
0.023,0.729,0
0.532,0.143,3
0.958,0.566,1
1.004,0.561,4
0.457,0.686,0
0.586,0.1,3
0.489,0.089,3
0.908,0.58,1
0.502,0.101,3
0.1,0.798,0
0.422,0.755,0
0.239,0.452,0
0.456,0.098,3
0.987,0.551,4
1.038,0.476,2
0.501,0.167,3
0.516,0.021,3
0.932,0.55,1
0.066,0.729,0
0.319,0.54,0
0.072,0.773,0
0.44,0.698,0
0.491,0.694,0
0.351,0.482,0
1.011,0.593,4
0.998,0.593,4
0.243,0.539,0
0.091,0.793,0
0.063,0.756,0
0.022,0.699,0
0.52,0.092,3
0.474,0.718,0
1.033,0.501,2
0.981,0.479,2
0.119,0.782,0
0.457,0.717,0
0.94,0.532,1
0.968,0.537,1
0.507,0.074,3
0.044,0.782,0
0.424,0.71,0
0.308,0.471,0
0.597,0.114,3
0.408,0.773,0
0.462,0.762,0
0.982,0.613,4
0.481,0.779,0
0.908,0.624,1
0.514,0.085,3
0.426,0.059,3
0.278,0.516,0
0.192,0.478,0
0.013,0.744,0
0.246,0.506,0
0.495,0.065,3
0.282,0.498,0
0.499,0.087,3
0.484,0.048,3
0.575,0.16,3
0.129,0.728,0
0.435,0.105,3
0.241,0.486,0
0.468,0.115,3
0.456,0.103,3
0.005,0.783,0
0.448,0.753,0
0.08,0.758,0
0.254,0.499,0
0.453,0.731,0
0.465,0.814,0
0.004,0.77,0
0.243,0.547,0
0.462,0.734,0
0.449,0.091,3
0.44,0.062,3
1.039,0.556,4
0.094,0.792,0
0.084,0.766,0
0.411,0.772,0
0.207,0.481,0
0.55,0.092,3
0.487,0.76,0
0.296,0.487,0
0.128,0.741,0
0.38,0.719,0
0.476,0.705,0
0.048,0.765,0
0.08,0.796,0
0.437,0.683,0
0.552,0.078,3
0.032,0.724,0
1.016,0.568,4
0.327,0.542,0
1.008,0.569,4
0.508,0.041,3
1.038,0.529,2
0.959,0.568,4
0.244,0.463,0
0.492,0.771,0
1.05,0.596,4
0.258,0.452,0
0.512,0.014,3
0.486,0.067,3
0.496,0.046,3
0.518,0.093,3
0.035,0.777,0
0.099,0.8,0
0.436,0.663,0
0.336,0.486,0
0.52,0.067,3
0.29,0.503,0
0.997,0.534,2
1.072,0.493,2
0.06,0.738,0
0.124,0.794,0
0.43,0.734,0
0.306,0.457,0
0.068,0.798,0
0.454,0.705,0
0.293,0.484,0
0.531,0.097,3
1.055,0.529,2
0.453,0.054,3
0.454,0.798,0
0.273,0.519,0
0.891,0.528,1
0.264,0.484,0
0.985,0.498,2
0.541,0.062,3
0.413,0.024,3
0.44,0.111,3
0.419,0.085,3
0.445,0.702,0
0.446,0.032,3
0.036,0.839,0
0.864,0.539,1
0.094,0.778,0
0.507,0.643,0
0.334,0.477,0
0.542,0.008,3
0.434,0.002,3
0.978,0.597,4
0.472,0.765,0
0.445,0.807,0
0.283,0.434,0
0.965,0.576,4
0.106,0.799,0
0.085,0.74,0
0.561,0,3
0.496,0.01,3
0.076,0.762,0
0.983,0.546,4
0.094,0.846,0
0.061,0.733,0
0.492,0.682,0
0.005,0.76,0
1.004,0.607,4
0.563,0.016,3
0.972,0.627,4
0.274,0.391,0
0.071,0.768,0
0.033,0.729,0
0.39,0.704,0
0.105,0.779,0
0.449,0.784,0
0.508,0.62,0
0.28,0.477,0
0.994,0.51,2
0.984,0.516,2
0.971,0.557,4
0.444,0.743,0
0.208,0.465,0
1.006,0.559,4
0.433,0.747,0
1.01,0.505,2
0.085,0.789,0
0.037,0.84,0
0.409,0.719,0
0.103,0.757,0
0.012,0.743,0
1.097,0.546,2
0.078,0.817,0
0.426,0.777,0
0.443,0.715,0
0.93,0.59,1
1.004,0.518,2
0.408,0.65,0
0.284,0.536,0
0.994,0.464,2
0.233,0.423,0
0.934,0.591,1
0.428,0.734,0
0.027,0.825,0
0.934,0.585,1
0.482,0.805,0
0.999,0.505,2
0.458,0.033,3
0.463,0.059,3
0.541,0.1,3
0.035,0.794,0
0.487,0.063,3
0.438,0.806,0
0.499,0.127,3
0.09,0.783,0
0.077,0.805,0
0.507,0.009,3
1.039,0.523,2
0.15,0.803,0
0.511,0.111,3
0.265,0.483,0
0.262,0.497,0
0.964,0.552,1
0.382,0.712,0
0.396,0.754,0
0.06,0.815,0
0.5,0.023,3
0.246,0.472,0
0.487,0.01,3
1.018,0.596,4
0.561,0.058,3
0.111,0.751,0
0.414,0.12,3
0.257,0.486,0
0.987,0.505,2
0.125,0.787,0
0.423,0.696,0
0.418,0.719,0
0.009,0.797,0
0.513,0.045,3
0.947,0.55,1
0.528,0.143,3
0.272,0.535,0
0.531,0.122,3
0.292,0.482,0
0.136,0.777,0
0.962,0.469,2
0.08,0.795,0
0.414,0.835,0
0.233,0.476,0
1,0.538,2
0.278,0.45,0
0.256,0.509,0
0.495,0.087,3
0.476,0.079,3
0.038,0.794,0
0.493,0.707,0
0.958,0.556,1
0.41,0.712,0
0.462,0.795,0
0.966,0.518,1
0.555,0.089,3
0.297,0.509,0
0.472,0.711,0
0.901,0.502,1
0.156,0.537,0
1.013,0.575,4
0.255,0.495,0
0.583,0.11,3
0.286,0.474,0
0.982,0.481,2
0.29,0.503,0
0.381,0.493,0
0.055,0.731,0
0.554,0.108,3
0.438,0.087,3
0.972,0.566,4
0.02,0.722,0
0.067,0.767,0
0.907,0.514,1
0.467,0.063,3
0.09,0.757,0
0.47,0.033,3
0.331,0.403,0
0.987,0.5,2
0.48,0.755,0
0.505,0.075,3
0.438,0.728,0
1.047,0.573,4
0.438,0.781,0
0.522,0.079,3
0.973,0.581,4
0.298,0.41,0
0.029,0.772,0
0.56,0.111,3
0.203,0.486,0
0.539,0.738,0
0.506,0.715,0
0.26,0.551,0
0.385,0.665,0
0.473,0.102,3
0.085,0.772,0
0.973,0.513,2
0.305,0.534,0
0.254,0.444,0
0.262,0.478,0
1.069,0.525,2
0.542,0.032,3
0.491,0.743,0
0.078,0.797,0
0.098,0.853,0
0.488,0.698,0
0.529,0.132,3
0.099,0.769,0
0.15,0.822,0
0.912,0.578,1
0.506,0.067,3
0.228,0.549,0
0.375,0.659,0
0.462,0.681,0
0.054,0.726,0
0.215,0.464,0
0.415,0.733,0
0.088,0.787,0
0.5,0.722,0
0.474,0.112,3
0.214,0.492,0
0.509,0.125,3
0.464,0.054,3
0.219,0.527,0
0.466,0.149,3
0.262,0.505,0
0.444,0.769,0
0.088,0.777,0
0.079,0.818,0
0.309,0.519,0
0.095,0.846,0
0.083,0.781,0
0.338,0.724,0
0.47,0.025,3
0.074,0.78,0
0.299,0.464,0
0.252,0.525,0
0.23,0.524,0
1.042,0.556,4
0.524,0.063,3
0.092,0.785,0
0.11,0.783,0
0.49,0.051,3
0.928,0.551,1
0.407,0.745,0
0.524,0.062,3
0.098,0.795,0
0.047,0.836,0
0.282,0.53,0
0.349,0.499,0
1.021,0.537,2
0.905,0.548,1
0.321,0.475,0
0.042,0.764,0
0.931,0.535,1
0.53,0.08,3
0.469,0.106,3
0.56,0.055,3
0.22,0.558,0
1.045,0.603,4
0.297,0.544,0
0.398,0.667,0
0.289,0.461,0
0.975,0.517,2
0.07,0.786,0
0.97,0.591,4
0.453,0.812,0
0.445,0.766,0
0.583,0.095,3
0.232,0.483,0
0.119,0.794,0
0.479,0.713,0
0.23,0.606,0
0.31,0.52,0
0.061,0.783,0
1.041,0.488,2
0.29,0.461,0
0.119,0.851,0
0.95,0.557,1
0.473,0.695,0
0.525,0.016,3
0.993,0.555,4
0.389,0.792,0
0.246,0.549,0
0.486,0.03,3
0.445,0.69,0
0.932,0.534,1
0.05,0.75,0
0.466,0.071,3
0.416,0.028,3
0.287,0.462,0
0.033,0.707,0
0.916,0.517,1
0.464,0.653,0
0.007,0.696,0
0.483,0.153,3
0.425,0.738,0
0.424,0.025,3
0.896,0.562,1
0.401,0.516,0
0.541,0.143,3
0.064,0.752,0
0.509,0.126,3
0.461,0.721,0
0.035,0.78,0
0.429,0.629,0
0.129,0.81,0
0.09,0.831,0
0.268,0.496,0
0.526,0.047,3
0.111,0.866,0
0.194,0.43,0
0.073,0.825,0
0.525,0.065,3
0.437,0.757,0
0.286,0.562,0
0.452,0.669,0
0.521,0.103,3
0.201,0.574,0
0.098,0.77,0
0.98,0.556,4
0.406,0.814,0
0.949,0.592,4
0.087,0.775,0
0.373,0.651,0
0.033,0.741,0
1.006,0.505,2
0.956,0.524,1
0.466,0.134,3
0.46,0.717,0
1.014,0.593,4
0.975,0.491,2
0.417,0.814,0
0.902,0.465,1
0.417,0.742,0
0.054,0.786,0
0.479,0.07,3
0.461,0.716,0
0.018,0.898,0
0.416,0.671,0
0.069,0.807,0
0.26,0.466,0
0.429,0.024,3
0.472,0.674,0
0.218,0.556,0
0.231,0.494,0
0.058,0.771,0
0.304,0.502,0
0.474,0.783,0
0.93,0.494,1
0.472,0.665,0
1.052,0.518,2
0.924,0.496,1
0.307,0.497,0
0.439,0.744,0
1.004,0.517,2
0.534,0.126,3
0.945,0.445,2
0.939,0.561,1
0.525,0.735,0
0.44,0.747,0
0.025,0.839,0
0.473,0.068,3
0.488,0.084,3
1.026,0.497,2
0.386,0.76,0
0.413,0.783,0
0.052,0.752,0
0.454,0.713,0
0.425,0.757,0
0.495,0.129,3
0.096,0.801,0
0.3,0.463,0
0.562,0.086,3
0.3,0.525,0
0.412,0.698,0
0.311,0.487,0
0.275,0.503,0
0.275,0.538,0
0.399,0.735,0
0.11,0.78,0
0.276,0.508,0
0.106,0.795,0
0.083,0.788,0
0.955,0.579,4
0.046,0.688,0
0.262,0.502,0
0.491,0.002,3
0.442,0.8,0
0.439,0.736,0
0.515,0.027,3
1.003,0.573,4
0.506,0.051,3
0.057,0.814,0
0.289,0.536,0
0.419,0.729,0
0.204,0.492,0
0.042,0.823,0
0.102,0.729,0
0.085,0.74,0
0.424,0.744,0
0.519,0.097,3
0.523,0.026,3
0.468,0.653,0
0.022,0.742,0
0.947,0.492,1
0.207,0.515,0
0.198,0.575,0
0.026,0.834,0
0.501,0.124,3
0.444,0.675,0
0.484,0.149,3
0.421,0.71,0
0.311,0.5,0
0.449,0.69,0
0.938,0.484,1
0.24,0.419,0
0.934,0.581,1
0.237,0.529,0
1.009,0.545,4
0.015,0.766,0
0.993,0.582,4
1.027,0.555,4
0.1,0.869,0
0.103,0.78,0
0.533,0.014,3
0.082,0.754,0
0.943,0.529,1
0.497,0.067,3
0.495,0.109,3
0.956,0.508,1
0.46,0.044,3
1.014,0.529,2
0.453,0.643,0
0.465,0.747,0
0.954,0.586,4
0.383,0.762,0
0.054,0.771,0
0.379,0.696,0
0.52,0.072,3
0.301,0.482,0
0.989,0.471,2
0.968,0.545,1
0.28,0.515,0
0.263,0.508,0
1.015,0.524,2
0.09,0.779,0
0.055,0.762,0
0.083,0.82,0
0.512,0.033,3
0.99,0.547,4
0.438,0.746,0
0.454,0.736,0
0.541,0.067,3
0.316,0.5,0
0.495,0.06,3
1.035,0.558,4
0.445,0.723,0
0.221,0.544,0
0.045,0.844,0
0.105,0.817,0
0.265,0.508,0
0.39,0.713,0
0.511,0.001,3
0.472,0.686,0
0.414,0.707,0
0.446,0.684,0
0.497,0.743,0
0.381,0.763,0
0.256,0.476,0
0.514,0.141,3
0.338,0.432,0
0.391,0.745,0
0.424,0.797,0
0.028,0.838,0
0.285,0.478,0
0.061,0.745,0
0.94,0.54,1
0.498,0.057,3
0.338,0.522,0
0.112,0.792,0
0.288,0.592,0
0.919,0.529,1
0.302,0.493,0
0.056,0.715,0
0.086,0.794,0
0.114,0.774,0
0.298,0.496,0
0.468,0.676,0
0.238,0.501,0
0.993,0.579,4
0.503,0.013,3
0.489,0.09,3
0.464,0.728,0
0.498,0.087,3
0.457,0.096,3
0.513,0.108,3
0.97,0.561,4
0.024,0.855,0
0.43,0.756,0
0.075,0.704,0
0.206,0.501,0
0.242,0.58,0
0.563,0.743,0
0.409,0.779,0
0.574,0.037,3
0.926,0.606,1
0.016,0.728,0
0.418,0.106,3
0.042,0.776,0
0.963,0.491,2
0.066,0.876,0
0.526,0.084,3
0.281,0.513,0
0.323,0.498,0
0.032,0.781,0
0.334,0.485,0
0.452,0.108,3
0.972,0.522,2
0.428,0.124,3
0.008,0.842,0
0.476,0.087,3
0.304,0.508,0
0.042,0.712,0
0.48,0.008,3
0.526,0.019,3
0.183,0.457,0
0.979,0.569,4
0.432,0.782,0
0.99,0.588,4
0.033,0.882,0
0.389,0.106,3
0.305,0.428,0
0.118,0.814,0
0.46,0.715,0
0.1,0.774,0
0.524,0.079,3
0.281,0.473,0
0.428,0.01,3
0.274,0.496,0
0.269,0.466,0
0.366,0.461,0
0.33,0.484,0
0.313,0.465,0
0.519,0.044,3
0.505,0.076,3
0.123,0.658,0
0.967,0.559,4
0.046,0.825,0
0.103,0.768,0
0.082,0.718,0
1.008,0.485,2
0.141,0.764,0
0.094,0.786,0
0.224,0.486,0
0.38,0.758,0
0.172,0.755,0
0.452,0.739,0
0.977,0.583,4
0.156,0.811,0
0.448,0.723,0
0.446,0.691,0
0.485,0.065,3
0.498,0.045,3
0.532,0.115,3
0.352,0.465,0
0.553,0.175,3
0.047,0.804,0
0.321,0.498,0
0.202,0.481,0
0.308,0.472,0
0.079,0.755,0
0.487,0.176,3
0.974,0.485,2
0.055,0.738,0
0.052,0.802,0
1.037,0.58,4
0.189,0.429,0
0.101,0.767,0
0.501,0.138,3
0.543,0.1,3
0.421,0.722,0
0.106,0.718,0
0.085,0.814,0
1.006,0.457,2
0.977,0.483,2
0.094,0.826,0
0.498,0.796,0
0.242,0.507,0
0.11,0.779,0
0.535,0.143,3
0.505,0.019,3
0.467,0.036,3
0.145,0.801,0
0.526,0.068,3
0.392,0.712,0
0.385,0.696,0
0.067,0.802,0
0.02,0.86,0
0.009,0.818,0
0.933,0.575,1
0.45,0.749,0
0.467,0.735,0
0.101,0.797,0
0.483,0.076,3
0.498,0.095,3
0.085,0.782,0
0.443,0.039,3
0.966,0.528,1
1.006,0.489,2
0.962,0.451,2
0.508,0.806,0
0.095,0.757,0
0.281,0.592,0
0.087,0.756,0
0.23,0.514,0
0.515,0.04,3
0.489,0.087,3
0.055,0.692,0
0.958,0.524,1
0.076,0.736,0
0.496,0.669,0
0.415,0.673,0
0.102,0.778,0
0.992,0.47,2
0.114,0.808,0
0.452,0.702,0
0.558,0.034,3
0.259,0.506,0
0.35,0.425,0
0.976,0.498,2
0.479,0.077,3
0.947,0.468,2
0.55,0.043,3
0.41,0.698,0
1.062,0.483,2
0.495,0.056,3
0.51,0.055,3
0.438,0.023,3
0.045,0.724,0
0.408,0.765,0
1,0.55,4
0.949,0.541,1
0.261,0.502,0
0.988,0.508,2
0.039,0.771,0
0.122,0.783,0
0.062,0.884,0
0.224,0.461,0
0.067,0.788,0
0.497,0.073,3
1.018,0.515,2
0.448,0.768,0
0.521,0.056,3
0.406,0.718,0
0.442,0.716,0
0.519,0.089,3
0.461,0.712,0
0.408,0.728,0
0.117,0.774,0
0.249,0.543,0
0.37,0.67,0
0.266,0.496,0
0.265,0.506,0
0.376,0.657,0
0.486,0.028,3
0.063,0.757,0
0.47,0.776,0
0.293,0.482,0
0.2,0.508,0
0.356,0.55,0
0.425,0.714,0
0.242,0.514,0
0.275,0.457,0
0.436,0.689,0
0.972,0.59,4
0.245,0.425,0
0.071,0.75,0
1,0.53,2
0.115,0.81,0
0.24,0.509,0
1.028,0.56,4
0.226,0.5,0
0.994,0.619,4
0.952,0.568,1
0.04,0.818,0
0.45,0.734,0
0.985,0.522,2
0.985,0.493,2
0.502,0.055,3
0.479,0.104,3
0.242,0.568,0
0.99,0.477,2
0.149,0.719,0
0.111,0.851,0
0.348,0.528,0
0.044,0.709,0
0.387,0.696,0
0.11,0.761,0
0.978,0.482,2
0.45,0.123,3
0.057,0.786,0
0.945,0.502,1
0.052,0.798,0
1,0.549,4
0.504,0.037,3
0.509,0.097,3
0.527,0.121,3
0.428,0.764,0
0.277,0.485,0
0.977,0.526,2
0.524,0.084,3
0.21,0.512,0
0.495,0.005,3
0.961,0.488,2
0.497,0.032,3
0.409,0.755,0
0.044,0.82,0
0.183,0.419,0
0.216,0.52,0
1.01,0.545,4
0.51,0.075,3
0.983,0.612,4
0.508,0.073,3
0.532,0.717,0
0.475,0.033,3
0.219,0.548,0
0.411,0.747,0
0.227,0.529,0
0.483,0.074,3
0.966,0.492,2
0.433,0.728,0
0.493,0.733,0
0.204,0.484,0
0.548,0.023,3
0.46,0.061,3
0.436,0.708,0
0.041,0.683,0
0.08,0.807,0
0.105,0.798,0
0.95,0.52,1
0.446,0.716,0
0.498,0.752,0
0.028,0.721,0
0.088,0.766,0
0.93,0.546,1
0.088,0.855,0
0.454,0.097,3
0.499,0.105,3
0.115,0.791,0
0.044,0.82,0
0.432,0.685,0
0.291,0.446,0
0.108,0.773,0
0.364,0.708,0
0.508,0.047,3
0.542,0.066,3
1.005,0.425,2
0.056,0.756,0
0.058,0.78,0
0.478,0.008,3
0.491,0.059,3
0.407,0.766,0
0.218,0.426,0
0.463,0.08,3
0.483,0.055,3
0.133,0.843,0
0.051,0.768,0
0.468,0.749,0
0.273,0.47,0
0.498,0.081,3
0.427,0.754,0
0.16,0.481,0
0.257,0.501,0
0.521,0.037,3
0.991,0.521,2
0.096,0.784,0
0.251,0.508,0
0.984,0.527,2
0.944,0.526,1
0.501,0.019,3
0.416,0.754,0
0.061,0.779,0
0.411,0.725,0
1.05,0.576,4
0.455,0.736,0
0.236,0.486,0
0.058,0.787,0
1.011,0.567,4
0.083,0.727,0
0.261,0.54,0
1.068,0.532,2
0.479,0.041,3
0.411,0.076,3
0.401,0.721,0
0.005,0.751,0
0.112,0.728,0
0.25,0.486,0
0.99,0.554,4
0.419,0.812,0
0.029,0.765,0
1.064,0.547,4
0.246,0.484,0
0.982,0.548,4
0.13,0.728,0
0.282,0.491,0
0.365,0.776,0
0.306,0.522,0
0.982,0.513,2
0.514,0.695,0
0.428,0.766,0
0.545,0.09,3
0.449,0.708,0
0.299,0.607,0
0.486,0.041,3
1.033,0.533,2
0.928,0.562,1
0.394,0.779,0
0.037,0.769,0
0.132,0.798,0
0.422,0.772,0
0.995,0.575,4
0.286,0.521,0
0.47,0.738,0
0.28,0.456,0
0.461,0.063,3
0.258,0.563,0
0.996,0.526,2
0.047,0.787,0
0.064,0.793,0
0.276,0.474,0
0.104,0.878,0
0.217,0.471,0
1.059,0.515,2
1.036,0.502,2
0.557,0.087,3
0.49,0.692,0
0.109,0.763,0
0.458,0.685,0
0.467,0.74,0
0.468,0.104,3
0.953,0.613,4
0.282,0.498,0
0.487,0.105,3
0.238,0.493,0
0.248,0.454,0
0.07,0.785,0
0.54,0.077,3
0.303,0.54,0
0.253,0.495,0
0.47,0.105,3
0.061,0.829,0
0.979,0.535,2
1,0.601,4
0.397,0.667,0
1.078,0.529,2
1.037,0.564,4
0.426,0.177,3
0.409,0.701,0
0.502,0.092,3
1.051,0.505,2
0.084,0.857,0
0.557,0.129,3
0.39,0.528,0
0.983,0.423,2
0.468,0.722,0
0.97,0.567,4
0.925,0.507,1
0.552,0.098,3
0.285,0.542,0
0.41,0.796,0
0.386,0.766,0
0.251,0.463,0
0.489,0.063,3
0.063,0.805,0
0.429,0.721,0
0.074,0.735,0
0.411,0.717,0
0.923,0.545,1
0.166,0.774,0
0.562,0.116,3
1.003,0.503,2
0.124,0.766,0
0.905,0.511,1
0.52,0.756,0
1.002,0.505,2
0.927,0.46,1
0.034,0.732,0
0.488,0.1,3
0.115,0.779,0
0.498,0.133,3
0.439,0.029,3
0.552,0.098,3
0.009,0.821,0
0.278,0.544,0
0.218,0.542,0
0.485,0.117,3
0.428,0.696,0
0.991,0.492,2
0.495,0.04,3
0.538,0.1,3
0.06,0.794,0
0.418,0.725,0
0.98,0.592,4
0.458,0.772,0
0.376,0.723,0
0.97,0.491,2
0.562,0.126,3
0.456,0.764,0
1.018,0.547,4
0.445,0.706,0
0.215,0.492,0
0.505,0.76,0
0.255,0.558,0
0.419,0.72,0
0.128,0.851,0
0.459,0.724,0
0.416,0.747,0
0.295,0.449,0
0.461,0.685,0
0.241,0.475,0
0.371,0.698,0
0.21,0.474,0
0.116,0.822,0
0.281,0.52,0
0.415,0.757,0
0.419,0.733,0
0.017,0.752,0
0.26,0.5,0
0.471,0.81,0
0.296,0.514,0
1.005,0.532,2
0.316,0.432,0
0.42,0.727,0
0.028,0.701,0
0.238,0.523,0
0.018,0.812,0
0.447,0.679,0
0.472,0.12,3
0.083,0.79,0
0.432,0.738,0
0.396,0.696,0
0.22,0.543,0
0.432,0.754,0
0.512,0.121,3
0.517,0.098,3
0.427,0.718,0
0.53,0.098,3
0.469,0.714,0
0.44,0.746,0
0.955,0.606,4
0.226,0.473,0
0.948,0.59,4
1.02,0.534,2
0.448,0.762,0
0.263,0.453,0
0.076,0.704,0
0.422,0.732,0
0.508,0.773,0
0.96,0.566,4
0.968,0.524,1
0.398,0.088,3
0.273,0.471,0
0.515,0.711,0
0.964,0.479,2
0.1,0.779,0
0.415,0.717,0
0.437,0.731,0
0.468,0.727,0
0.275,0.54,0
0.513,0.109,3
0.269,0.493,0
0.916,0.559,1
0.397,0.691,0
1.055,0.492,2
0.419,0.683,0
0.919,0.537,1
0.381,0.686,0
0.036,0.76,0
0.051,0.849,0
0.092,0.794,0
0.5,0.736,0
0.493,0.124,3
0.073,0.85,0
0.891,0.487,1
0.998,0.551,4
0.965,0.562,4
0.105,0.77,0
0.429,0.73,0
0.3,0.526,0
0.314,0.439,0
0.061,0.819,0
0.548,0.041,3
1.055,0.562,4
0.538,0.109,3
0.282,0.492,0
0.939,0.589,1
0.283,0.486,0
0.069,0.792,0
0.27,0.508,0
0.236,0.531,0
0.017,0.762,0
0.473,0.703,0
0.209,0.476,0
0.527,0.039,3
0.977,0.512,2
1.032,0.509,2
0.232,0.537,0
0.106,0.733,0
0.992,0.545,4
0.929,0.51,1
0.265,0.499,0
0.041,0.794,0
0.493,0.001,3
0.357,0.727,0
0.418,0.767,0
0.297,0.471,0
0.112,0.79,0
0.525,0.046,3
0.295,0.479,0
0.5,0.054,3
0.105,0.8,0
0.475,0.123,3
0.495,0.064,3
0.454,0.765,0
0.958,0.536,1
0.221,0.502,0
0.407,0.667,0
0.469,0.013,3
1.09,0.514,2
0.528,0.05,3
0.473,0.135,3
0.042,0.76,0
0.496,0.087,3
0.458,0.709,0
1.045,0.499,2
0.502,0.663,0
0.082,0.804,0
0.04,0.719,0
0.231,0.595,0
0.493,0.086,3
0.454,0.723,0
0.24,0.505,0
1.009,0.568,4
0.159,0.804,0
0.268,0.444,0
0.486,0.709,0
0.541,0.048,3
0.427,0.78,0
0.552,0.134,3
0.002,0.748,0
0.413,0.076,3
0.932,0.571,1
0.432,0.738,0
0.059,0.777,0
0.936,0.509,1
0.086,0.718,0
0.456,0.7,0
0.251,0.552,0
0.935,0.538,1
0.407,0.69,0
0.434,0.731,0
0.266,0.509,0
0.399,0.805,0
0.957,0.549,1
1.016,0.435,2
0.442,0.725,0
0.375,0.486,0
0.285,0.474,0
0.991,0.563,4
0.471,0.123,3
0.419,0.754,0
0.224,0.463,0
0.524,0.019,3
0.057,0.696,0
0.521,0.742,0
0.504,0.056,3
0.438,0.087,3
0.463,0.725,0
0.057,0.77,0
0.558,0.006,3
0.345,0.516,0
0.978,0.502,2
0.054,0.754,0
0.099,0.798,0
0.541,0.075,3
0.413,0.749,0
1.01,0.557,4
0.947,0.531,1
0.534,0.713,0
0.484,0.776,0
0.168,0.543,0
0.127,0.783,0
0.28,0.542,0
0.5,0.798,0
0.111,0.751,0
0.115,0.77,0
0.266,0.474,0
0.532,0.006,3
0.946,0.553,1
0.072,0.812,0
0.531,0.056,3
0.394,0.72,0
0.235,0.533,0
0.485,0.712,0
0.366,0.743,0
0.069,0.802,0
0.492,0.083,3
0.536,0.092,3
0.066,0.744,0
0.979,0.534,2
0.135,0.789,0
0.921,0.524,1
0.501,0.715,0
0.533,0.128,3
1.019,0.563,4
0.04,0.871,0
1.002,0.54,4
0.197,0.483,0
0.342,0.749,0
0.117,0.771,0
1.059,0.503,2
0.025,0.757,0
0.229,0.466,0
0.538,0.077,3
0.549,0.111,3
0.075,0.754,0
0.012,0.826,0
0.891,0.525,1
0.083,0.764,0
0.281,0.511,0
0.502,0.054,3
0.078,0.713,0
0.144,0.759,0
0.457,0.081,3
0.963,0.569,4
0.988,0.513,2
0.958,0.563,1
0.285,0.516,0
0.324,0.678,0
0.544,0.054,3
0.485,0.01,3
0.05,0.759,0
0.089,0.77,0
0.103,0.718,0
0.077,0.798,0
0.455,0.664,0
0.452,0.027,3
0.208,0.499,0
0.418,0.036,3
0.398,0.751,0
0.278,0.535,0
0.038,0.8,0
0.313,0.458,0
0.93,0.499,1
0.997,0.547,4
0.235,0.497,0
0.089,0.75,0
0.121,0.786,0
0.086,0.797,0
0.178,0.791,0
0.023,0.787,0
0.968,0.513,2
0.26,0.564,0
0.429,0.79,0
0.048,0.766,0
0.972,0.559,4
0.37,0.694,0
0.441,0.717,0
0.434,0.728,0
0.082,0.853,0
0.495,0.079,3
0.035,0.796,0
0.529,0.045,3
0.545,0.078,3
0.262,0.569,0
0.436,0.028,3
0.102,0.789,0
0.125,0.756,0
0.306,0.5,0
0.447,0.782,0
0.497,0.617,0
0.501,0.101,3
0.516,0.007,3
0.471,0.054,3
1.033,0.559,4
0.228,0.547,0
0.449,0.734,0
0.446,0.78,0
0.446,0.732,0
0.336,0.548,0
0.054,0.769,0
0.98,0.468,2
0.954,0.522,1
0.074,0.784,0
0.282,0.473,0
0.551,0.059,3
0.228,0.541,0
0.57,0.152,3
0.987,0.531,2
0.022,0.746,0
0.432,0.69,0
0.421,0.058,3
0.502,0.665,0
0.471,0.1,3
0.321,0.577,0
0.452,0.069,3
0.075,0.76,0
0.505,0.148,3
0.493,0.098,3
0.448,0.674,0
0.989,0.525,2
0.247,0.488,0
0.298,0.493,0
0.967,0.509,2
0.469,0.742,0
0.324,0.501,0
0.512,0.09,3
0.477,0.096,3
1.003,0.499,2
0.449,0.074,3
1.003,0.544,4
0.45,0.641,0
0.477,0.801,0
0.466,0.734,0
0.277,0.507,0
0.487,0.708,0
0.08,0.748,0
0.46,0.005,3
0.502,0.072,3
0.442,0.728,0
0.521,0.077,3
0.427,0.085,3
0.397,0.73,0
0.914,0.485,1
1.018,0.566,4
0.113,0.837,0
0.086,0.768,0
0.265,0.501,0
0.107,0.797,0
0.972,0.64,4
0.204,0.511,0
0.028,0.741,0
0.437,0.064,3
0.144,0.819,0
0.112,0.756,0
0.513,0.044,3
0.355,0.506,0
0.099,0.78,0
0.315,0.483,0
0.454,0.008,3
0.98,0.548,4
0.069,0.79,0
1.012,0.493,2
0.516,0.011,3
0.511,0.09,3
0.021,0.818,0
0.396,0.754,0
0.465,0.76,0
0.954,0.579,4
0.946,0.496,1
0.311,0.508,0
0.486,0.742,0
0.185,0.481,0
0.303,0.511,0
0.138,0.758,0
0.44,0.706,0
0.36,0.77,0
0.243,0.448,0
0.488,0.087,3
0.096,0.768,0
0.404,0.081,3
0.414,0.776,0
0.53,0.008,3
0.169,0.48,0
0.043,0.778,0
0.091,0.872,0
0.252,0.573,0
0.033,0.762,0
0.261,0.523,0
0.006,0.695,0
0.957,0.52,1
0.425,0.785,0
0.07,0.694,0
0.108,0.675,0
0.266,0.482,0
0.952,0.437,2
0.294,0.507,0
0.364,0.523,0
0.259,0.454,0
0.07,0.784,0
0.073,0.806,0
0.022,0.758,0
0.46,0.782,0
0.124,0.817,0
0.237,0.533,0
0.113,0.829,0
0.41,0.698,0
0.424,0.119,3
0.129,0.791,0
0.512,0.018,3
0.938,0.476,1
0.524,0.099,3
0.368,0.511,0
0.256,0.479,0
0.983,0.499,2
0.901,0.577,1
0.061,0.786,0
0.998,0.591,4
0.064,0.762,0
0.455,0.706,0
0.056,0.775,0
0.275,0.467,0
1,0.556,4
0.283,0.47,0
0.454,0.074,3
0.441,0.766,0
0.224,0.513,0
0.93,0.498,1
0.979,0.559,4
0.517,0.039,3
0.432,0.673,0
0.066,0.798,0
0.072,0.77,0
0.509,0.11,3
0.085,0.717,0
0.493,0.739,0
0.992,0.573,4
0.251,0.562,0
0.402,0.756,0
0.444,0.743,0
1.03,0.643,4
0.483,0.718,0
0.074,0.863,0
0.532,0.06,3
0.438,0.722,0
0.056,0.859,0
0.26,0.518,0
0.228,0.506,0
0.931,0.546,1
0.951,0.598,4
0.966,0.541,1
0.454,0.65,0
0.511,0.08,3
0.498,0.049,3
0.497,0.061,3
1.027,0.531,2
0.501,0.111,3
0.124,0.773,0
0.502,0.05,3
0.363,0.703,0
0.053,0.765,0
0.491,0.048,3
0.999,0.591,4
0.981,0.521,2
0.175,0.515,0
0.315,0.519,0
0.463,0.717,0
0.144,0.764,0
0.961,0.521,1
0.494,0.126,3
0.51,0.054,3
0.564,0.047,3
0.058,0.697,0
1.089,0.536,2
0.089,0.751,0
0.441,0.746,0
0.409,0.101,3
0.036,0.792,0
0.618,0.077,3
0.356,0.618,0
1.04,0.503,2
0.581,0.068,3
0.077,0.755,0
0.46,0.041,3
0.527,0.116,3
0.38,0.451,0
0.458,0.082,3
0.292,0.474,0
0.464,0.805,0
0.477,0.049,3
0.398,0.759,0
0.396,0.075,3
0.502,0.133,3
0.507,0.095,3
0.462,0.814,0
0.481,0.041,3
0.031,0.784,0
0.408,0.75,0
0.094,0.778,0
0.248,0.5,0
0.949,0.519,1
0.315,0.484,0
0.97,0.497,2
0.106,0.767,0
0.294,0.526,0
0.384,0.773,0
0.119,0.777,0
0.265,0.525,0
0.081,0.83,0
0.128,0.781,0
0.439,0.72,0
0.429,0.762,0
0.044,0.814,0
0.204,0.526,0
0.484,0.732,0
0.525,0.037,3
0.496,0.046,3
1.001,0.507,2
0.917,0.589,1
0.039,0.86,0
0.529,0.049,3
0.416,0.667,0
0.443,0.15,3
0.538,0.835,0
0.431,0.088,3
0.996,0.527,2
0.221,0.47,0
0.227,0.428,0
0.395,0.768,0
0.21,0.498,0
0.487,0.725,0
0.148,0.72,0
0.24,0.431,0
0.433,0.029,3
0.509,0.098,3
0.451,0.071,3
0.94,0.465,1
0.447,0.697,0
0.141,0.714,0
0.456,0.817,0
0.482,0.759,0
0.419,0.712,0
0.488,0.738,0
0.472,0.732,0
0.212,0.497,0
0.99,0.514,2
0.497,0.038,3
0.574,0.017,3
0.473,0.738,0
0.912,0.544,1
0.098,0.779,0
0.286,0.499,0
0.027,0.753,0
0.326,0.476,0
0.385,0.769,0
0.231,0.516,0
0.119,0.83,0
0.266,0.536,0
0.499,0.769,0
0.94,0.524,1
0.971,0.45,2
0.225,0.492,0
0.518,0.103,3
0.964,0.537,1
0.267,0.575,0
1.004,0.592,4
1.026,0.552,4
0.066,0.802,0
0.95,0.57,1
0.913,0.541,1
0.126,0.77,0
0.249,0.462,0
0.053,0.735,0
0.528,0.112,3
0.995,0.607,4
0.26,0.505,0
0.194,0.575,0
0.482,0.095,3
0.089,0.798,0
0.508,0.078,3
0.407,0.689,0
0.095,0.82,0
0.994,0.547,4
0.467,0.685,0
0.271,0.548,0
1.01,0.504,2
0.312,0.543,0
0.516,0.133,3
0.151,0.795,0
0.054,0.724,0
1.024,0.602,4
0.131,0.816,0
1.018,0.609,4
0.227,0.559,0
0.416,0.74,0
0.026,0.777,0
0.964,0.527,1
0.233,0.533,0
1.003,0.55,4
0.976,0.567,4
0.549,0.006,3
1.045,0.57,4
0.421,0.696,0
0.003,0.746,0
0.976,0.568,4
1.014,0.477,2
0.499,0.046,3
0.279,0.483,0
0.257,0.474,0
0.056,0.736,0
0.062,0.808,0
0.532,0.123,3
0.469,0.721,0
0.913,0.442,1
0.386,0.695,0
0.445,0.734,0
0.473,0.725,0
0.394,0.703,0
0.048,0.796,0
0.123,0.84,0
0.373,0.432,0
0.932,0.526,1
0.237,0.484,0
0.451,0.091,3
0.559,0.113,3
0.067,0.739,0
0.226,0.472,0
0.273,0.589,0
0.431,0.757,0
0.206,0.492,0
0.327,0.539,0
0.441,0.028,3
0.417,0.1,3
0.24,0.536,0
0.421,0.776,0
0.516,0.061,3
0.948,0.522,1
0.519,0.064,3
0.47,0.094,3
0.317,0.497,0
1.028,0.55,4
0.26,0.484,0
0.07,0.791,0
0.16,0.785,0
0.449,0.105,3
0.988,0.572,4
0.276,0.523,0
0.973,0.536,1
0.508,0.793,0
0.448,0.724,0
0.074,0.75,0
0.263,0.419,0
0.058,0.782,0
0.997,0.442,2
0.515,0.052,3
0.426,0.724,0
0.229,0.455,0
1.062,0.59,4
0.008,0.778,0
0.019,0.797,0
1.006,0.551,4
0.964,0.597,4
0.946,0.532,1
0.455,0.705,0
0.497,0.722,0
0.013,0.752,0
0.39,0.639,0
0.322,0.466,0
0.175,0.515,0
0.467,0.16,3
0.936,0.532,1
0.487,0.103,3
1.001,0.598,4
0.437,0.69,0
0.963,0.524,1
0.958,0.493,2
0.277,0.474,0
0.418,0.738,0
0.548,0.144,3
0.305,0.465,0
0.274,0.419,0
0.939,0.489,1
0.079,0.794,0
0.481,0.018,3
0.504,0.099,3
0.997,0.537,2
0.442,0.724,0
0.07,0.724,0
0.427,0.097,3
0.311,0.483,0
1.004,0.533,2
0.999,0.555,4
0.026,0.798,0
0.042,0.886,0
0.423,0.705,0
0.267,0.47,0
0.046,0.801,0
0.468,0.81,0
0.269,0.566,0
0.461,0.676,0
0.5,0.684,0
0.258,0.487,0
0.106,0.704,0
0.93,0.672,4
0.118,0.711,0
0.455,0.095,3
0.438,0.652,0
0.488,0.021,3
1.042,0.586,4
0.425,0.682,0
0.995,0.576,4
0.344,0.646,0
0.096,0.82,0
0.486,0.702,0
0.412,0.733,0
0.492,0.058,3
0.422,0.653,0
0.055,0.787,0
0.935,0.543,1
0.425,0.766,0
0.461,0.751,0
0.398,0.667,0
0.119,0.783,0
0.962,0.551,1
0.468,0.026,3
0.479,0.027,3
0.453,0.65,0
0.308,0.448,0
0.235,0.538,0
0.474,0.077,3
0.458,0.775,0
0.04,0.821,0
0.494,0.081,3
0.039,0.745,0
0.294,0.504,0
0.482,0.696,0
0.429,0.703,0
0.87,0.558,1
0.495,0.087,3
0.09,0.872,0
0.54,0.067,3
0.502,0.691,0
0.51,0.649,0
0.417,0.696,0
0.31,0.473,0
0.282,0.481,0
0.867,0.576,1
0.319,0.448,0
0.417,0.775,0
0.449,0.05,3
0.506,0.712,0
0.408,0.718,0
1.019,0.573,4
0.047,0.809,0
0.111,0.796,0
0.421,0.752,0
0.112,0.838,0
1.016,0.478,2
0.948,0.561,1
1.004,0.515,2
0.459,0.072,3
0.47,0.101,3
0.487,0.739,0
0.319,0.553,0
0.291,0.553,0
0.961,0.524,1
0.914,0.537,1
0.977,0.453,2
0.994,0.499,2
1.017,0.538,2
0.949,0.608,4
0.467,0.603,0
1.016,0.581,4
0.994,0.553,4
0.993,0.521,2
0.021,0.837,0
0.297,0.541,0
0.538,0.029,3
0.876,0.564,1
0.502,0.738,0
0.264,0.484,0
0.592,0.029,3
0.01,0.766,0
0.619,0.045,3
0.429,0.64,0
0.93,0.571,1
1.046,0.526,2
0.243,0.487,0
0.1,0.714,0
0.475,0.689,0
0.453,0.746,0
0.963,0.508,2
0.054,0.754,0
0.478,0.122,3
0.52,0.066,3
0.492,0.118,3
0.087,0.782,0
0.245,0.523,0
0.262,0.502,0
0.92,0.501,1
0.518,0.11,3
0.088,0.807,0
0.99,0.521,2
0.096,0.821,0
0.479,0.736,0
0.145,0.846,0
0.052,0.846,0
0.525,0.044,3
0.544,0.739,0
0.912,0.503,1
0.365,0.737,0
0.401,0.754,0
0.967,0.542,1
0.961,0.458,2
0.441,0.766,0
0.226,0.487,0
0.057,0.773,0
0.246,0.46,0
0.557,0.073,3
0.479,0.729,0
0.022,0.793,0
0.429,0.036,3
0.29,0.528,0
0.098,0.849,0
0.051,0.778,0
0.382,0.723,0
0.157,0.767,0
0.509,0.024,3
0.003,0.826,0
0.475,0.097,3
0.482,0.029,3
0.494,0.012,3
0.247,0.591,0
1.026,0.633,4
0.992,0.539,2
0.015,0.782,0
0.424,0.693,0
0.036,0.828,0
1.01,0.525,2
0.228,0.482,0
0.283,0.528,0
0.557,0.005,3
0.423,0.134,3
0.497,0.643,0
1.057,0.507,2
1.022,0.553,4
0.558,0.095,3
1.009,0.478,2
0.947,0.544,1
0.051,0.831,0
1.027,0.579,4
0.494,0.056,3
0.224,0.477,0
0.21,0.45,0
0.296,0.509,0
0.108,0.82,0
0.443,0.708,0
0.531,0.092,3
0.354,0.683,0
0.226,0.43,0
0.062,0.819,0
0.321,0.516,0
0.307,0.526,0
0.997,0.558,4
0.46,0.755,0
0.066,0.678,0
0.934,0.578,1
0.243,0.493,0
0.548,0.019,3
0.986,0.515,2
1.008,0.449,2
0.443,0.091,3
0.061,0.817,0
0.429,0.117,3
0.405,0.796,0
0.078,0.789,0
0.077,0.808,0
0.393,0.728,0
0.953,0.523,1
0.164,0.816,0
0.321,0.416,0
0.966,0.512,2
0.953,0.51,1
0.472,0.068,3
0.987,0.527,2
0.437,0.662,0
0.251,0.555,0
1.066,0.578,4
0.093,0.732,0
0.986,0.55,4
0.271,0.448,0
0.002,0.765,0
0.503,0.11,3
0.057,0.688,0
0.23,0.43,0
0.102,0.798,0
0.387,0.708,0
1.06,0.572,4
1.012,0.525,2
0.443,0.726,0
0.266,0.452,0
0.262,0.415,0
0.54,0.072,3
0.478,0.088,3
0.255,0.51,0
0.267,0.559,0
0.291,0.542,0
0.444,0.708,0
0.422,0.699,0
0.257,0.452,0
0.27,0.486,0
0.06,0.806,0
0.116,0.774,0
0.239,0.437,0
0.037,0.778,0
0.531,0.792,0
0.989,0.486,2
0.088,0.697,0
0.527,0.104,3
0.401,0.735,0
0.527,0.041,3
0.074,0.796,0
0.92,0.541,1
0.301,0.504,0
0.043,0.815,0
0.993,0.547,4
1.035,0.468,2
0.358,0.706,0
0.441,0.744,0
0.447,0.711,0
0.999,0.508,2
0.335,0.505,0
0.03,0.827,0
0.47,0.638,0
0.32,0.482,0
0.098,0.8,0
0.237,0.472,0
0.25,0.49,0
0.044,0.793,0
0.968,0.622,4
0.322,0.472,0
0.095,0.828,0
0.361,0.761,0
0.303,0.455,0
1.007,0.541,4
0.425,0.694,0
0.087,0.8,0
0.224,0.56,0
0.962,0.59,4
0.237,0.421,0
0.076,0.785,0
0.298,0.467,0
0.219,0.502,0
0.981,0.557,4
0.972,0.558,4
0.257,0.516,0
1.029,0.47,2
0.286,0.454,0
0.498,0.042,3
0.246,0.487,0
0.467,0.681,0
0.978,0.506,2
0.243,0.473,0
0.068,0.823,0
0.032,0.728,0
0.066,0.848,0
0.538,0.119,3
0.915,0.563,1
0.273,0.507,0
0.475,0.07,3
0.01,0.782,0
0.448,0.842,0
0.211,0.458,0
0.551,0.035,3
0.97,0.522,2
0.304,0.499,0
0.425,0.716,0
0.174,0.819,0
0.021,0.762,0
0.135,0.82,0
0.483,0.063,3
0.251,0.532,0
0.975,0.518,2
0.523,0.076,3
1.044,0.622,4
0.135,0.766,0
0.402,0.684,0
0.459,0.731,0
0.081,0.826,0
0.976,0.588,4
0.489,0.083,3
0.462,0.716,0
0.301,0.46,0
0.464,0.74,0
0.967,0.459,2
0.031,0.755,0
0.306,0.5,0
0.512,0.091,3
0.525,0.047,3
0.269,0.468,0
0.241,0.503,0
0.966,0.581,4
0.03,0.767,0
0.044,0.824,0
0.986,0.574,4
0.985,0.551,4
0.096,0.74,0
0.494,0.058,3
0.275,0.503,0
0.46,0.693,0
0.053,0.764,0
0.274,0.507,0
0.959,0.521,1
0.999,0.567,4
0.442,0.738,0
0.535,0.069,3
0.072,0.795,0
0.534,0.139,3
0.243,0.522,0
0.49,0.751,0
0.439,0.713,0
0.25,0.461,0
0.129,0.768,0
0.277,0.503,0
0.056,0.776,0
0.522,0.034,3
0.534,0.045,3
0.045,0.841,0
0.972,0.574,4
0.417,0.698,0
0.024,0.788,0
0.929,0.531,1
0.986,0.494,2
0.299,0.513,0
0.29,0.465,0
0.306,0.508,0
1.003,0.564,4
0.332,0.485,0
0.485,0.121,3
0.442,0.762,0
0.433,0.684,0
0.499,0.034,3
0.516,0.133,3
0.27,0.603,0
0.518,0.672,0
0.54,0.103,3
0.568,0.1,3
0.496,0.079,3
0.941,0.478,1
0.48,0.057,3
0.496,0.086,3
0.549,0.059,3
0.073,0.719,0
0.087,0.785,0
0.527,0.022,3
0.095,0.768,0
0.044,0.76,0
0.488,0.086,3
0.991,0.531,2
0.284,0.529,0
0.521,0.085,3
0.455,0.761,0
0.957,0.561,1
0.969,0.6,4
0.423,0.814,0
0.511,0.048,3
0.481,0.716,0
0.114,0.734,0
0.117,0.798,0
0.525,0.138,3
0.035,0.789,0
0.472,0.042,3
0.221,0.448,0
0.459,0.726,0
0.441,0.698,0
0.879,0.572,1
0.484,0.688,0
0.022,0.777,0
0.948,0.504,1
0.441,0.766,0
0.393,0.629,0
0.245,0.473,0
0.324,0.513,0
1.026,0.437,2
0.406,0.763,0
0.969,0.56,4
0.434,0.785,0
0.277,0.542,0
0.912,0.561,1
0.458,0.044,3
0.06,0.768,0
0.246,0.504,0
0.273,0.498,0
0.33,0.446,0
0.399,0.732,0
1.016,0.583,4
0.05,0.731,0
0.989,0.638,4
0.491,0.767,0
0.542,0.191,3
0.09,0.847,0
0.213,0.527,0
0.938,0.529,1
0.174,0.578,0
0.533,0.049,3
0.413,0.097,3
0.284,0.49,0
0.443,0.072,3
0.314,0.553,0
0.494,0.146,3
0.915,0.54,1
0.978,0.542,4
1,0.507,2
0.538,0.13,3
0.075,0.833,0
0.008,0.737,0
0.456,0.696,0
0.264,0.523,0
0.979,0.537,2
0.948,0.528,1
0.434,0.655,0
0.279,0.521,0
0.988,0.521,2
0.921,0.611,1
0.299,0.468,0
0.263,0.462,0
0.116,0.778,0
0.501,0.058,3
0.173,0.751,0
0.072,0.687,0
0.091,0.816,0
0.12,0.743,0
0.485,0.794,0
0.403,0.116,3
0.256,0.487,0
1.023,0.574,4
0.046,0.734,0
0.999,0.583,4
0.509,0.038,3
0.344,0.47,0
0.485,0.737,0
0.299,0.528,0
0.534,0.136,3
0.423,0.75,0
0.503,0.146,3
0.471,0.081,3
0.239,0.451,0
0.02,0.77,0
0.259,0.532,0
0.468,0.791,0
0.467,0.085,3
0.937,0.538,1
0.441,0.761,0
0.442,0.708,0
1.022,0.592,4
0.99,0.551,4
0.963,0.545,1
0.331,0.44,0
0.016,0.726,0
0.48,0.094,3
0.954,0.576,4
0.979,0.563,4
0.116,0.76,0
0.25,0.518,0
0.982,0.554,4
0.327,0.457,0
0.998,0.549,4
0.504,0.091,3
0.117,0.699,0
0.449,0.69,0
0.274,0.478,0
0.068,0.723,0
0.545,0.071,3
0.44,0.759,0
1.055,0.478,2
0.445,0.667,0
0.491,0.037,3
0.079,0.764,0
0.154,0.812,0
0.314,0.514,0
0.435,0.707,0
0.074,0.792,0
0.278,0.459,0
0.488,0.784,0
0.055,0.759,0
0.488,0.728,0
0.956,0.533,1
0.449,0.105,3
1.036,0.468,2
0.216,0.505,0
0.421,0.697,0
0.381,0.713,0
0.508,0.076,3
0.35,0.462,0
0.478,0.696,0
0.05,0.782,0
0.131,0.824,0
0.486,0.792,0
0.939,0.533,1
0.449,0.806,0
0.547,0.082,3
0.543,0.007,3
1.049,0.545,4
0.28,0.505,0
0.455,0.745,0
1.024,0.565,4
0.482,0.035,3
0.176,0.49,0
0.467,0.071,3
0.236,0.405,0
0.249,0.63,0
0.444,0.781,0
0.511,0.03,3
0.136,0.788,0
0.556,0.061,3
0.337,0.458,0
0.462,0.739,0
0.979,0.507,2
0.113,0.805,0
0.088,0.796,0
0.014,0.848,0
0.967,0.575,4
0.969,0.489,2
0.926,0.555,1
0.408,0.704,0
0.978,0.581,4
0.923,0.588,1
0.451,0.094,3
0.487,0.071,3
0.441,0.728,0
0.1,0.754,0
0.982,0.489,2
0.582,0.065,3
0.984,0.526,2
0.078,0.744,0
0.998,0.583,4
0.438,0.771,0
0.123,0.749,0
0.053,0.709,0
0.211,0.503,0
0.457,0.718,0
0.254,0.495,0
0.998,0.6,4
0.941,0.472,1
0.422,0.737,0
0.425,0.719,0
0.263,0.464,0
0.469,0.077,3
0.47,0.111,3
0.97,0.566,4
0.417,0.725,0
0.303,0.555,0
0.274,0.488,0
0.995,0.632,4
0.042,0.713,0
1.003,0.624,4
0.496,0.063,3
0.392,0.721,0
0.121,0.828,0
0.427,0.734,0
0.448,0.691,0
0.464,0.807,0
0.945,0.505,1
0.425,0.738,0
0.442,0.803,0
0.976,0.48,2
1.009,0.571,4
0.351,0.539,0
0.182,0.864,0
0.286,0.55,0
1.024,0.507,2
0.616,0.028,3
0.57,0.079,3
0.955,0.585,4
0.457,0.037,3
0.212,0.439,0
0.298,0.494,0
0.478,0.062,3
0.175,0.468,0
0.438,0.049,3
0.915,0.474,1
0.245,0.472,0
0.092,0.772,0
0.228,0.519,0
0.248,0.515,0
0.294,0.479,0
0.025,0.773,0
0.068,0.751,0
0.291,0.51,0
0.065,0.77,0
0.981,0.546,4
0.397,0.002,3
0.527,0.097,3
0.461,0.719,0
1.012,0.458,2
0.568,0.063,3
0.961,0.569,4
0.971,0.516,2
0.562,0.085,3
0.335,0.427,0
0.969,0.553,4
0.382,0.762,0
0.267,0.507,0
0.259,0.549,0
0.048,0.771,0
0.063,0.859,0
0.089,0.806,0
0.995,0.425,2
0.051,0.792,0
0.349,0.48,0
0.487,0.072,3
0.068,0.787,0
0.546,0.098,3
0.057,0.773,0
0.516,0.102,3
0.262,0.517,0
0.446,0.73,0
0.422,0.698,0
0.263,0.552,0
0.992,0.549,4
0.057,0.805,0
1.003,0.517,2
0.388,0.66,0
0.522,0.091,3
0.318,0.531,0
0.006,0.713,0
0.932,0.619,4
0.284,0.565,0
0.989,0.547,4
0.219,0.55,0
0.311,0.517,0
0.368,0.726,0
0.076,0.863,0
0.424,0.063,3
0.59,0.082,3
0.972,0.558,4
0.485,0.675,0
0.995,0.512,2
0.025,0.745,0
0.256,0.429,0
0.069,0.615,0
0.327,0.448,0
0.403,0.726,0
0.248,0.437,0
0.5,0.794,0
1.014,0.526,2
0.065,0.721,0
0.433,0.764,0
0.221,0.454,0
0.518,0.118,3
0.069,0.755,0
1.036,0.636,4
0.499,0.039,3
0.46,0.065,3
0.041,0.782,0
0.102,0.79,0
0.441,0.141,3
0.909,0.578,1
0.022,0.767,0
0.526,0.064,3
0.085,0.81,0
0.484,0.022,3
0.336,0.734,0
0.454,0.641,0
0.304,0.463,0
0.416,0.698,0
0.448,0.752,0
0.043,0.858,0
0.393,0.667,0
0.256,0.523,0
0.254,0.5,0
0.448,0.733,0
0.925,0.566,1
0.416,0.721,0
0.25,0.544,0
1.049,0.502,2
0.347,0.506,0
0.989,0.537,2
0.423,0.718,0
1.01,0.514,2
0.054,0.75,0
0.557,0.069,3
1.024,0.59,4
0.5,0.727,0
0.401,0.728,0
0.963,0.589,4
0.231,0.521,0
0.092,0.77,0
0.56,0.022,3
1.021,0.494,2
0.092,0.807,0
0.474,0.032,3
0.181,0.761,0
0.503,0.766,0
0.22,0.514,0
0.327,0.473,0
0.21,0.543,0
0.27,0.553,0
0.304,0.484,0
0.422,0.73,0
0.957,0.56,1
0.948,0.517,1
0.413,0.753,0
0.215,0.469,0
0.062,0.789,0
0.396,0.753,0
0.966,0.469,2
0.419,0.708,0
0.123,0.883,0
0.947,0.615,4
0.081,0.805,0
0.486,0.721,0
0.305,0.482,0
0.531,0.036,3
0.317,0.494,0
0.459,0.015,3
0.506,0.1,3
0.038,0.829,0
0.467,0.7,0
0.441,0.704,0
0.398,0.083,3
0.535,0.106,3
0.97,0.497,2
0.238,0.521,0
0.976,0.54,4
0.467,0.025,3
0.467,0.101,3
0.478,0.71,0
0.461,0.12,3
0.5,0.085,3
0.548,0.026,3
0.259,0.531,0
0.309,0.517,0
0.104,0.78,0
0.526,0.064,3
0.15,0.773,0
0.024,0.797,0
0.205,0.549,0
0.934,0.512,1
0.258,0.455,0
0.489,0.049,3
0.136,0.767,0
0.463,0.069,3
0.471,0.731,0
0.291,0.497,0
0.459,0.72,0
0.963,0.546,1
0.498,0.103,3
0.942,0.557,1
0.95,0.546,1
0.269,0.468,0
0.081,0.804,0
0.452,0.721,0
0.916,0.553,1
0.273,0.514,0
1.061,0.494,2
0.485,0.07,3
0.481,0.73,0
0.307,0.503,0
0.123,0.704,0
0.493,0.765,0
0.071,0.784,0
0.016,0.871,0
0.081,0.839,0
0.977,0.522,2
0.07,0.777,0
0.218,0.441,0
0.231,0.548,0
0.107,0.844,0
0.495,0.748,0
0.231,0.552,0
0.14,0.74,0
0.299,0.5,0
0.049,0.828,0
0.457,0.748,0
0.115,0.809,0
0.443,0.684,0
0.454,0.081,3
0.061,0.764,0
0.452,0.682,0
0.232,0.42,0
0.222,0.478,0
0.467,0.706,0
0.999,0.49,2
0.413,0.672,0
0.512,0.06,3
0.297,0.528,0
0.047,0.819,0
0.952,0.543,1
0.502,0.103,3
0.477,0.04,3
0.5,0.74,0
0.46,0.026,3
0.446,0.062,3
0.259,0.488,0
0.523,0.05,3
0.295,0.457,0
0.101,0.769,0
0.41,0.776,0
0.478,0.045,3
0.092,0.77,0
0.407,0.774,0
0.427,0.801,0
0.22,0.525,0
0.917,0.618,1
0.403,0.741,0
0.99,0.546,4
0.033,0.783,0
0.091,0.79,0
0.509,0.1,3
1.056,0.531,2
0.108,0.721,0
0.108,0.778,0
0.459,0.021,3
0.481,0.691,0
0.29,0.508,0
0.044,0.754,0
0.946,0.604,4
0.305,0.528,0
0.099,0.777,0
0.189,0.539,0
0.092,0.83,0
0.516,0.076,3
0.515,0.741,0
0.099,0.752,0
0.298,0.499,0
0.223,0.465,0
0.116,0.729,0
0.273,0.469,0
1.036,0.536,2
1.023,0.563,4
0.4,0.695,0
0.425,0.729,0
0.025,0.851,0
0.485,0.764,0
0.402,0.786,0
0.081,0.758,0
0.371,0.705,0
0.539,0.088,3
0.499,0.012,3
0.281,0.533,0
0.433,0.766,0
0.517,0.067,3
0.437,0.689,0
0.051,0.753,0
0.941,0.575,1
0.2,0.54,0
0.522,0.153,3
0.231,0.46,0
0.417,0.706,0
0.992,0.52,2
0.47,0.043,3
0.966,0.571,4
0.43,0.745,0
0.296,0.519,0
0.445,0.114,3
0.989,0.628,4
0.471,0.106,3
0.226,0.467,0
0.473,0.058,3
0.242,0.49,0
0.342,0.526,0
0.513,0.009,3
0.395,0.768,0
0.249,0.476,0
0.274,0.61,0
0.34,0.514,0
0.943,0.502,1
0.538,0.003,3
0.293,0.558,0
0.247,0.513,0
0.022,0.817,0
0.272,0.5,0
0.248,0.463,0
0.457,0.715,0
0.915,0.49,1
0.469,0.659,0
0.928,0.497,1
0.444,0.083,3
0.074,0.731,0
1.049,0.488,2
0.175,0.767,0
1.032,0.599,4
0.393,0.807,0
0.325,0.478,0
0.536,0.019,3
0.929,0.495,1
0.388,0.744,0
0.969,0.565,4
0.462,0.706,0
0.28,0.534,0
0.971,0.561,4
0.111,0.712,0
1.019,0.564,4
0.963,0.516,1
0.312,0.42,0
0.187,0.491,0
1.014,0.542,4
0.286,0.501,0
0.054,0.716,0
0.232,0.495,0
0.949,0.511,1
0.521,0.064,3
0.327,0.529,0
1.01,0.508,2
0.291,0.491,0
0.1,0.762,0
0.4,0.762,0
0.047,0.761,0
0.949,0.5,1
0.048,0.913,0
0.986,0.548,4
0.944,0.55,1
0.424,0.825,0
0.259,0.454,0
0.975,0.51,2
0.302,0.494,0
0.996,0.433,2
0.947,0.479,1
0.061,0.739,0
0.389,0.727,0
0.321,0.504,0
0.13,0.723,0
0.501,0.083,3
0.455,0.672,0
0.13,0.78,0
0.059,0.784,0
0.976,0.561,4
0.528,0.056,3
0.533,0.076,3
0.444,0.696,0
0.27,0.545,0
0.426,0.062,3
0.088,0.778,0
0.273,0.554,0
0.178,0.47,0
0.41,0.781,0
0.074,0.793,0
0.285,0.491,0
0.445,0.073,3
0.532,0.031,3
0.556,0.023,3
0.445,0.739,0
0.101,0.791,0
0.097,0.748,0
0.551,0.063,3
0.99,0.582,4
0.105,0.797,0
0.119,0.788,0
0.95,0.55,1
0.555,0.031,3
0.44,0.078,3
0.274,0.518,0
1.004,0.491,2
0.283,0.536,0
0.375,0.788,0
0.122,0.769,0
0.504,0.127,3
0.072,0.829,0
0.432,0.734,0
0.403,0.672,0
0.25,0.5,0
0.286,0.413,0
0.934,0.516,1
0.927,0.638,4
0.456,0.129,3
0.115,0.74,0
0.013,0.819,0
0.491,0.012,3
1.001,0.601,4
0.963,0.574,4
0.067,0.761,0
0.934,0.505,1
0.448,0.708,0
0.057,0.76,0
0.993,0.541,4
0.481,0.168,3
0.433,0.772,0
0.5,0.081,3
0.488,0.068,3
0.496,0.038,3
0.459,0.709,0
0.091,0.788,0
0.26,0.538,0
0.951,0.494,1
0.443,0.138,3
0.26,0.478,0
0.359,0.522,0
0.022,0.832,0
0.465,0.726,0
0.068,0.735,0
0.94,0.547,1
0.261,0.468,0
0.475,0.025,3
0.233,0.501,0
0.369,0.79,0
0.024,0.739,0
0.109,0.81,0
0.355,0.717,0
0.274,0.548,0
0.273,0.499,0
0.286,0.531,0
0.043,0.787,0
0.457,0.152,3
0.337,0.46,0
0.499,0.058,3
0.257,0.538,0
0.514,0.121,3
0.097,0.709,0
0.078,0.675,0
0.56,0.009,3
0.451,0.738,0
0.558,0.033,3
0.545,0.073,3
0.391,0.757,0
0.096,0.746,0
0.278,0.546,0
0.945,0.575,1
0.454,0.002,3
0.923,0.622,4
0.008,0.866,0
0.467,0.088,3
1.002,0.524,2
0.406,0.756,0
0.986,0.574,4
0.974,0.548,4
1,0.529,2
0.131,0.786,0
0.544,0.099,3
0.989,0.581,4
0.067,0.821,0
0.552,0.039,3
0.409,0.698,0
0.057,0.761,0
0.217,0.549,0
0.431,0.747,0
0.916,0.539,1
0.073,0.777,0
0.462,0.063,3
0.074,0.808,0
0.518,0.016,3
0.483,0.112,3
1.029,0.578,4
0.463,0.69,0
0.961,0.532,1
0.552,0.133,3
0.396,0.761,0
0.968,0.576,4
0.57,0.106,3
0.934,0.526,1
0.269,0.508,0
0.947,0.52,1
0.503,0.039,3
0.455,0.714,0
0.923,0.568,1
0.472,0.686,0
0.07,0.8,0
0.162,0.537,0
0.946,0.55,1
0.25,0.496,0
0.507,0.729,0
0.918,0.552,1
0.489,0.061,3
1.013,0.534,2
0.948,0.607,4
0.498,0.08,3
0.105,0.776,0
0.087,0.714,0
0.366,0.749,0
0.46,0.761,0
0.557,0.038,3
0.33,0.505,0
0.118,0.743,0
0.468,0.724,0
0.516,0.106,3
0.246,0.57,0
0.116,0.773,0
0.994,0.455,2
0.482,0.099,3
0.54,0.103,3
0.483,0.744,0
0.402,0.713,0
1.055,0.542,2
0.489,0.071,3
0.247,0.406,0
0.475,0.785,0
0.429,0.755,0
0.108,0.781,0
0.193,0.548,0
1.027,0.539,2
0.214,0.488,0
0.452,0.116,3
0.055,0.773,0
0.975,0.557,4
0.313,0.51,0
0.51,0.068,3
0.495,0.127,3
0.427,0.715,0
0.99,0.506,2
0.311,0.483,0
0.979,0.562,4
0.087,0.822,0
0.273,0.481,0
0.989,0.58,4
0.433,0.752,0
0.066,0.771,0
0.993,0.591,4
0.239,0.474,0
0.196,0.444,0
0.922,0.631,4
0.495,0.029,3
0.267,0.509,0
1.007,0.554,4
0.459,0.087,3
0.094,0.763,0
0.467,0.731,0
0.563,0.1,3
0.983,0.548,4
0.088,0.715,0
1.024,0.538,2
0.513,0.067,3
0.235,0.469,0
0.079,0.832,0
0.439,0.71,0
0.246,0.52,0
0.139,0.79,0
0.304,0.572,0
0.551,0.02,3
0.295,0.513,0
0.436,0.686,0
0.377,0.771,0
0.274,0.59,0
0.4,0.751,0
0.412,0.767,0
0.423,0.747,0
0.283,0.53,0
0.059,0.771,0
0.05,0.821,0
0.41,0.799,0
0.128,0.762,0
0.268,0.476,0
0.259,0.49,0
0.321,0.495,0
0.253,0.542,0
0.501,0.039,3
0.45,0.733,0
0.32,0.705,0
0.121,0.762,0
1.075,0.549,4
0.958,0.555,1
0.443,0.705,0
0.494,0.065,3
1.024,0.528,2
0.537,0.112,3
0.088,0.733,0
0.397,0.755,0
0.455,0.664,0
0.091,0.771,0
0.931,0.564,1
0.549,0.092,3
0.448,0.682,0
0.412,0.677,0
0.514,0.1,3
0.038,0.767,0
0.943,0.582,1
0.265,0.546,0
0.551,0.079,3
0.406,0.715,0
0.082,0.766,0
1.019,0.558,4
0.966,0.559,4
0.483,0.025,3
0.49,0.735,0
0.974,0.511,2
0.437,0.049,3
0.513,0.056,3
0.452,0.152,3
0.372,0.708,0
0.427,0.688,0
0.443,0.738,0
0.952,0.618,4
0.022,0.742,0
0.224,0.521,0
0.521,0.718,0
0.25,0.535,0
0.455,0.152,3
0.297,0.551,0
0.918,0.504,1
0.242,0.504,0
0.564,0.039,3
1.005,0.487,2
0.509,0.09,3
0.541,0.058,3
0.419,0.101,3
0.248,0.523,0
1.023,0.506,2
0.426,0.102,3
0.088,0.807,0
0.453,0.718,0
0.129,0.839,0
0.06,0.728,0
0.008,0.822,0
0.573,0.126,3
0.474,0.026,3
0.498,0.036,3
0.322,0.518,0
0.446,0.672,0
0.227,0.485,0
0.094,0.808,0
0.483,0.722,0
0.44,0.771,0
0.261,0.509,0
0.969,0.579,4
0.277,0.474,0
0.958,0.575,4
0.966,0.52,1
0.446,0.753,0
1.027,0.487,2
0.412,0.112,3
0.436,0.703,0
0.572,0.07,3
0.476,0.014,3
0.461,0.055,3
0.947,0.541,1
0.933,0.586,1
0.981,0.592,4
0.033,0.691,0
0.499,0.044,3
0.997,0.479,2
0.236,0.463,0
0.1,0.737,0
0.478,0.082,3
0.137,0.737,0
0.176,0.481,0
0.522,0.042,3
0.065,0.783,0
0.533,0.128,3
0.043,0.719,0
0.242,0.488,0
0.466,0.061,3
0.26,0.579,0
0.256,0.463,0
0.067,0.759,0
0.422,0.014,3
0.92,0.561,1
0.976,0.565,4
0.244,0.491,0
0.972,0.565,4
0.45,0.715,0
0.057,0.807,0
0.463,0.106,3
0.064,0.784,0
0.992,0.53,2
0.246,0.439,0
0.5,0.014,3
0.456,0.015,3
0.987,0.546,4
0.947,0.629,4
0.363,0.649,0
0.109,0.72,0
0.03,0.769,0
0.49,0.723,0
0.029,0.693,0
1.029,0.587,4
1.096,0.491,2
0.45,0.699,0
0.208,0.572,0
0.275,0.528,0
0.945,0.532,1
0.263,0.489,0
0.466,0.047,3
0.423,0.687,0
0.447,0.085,3
0.535,0.145,3
0.423,0.736,0
0.096,0.795,0
0.259,0.489,0
0.036,0.766,0
0.297,0.5,0
0.481,0.079,3
0.261,0.42,0
0.102,0.722,0
0.435,0.78,0
0.284,0.523,0
0.45,0.792,0
0.064,0.788,0
0.438,0.705,0
1,0.557,4
0.466,0.712,0
0.424,0.705,0
0.547,0.738,0
0.083,0.787,0
0.416,0.697,0
0.261,0.529,0
0.295,0.491,0
0.18,0.543,0
0.026,0.779,0
0.963,0.572,4
0.344,0.477,0
0.126,0.772,0
0.215,0.512,0
0.486,0.052,3
0.964,0.546,1
0.968,0.626,4
0.441,0.777,0
0.399,0.704,0
0.281,0.493,0
0.46,0.014,3
0.98,0.504,2
0.051,0.853,0
0.001,0.782,0
0.979,0.516,2
0.283,0.515,0
0.418,0.68,0
0.96,0.577,4
0.126,0.726,0
0.009,0.764,0
0.215,0.552,0
0.47,0.718,0
0.247,0.471,0
0.445,0.113,3
0.967,0.566,4
0.458,0.655,0
0.38,0.755,0
0.139,0.719,0
0.501,0.042,3
0.113,0.791,0
0.477,0.72,0
0.241,0.523,0
0.437,0.696,0
0.045,0.746,0
0.483,0.007,3
0.236,0.482,0
0.5,0.631,0
0.047,0.778,0
0.207,0.527,0
0.098,0.744,0
0.31,0.484,0
0.445,0.08,3
0.329,0.456,0
0.454,0.786,0
0.449,0.117,3
0.445,0.726,0
0.343,0.473,0
0.328,0.496,0
0.944,0.501,1
0.511,0.084,3
0.358,0.718,0
0.974,0.522,2
0.274,0.464,0
0.201,0.468,0
0.957,0.465,2
0.396,0.775,0
0.514,0.023,3
0.276,0.467,0
0.313,0.485,0
0.44,0.121,3
0.485,0.785,0
0.991,0.559,4
0.142,0.778,0
0.3,0.558,0
0.063,0.76,0
0.987,0.486,2
0.532,0.084,3
0.546,0.109,3
0.088,0.775,0
0.413,0.719,0
0.101,0.739,0
0.246,0.506,0
0.321,0.538,0
0.31,0.463,0
0.438,0.73,0
0.497,0.135,3
0.953,0.516,1
0.481,0.727,0
0.252,0.469,0
0.236,0.488,0
0.241,0.554,0
0.413,0.694,0
0.474,0.664,0
0.302,0.513,0
0.076,0.769,0
0.461,0.672,0
0.975,0.582,4
0.43,0.736,0
0.211,0.51,0
0.275,0.453,0
0.553,0.02,3
0.522,0.68,0
0.27,0.498,0
0.241,0.521,0
0.957,0.594,4
0.98,0.487,2
0.553,0.073,3
0.41,0.699,0
0.966,0.555,4
0.993,0.58,4
1.008,0.524,2
1.022,0.525,2
0.11,0.77,0
0.46,0.019,3
0.122,0.755,0
0.46,0.651,0
0.019,0.804,0
1.043,0.468,2
0.927,0.638,4
0.899,0.486,1
0.281,0.471,0
0.103,0.76,0
0.445,0.095,3
0.055,0.777,0
1.064,0.591,4
1.019,0.605,4
0.959,0.615,4
0.508,0.021,3
0.522,0.131,3
0.443,0.7,0
0.123,0.806,0
0.877,0.509,1
0.999,0.494,2
0.492,0.118,3
0.439,0.71,0
0.534,0.074,3
0.093,0.708,0
0.981,0.547,4
0.056,0.809,0
0.309,0.421,0
0.127,0.793,0
0.993,0.495,2
0.452,0.049,3
1.017,0.546,4
0.447,0.748,0
0.428,0.06,3
0.482,0.065,3
0.275,0.526,0
0.46,0.734,0
0.461,0.717,0
0.295,0.49,0
0.465,0.762,0
0.46,0.075,3
0.416,0.77,0
0.508,0.123,3
0.409,0.134,3
0.561,0.146,3
0.226,0.463,0
0.436,0.751,0
0.469,0.173,3
0.494,0.702,0
0.095,0.786,0
0.098,0.79,0
0.289,0.484,0
0.378,0.777,0
0.29,0.533,0
0.324,0.468,0
0.996,0.592,4
0.264,0.508,0
0.246,0.53,0
0.422,0.683,0
0.46,0.116,3
0.225,0.442,0
0.139,0.731,0
0.546,0.068,3
0.433,0.669,0
0.289,0.531,0
0.465,0.687,0
1.038,0.559,4
0.096,0.724,0
0.98,0.516,2
0.97,0.51,2
0.464,0.053,3
0.244,0.489,0
0.087,0.76,0
0.371,0.509,0
0.275,0.484,0
0.067,0.816,0
0.47,0.14,3
0.478,0.126,3
0.887,0.513,1
0.436,0.712,0
0.401,0.092,3
0.551,0.082,3
0.076,0.747,0
0.083,0.763,0
0.238,0.467,0
0.27,0.502,0
0.123,0.782,0
0.425,0.679,0
0.57,0.056,3
0.993,0.525,2
0.986,0.49,2
0.526,0.727,0
0.421,0.13,3
0.234,0.536,0
0.265,0.451,0
0.416,0.731,0
0.532,0.108,3
0.273,0.501,0
0.224,0.559,0
1.027,0.55,4
0.532,0.058,3
0.397,0.721,0
0.512,0.785,0
0.979,0.574,4
0.954,0.593,4
0.906,0.516,1
0.068,0.829,0
0.233,0.466,0
0.106,0.797,0
0.418,0.771,0
0.091,0.806,0
0.164,0.763,0
0.441,0.067,3
0.987,0.555,4
0.065,0.756,0
1.005,0.599,4
0.939,0.543,1
0,0.842,0
1.015,0.54,2
0.101,0.808,0
0.475,0.672,0
0.232,0.53,0
0.478,0.098,3
0.465,0.024,3
0.418,0.746,0
0.122,0.801,0
0.385,0.737,0
0.985,0.562,4
0.27,0.493,0
0.456,0.775,0
0.468,0.14,3
0.423,0.752,0
0.499,0.692,0
0.187,0.524,0
0.066,0.799,0
0.128,0.822,0
0.275,0.458,0
0.066,0.762,0
0.978,0.563,4
0.947,0.568,1
0.451,0.057,3
0.432,0.734,0
0.248,0.462,0
0.415,0.721,0
0.999,0.572,4
0.557,0.101,3
1,0.629,4
0.282,0.463,0
0.239,0.487,0
0.326,0.456,0
0.409,0.771,0
0.075,0.742,0
0.045,0.734,0
0.518,0.067,3
0.25,0.488,0
0.953,0.543,1
0.06,0.796,0
0.517,0.036,3
0.996,0.53,2
1.029,0.527,2
0.232,0.513,0
0.389,0.443,0
0.503,0.057,3
0.549,0.059,3
0.535,0.044,3
0.499,0.051,3
0.461,0.738,0
0.974,0.603,4
0.304,0.541,0
0,0.704,0
0.976,0.532,2
0.994,0.609,4
0.279,0.529,0
0.521,0.096,3
0.481,0.103,3
0.518,0.042,3
0.999,0.569,4
0.94,0.534,1
0.259,0.44,0
0.116,0.837,0
0.228,0.453,0
0.027,0.812,0
0.515,0.063,3
0.441,0.03,3
0.033,0.778,0
0.409,0.679,0
0.563,0.04,3
0.113,0.84,0
0.487,0.057,3
0.506,0.094,3
0.435,0.095,3
0.411,0.65,0
0.989,0.562,4
0.973,0.476,2
0.074,0.77,0
0.315,0.601,0
0.458,0.711,0
0.095,0.824,0
0.614,0.043,3
0.925,0.508,1
0.975,0.491,2
0.426,0.74,0
0.238,0.457,0
0.521,0.156,3
0.537,0.007,3
0.956,0.589,4
0.486,0.684,0
0.523,0.044,3
0.533,0.031,3
0.287,0.56,0
0.492,0.103,3
0.964,0.577,4
0.49,0.742,0
0.124,0.803,0
0.95,0.575,1
0.413,0.727,0
0.456,0.023,3
0.913,0.562,1
0.512,0.084,3
0.366,0.711,0
0.486,0.15,3
0.458,0.689,0
0.967,0.585,4
0.13,0.764,0
0.419,0.792,0
0.487,0.13,3
0.413,0.706,0
0.51,0.103,3
0.958,0.508,1
0.089,0.722,0
0.232,0.479,0
0.072,0.774,0
0.066,0.793,0
0.406,0.075,3
0.326,0.545,0
0.13,0.738,0
0.499,0.743,0
0.462,0.667,0
0.432,0.693,0
0.138,0.787,0
0.349,0.476,0
0.283,0.577,0
0.467,0.064,3
0.274,0.493,0
0.479,0.779,0
0.397,0.769,0
0.12,0.836,0
0.428,0.756,0
0.268,0.499,0
0.226,0.526,0
0.472,0.702,0
0.44,0.772,0
0.428,0.783,0
0.515,0.034,3
0.372,0.686,0
0.491,0.769,0
0.458,0.004,3
0.229,0.507,0
0.088,0.792,0
0.319,0.502,0
0.039,0.794,0
0.107,0.761,0
0.303,0.526,0
0.475,0.071,3
0.545,0.09,3
0.13,0.764,0
0.454,0.705,0
0.103,0.814,0
0.047,0.815,0
0.571,0.142,3
0.104,0.731,0
0.272,0.492,0
0.454,0.069,3
0.462,0.078,3
0.464,0.115,3
0.087,0.743,0
0.484,0.028,3
0.271,0.431,0
0.468,0.051,3
0.245,0.527,0
0.526,0.005,3
0.128,0.806,0
0.297,0.476,0
0.474,0.69,0
0.299,0.498,0
0.544,0.07,3
0.422,0.678,0
0.094,0.8,0
0.397,0.741,0
0.445,0.041,3
0.239,0.51,0
0.482,0.026,3
0.456,0.109,3
0.422,0.802,0
0.952,0.512,1
0.919,0.583,1
0.408,0.827,0
0.432,0.071,3
0.964,0.525,1
0.474,0.682,0
0.096,0.777,0
0.984,0.545,4
0.441,0.034,3
0.429,0.708,0
0.493,0.683,0
0.101,0.777,0
1.007,0.436,2
0.548,0.108,3
0.545,0.062,3
0.48,0.093,3
0.962,0.581,4
0.415,0.788,0
0.139,0.838,0
0.073,0.739,0
0.488,0.08,3
0.281,0.487,0
0.937,0.471,1
0.487,0.75,0
0.463,0.078,3
0.553,0.059,3
0.485,0.77,0
0.468,0.703,0
0.093,0.811,0
1.084,0.496,2
0.055,0.787,0
0.97,0.532,1
0.275,0.481,0
0.5,0.113,3
0.948,0.617,4
0.318,0.573,0
0.406,0.708,0
0.516,0.075,3
0.069,0.763,0
0.059,0.783,0
0.433,0.656,0
0.488,0.094,3
0.331,0.527,0
0.502,0.719,0
0.3,0.493,0
0.564,0.125,3
0.139,0.828,0
0.284,0.491,0
0.099,0.73,0
0.25,0.435,0
0.447,0.052,3
0.506,0.035,3
1.028,0.525,2
0.99,0.528,2
0.522,0.068,3
0.498,0.037,3
0.479,0.098,3
0.305,0.476,0
0.497,0.776,0
0.41,0.699,0
0.481,0.722,0
0.262,0.508,0
0.485,0.111,3
0.064,0.84,0
0.44,0.679,0
0.511,0.05,3
0.07,0.797,0
0.087,0.731,0
0.224,0.564,0
0.457,0.07,3
0.999,0.514,2
0.297,0.551,0
0.454,0.78,0
0.397,0.786,0
0.116,0.805,0
0.44,0.721,0
0.528,0.008,3
0.574,0.155,3
1.017,0.466,2
0.466,0.733,0
0.483,0.819,0
0.471,0.726,0
0.576,0.054,3
0.025,0.768,0
0.492,0.093,3
0.21,0.532,0
0.275,0.51,0
0.38,0.701,0
0.373,0.756,0
0.433,0.65,0
0.027,0.767,0
0.489,0.06,3
0.08,0.762,0
0.006,0.806,0
0.472,0.072,3
0.096,0.827,0
0.438,0.753,0
0.28,0.431,0
0.066,0.759,0
0.434,0.067,3
0.99,0.467,2
0.522,0.105,3
0.437,0.772,0
0.232,0.471,0
0.229,0.507,0
1.035,0.486,2
0.407,0.06,3
0.445,0.759,0
0.264,0.527,0
0.461,0.666,0
0.948,0.556,1
0.398,0.651,0
0.082,0.72,0
0.28,0.517,0
0.478,0.06,3
0.082,0.793,0
0.559,0.093,3
0.968,0.485,2
0.259,0.503,0
0.384,0.709,0
0.335,0.513,0
0.109,0.822,0
0.24,0.58,0
0.495,0.09,3
1.009,0.647,4
0.238,0.546,0
0.504,0.766,0
0.311,0.497,0
0.306,0.55,0
0.031,0.713,0
0.996,0.525,2
0.492,0.73,0
0.246,0.526,0
0.005,0.732,0
0.121,0.725,0
0.464,0.713,0
0.087,0.716,0
0.554,0.067,3
0.085,0.798,0
0.061,0.786,0
0.944,0.521,1
0.373,0.775,0
0.97,0.493,2
0.465,0.066,3
0.977,0.528,2
0.96,0.488,2
0.998,0.505,2
0.457,0.057,3
0.257,0.518,0
0.522,0.069,3
1.005,0.551,4
0.522,0.057,3
0.032,0.782,0
0.502,0.077,3
0.13,0.809,0
0.087,0.744,0
0.543,0.013,3
0.453,0.068,3
0.09,0.81,0
0.247,0.472,0
1.026,0.481,2
0.304,0.407,0
0.578,0.043,3
0.478,0.092,3
0.032,0.805,0
0.543,0.043,3
0.113,0.798,0
0.969,0.559,4
0.449,0.751,0
0.459,0.075,3
0.494,0.757,0
0.46,0.771,0
0.985,0.564,4
1.018,0.513,2
1.009,0.539,2
0.382,0.72,0
0.501,0.132,3
0.408,0.767,0
0.124,0.832,0
0.373,0.762,0
0.23,0.46,0
0.498,0.702,0
0.439,0.002,3
0.515,0.087,3
0.521,0.123,3
0.447,0.767,0
0.263,0.474,0
0.116,0.795,0
0.029,0.827,0
0.99,0.554,4
0.494,0.072,3
1.022,0.578,4
0.034,0.794,0
0.342,0.543,0
0.591,0.015,3
0.264,0.552,0
0.448,0.739,0
0.298,0.487,0
0.341,0.478,0
0.546,0.086,3
0.497,0.738,0
1.025,0.543,4
0.078,0.826,0
0.318,0.498,0
0.077,0.825,0
0.499,0.718,0
0.16,0.464,0
0.488,0.081,3
0.238,0.586,0
0.072,0.844,0
0.243,0.554,0
0.039,0.805,0
0.486,0.097,3
0.064,0.76,0
0.487,0.097,3
0.98,0.57,4
1.041,0.546,4
0.485,0.071,3
0.191,0.586,0
0.327,0.505,0
0.531,0.076,3
0.244,0.521,0
0.462,0.766,0
1.023,0.541,2
0.436,0.723,0
0.919,0.553,1
0.392,0.743,0
0.283,0.492,0
0.918,0.556,1
0.067,0.875,0
0.101,0.832,0
0.33,0.494,0
0.996,0.527,2
0.075,0.75,0
0.529,0.056,3
0.454,0.73,0
0.518,0.047,3
0.127,0.823,0
0.44,0.705,0
0.336,0.511,0
0.358,0.506,0
0.026,0.75,0
0.123,0.763,0
0.306,0.462,0
0.485,0.17,3
0.95,0.539,1
1.004,0.488,2
0.478,0.688,0
0.259,0.53,0
0.986,0.552,4
0.255,0.51,0
0.138,0.814,0
0.506,0.085,3
0.466,0.724,0
0.431,0.101,3
0.035,0.837,0
0.495,0.048,3
0.507,0.092,3
0.381,0.709,0
0.996,0.61,4
0.435,0.766,0
0.993,0.593,4
0.459,0.15,3
0.119,0.761,0
0.536,0.018,3
0.306,0.467,0
0.983,0.487,2
0.364,0.727,0
0.24,0.543,0
0.346,0.784,0
0.963,0.584,4
0.418,0.708,0
0.266,0.514,0
0.088,0.741,0
0.316,0.505,0
0.427,0.649,0
0.997,0.526,2
0.108,0.714,0
0.963,0.516,1
1.023,0.583,4
0.101,0.826,0
0.467,0.07,3
0.931,0.541,1
0.059,0.768,0
0.246,0.575,0
0.968,0.546,1
0.076,0.75,0
0.476,0.69,0
1.015,0.563,4
1.006,0.566,4
0.404,0.056,3
0.111,0.719,0
0.049,0.797,0
0.49,0.104,3
0.326,0.52,0
0.068,0.734,0
0.981,0.52,2
0.262,0.489,0
0.264,0.517,0
0.956,0.519,1
0.396,0.725,0
0.5,0.056,3
0.977,0.553,4
0.474,0.71,0
0.464,0.708,0
0.953,0.633,4
0.448,0.715,0
0.487,0.001,3
0.228,0.545,0
0,0.833,0
0.315,0.464,0
0.247,0.493,0
0.238,0.432,0
0.213,0.542,0
0.464,0.223,3
0.519,0.114,3
0.154,0.798,0
0.508,0.042,3
0.915,0.534,1
0.004,0.856,0
0.956,0.638,4
0.279,0.457,0
0.457,0.808,0
0.331,0.539,0
0.417,0.69,0
0.548,0.007,3
0.94,0.58,1
0.054,0.803,0
0.106,0.696,0
0.954,0.608,4
0.483,0.064,3
0.448,0.033,3
0.429,0.735,0
0.074,0.794,0
1.035,0.569,4
0.115,0.705,0
0.071,0.802,0
0.266,0.458,0
0.951,0.534,1
0.474,0.741,0
0.28,0.426,0
0.42,0.034,3
0.448,0.798,0
0.483,0.74,0
0.93,0.51,1
0.083,0.861,0
0.44,0.695,0
0.255,0.511,0
0.489,0.714,0
0.402,0.66,0
0.471,0.05,3
0.457,0.755,0
0.442,0.764,0
0.5,0.721,0
0.526,0.068,3
0.485,0.029,3
0.483,0.079,3
1.012,0.528,2
0.462,0.659,0
0.233,0.533,0
0.142,0.842,0
0.997,0.603,4
0.41,0.709,0
0.513,0.046,3
0.118,0.758,0
0.301,0.475,0
0.47,0.739,0
0.397,0.78,0
0.358,0.781,0
0.479,0.721,0
0.162,0.81,0
0.506,0.119,3
0.093,0.735,0
0.252,0.451,0
0.203,0.473,0
0.962,0.572,4
0.539,0.064,3
0.234,0.496,0
0.44,0.659,0
0.001,0.815,0
0.459,0.717,0
0.523,0.707,0
0.977,0.512,2
0.419,0.743,0
0.201,0.492,0
0.272,0.422,0
0.244,0.487,0
0.06,0.779,0
0.479,0.773,0
0.462,0.103,3
0.953,0.548,1
1.02,0.547,4
0.982,0.539,4
0.412,0.753,0
0.254,0.505,0
0.492,0.653,0
0.358,0.519,0
0.058,0.783,0
0.542,0.118,3
0.413,0.745,0
0.287,0.514,0
0.997,0.598,4
0.564,0.027,3
0.563,0.069,3
0.249,0.445,0
0.044,0.775,0
0.919,0.552,1
0.281,0.495,0
0.492,0.067,3
0.419,0.781,0
0.482,0.1,3
0.423,0.755,0
0.947,0.591,4
1.005,0.565,4
0.039,0.706,0
0.439,0.727,0
0.531,0.041,3
0.11,0.792,0
0.497,0.112,3
0.936,0.55,1
0.96,0.561,1
0.209,0.57,0
0.156,0.786,0
0.478,0.048,3
0.513,0.062,3
0.096,0.757,0
0.043,0.782,0
0.026,0.688,0
1.058,0.54,2
0.525,0.115,3
0.083,0.764,0
0.024,0.84,0
0.137,0.795,0
0.145,0.822,0
0.437,0.812,0
0.444,0.079,3
0.482,0.669,0
0.447,0.099,3
0.553,0.054,3
0.391,0.687,0
0.515,0.76,0
0.147,0.79,0
0.171,0.755,0
0.236,0.477,0
0.452,0.674,0
0.442,0.679,0
0.602,0.023,3
0.51,0.129,3
0.923,0.55,1
0.451,0.739,0
0.374,0.446,0
0.383,0.71,0
0.464,0.011,3
0.048,0.797,0
0.462,0.712,0
0.486,0.634,0
0.997,0.543,4
0.952,0.54,1
0.501,0.021,3
0.418,0.776,0
0.958,0.516,1
0.437,0.064,3
0.916,0.544,1
0.071,0.826,0
0.117,0.693,0
0.037,0.745,0
0.473,0.083,3
0.264,0.512,0
1.021,0.538,2
0.214,0.488,0
0.503,0.034,3
1.036,0.555,4
0.491,0.665,0
1.004,0.55,4
0.127,0.749,0
0.451,0.026,3
0.535,0.136,3
0.458,0.053,3
0.041,0.769,0
1.053,0.578,4
0.893,0.505,1
0.999,0.524,2
0.428,0.712,0
0.505,0.117,3
0.341,0.494,0
0.923,0.599,1
0.05,0.779,0
0.493,0.133,3
0.131,0.827,0
1.03,0.566,4
0.517,0.066,3
0.373,0.778,0
0.053,0.819,0
0.54,0.662,0
0.512,0.088,3
1.004,0.515,2
0.136,0.794,0
0.956,0.51,1
0.966,0.552,1
0.38,0.725,0
0.543,0.097,3
0.99,0.47,2
0.473,0.007,3
0.887,0.511,1
0.086,0.803,0
0.181,0.461,0
1.001,0.515,2
0.444,0.783,0
0.468,0.81,0
0.265,0.473,0
0.404,0.811,0
0.419,0.676,0
0.498,0.708,0
0.54,0.069,3
0.439,0.669,0
0.431,0.694,0
0.416,0.729,0
0.535,0.118,3
0.119,0.814,0
0.003,0.777,0
0.448,0.726,0
0.276,0.465,0
0.424,0.728,0
0.471,0.054,3
0.974,0.571,4
0.917,0.524,1
0.28,0.476,0
0.392,0.713,0
0.256,0.508,0
0.025,0.756,0
0.067,0.796,0
0.438,0.679,0
0.06,0.782,0
0.527,0.048,3
0.519,0.025,3
0.383,0.761,0
1.016,0.55,4
0.888,0.523,1
0.425,0.762,0
0.001,0.78,0
0.476,0.759,0
0.145,0.794,0
0.452,0.715,0
0.915,0.556,1
0.932,0.539,1
0.503,0.074,3
0.5,0.076,3
1.007,0.547,4
0.312,0.518,0
0.192,0.601,0
0.461,0.096,3
0.11,0.761,0
0.332,0.539,0
0.056,0.809,0
0.972,0.449,2
0.428,0.734,0
0.444,0.037,3
0.515,0.002,3
0.034,0.761,0
0.443,0.783,0
0.187,0.515,0
0.479,0.773,0
0.434,0.132,3
0.48,0.01,3
1.023,0.505,2
0.587,0.024,3
0.296,0.494,0
0.246,0.497,0
0.443,0.061,3
0.137,0.757,0
0.95,0.551,1
0.404,0.734,0
0.927,0.58,1
0.482,0.098,3
0.443,0.705,0
0.042,0.782,0
0.444,0.73,0
0.949,0.522,1
0.527,0.033,3
0.994,0.512,2
0.376,0.668,0
1.013,0.531,2
0.017,0.744,0
0.486,0.133,3
0.26,0.521,0
0.422,0.653,0
0.043,0.804,0
0.02,0.788,0
0.063,0.745,0
0.943,0.532,1
0.474,0.015,3
0.527,0.064,3
0.264,0.568,0
0.479,0.118,3
0.927,0.513,1
0.44,0.039,3
0.986,0.525,2
0.31,0.493,0
0.223,0.441,0
0.243,0.492,0
0.983,0.617,4
0.429,0.734,0
0.242,0.423,0
1.023,0.564,4
0.235,0.513,0
0.07,0.713,0
0.466,0.09,3
1.008,0.557,4
0.415,0.67,0
0.277,0.512,0
0.922,0.594,1
0.013,0.768,0
0.973,0.47,2
0.038,0.755,0
0.343,0.479,0
0.472,0.747,0
0.448,0.757,0
0.365,0.452,0
0.08,0.746,0
0.066,0.771,0
0.086,0.73,0
0.299,0.471,0
0.14,0.802,0
0.512,0.098,3
0.504,0.06,3
0.995,0.554,4
0.436,0.678,0
0.967,0.514,2
0.474,0.077,3
0.417,0.737,0
0.028,0.744,0
0.391,0.756,0
0.428,0.729,0
0.072,0.763,0
0.975,0.58,4
0.964,0.54,1
0.067,0.761,0
0.269,0.452,0
0.466,0.699,0
0.462,0.093,3
0.39,0.749,0
0.282,0.484,0
0.486,0.042,3
0.081,0.779,0
1.002,0.581,4
0.074,0.843,0
0.427,0.742,0
0.447,0.775,0
0.252,0.483,0
0.976,0.492,2
0.942,0.547,1
0.926,0.542,1
0.272,0.443,0
0.509,0.083,3
0.509,0.111,3
0.194,0.467,0
0.437,0.701,0
0.33,0.472,0
0.185,0.761,0
0.503,0.069,3
0.48,0.072,3
1.008,0.504,2
0.041,0.734,0
0.52,0.102,3
0.244,0.481,0
0.542,0.088,3
0.057,0.766,0
0.942,0.562,1
0.228,0.495,0
1.034,0.591,4
0.125,0.795,0
0.41,0.778,0
0.075,0.755,0
0.929,0.565,1
0.917,0.544,1
0.306,0.524,0
0.951,0.561,1
0.439,0.676,0
0.476,0.681,0
0.978,0.621,4
0.986,0.62,4
0.465,0.102,3
0.266,0.492,0
0.485,0.097,3
0.474,0.725,0
0.227,0.516,0
0.505,0.088,3
0.162,0.755,0
0.274,0.524,0
0.52,0.077,3
0.439,0.67,0
0.955,0.526,1
0.54,0.111,3
0.465,0.146,3
0.541,0.04,3
0.515,0.022,3
0.076,0.701,0
0.275,0.42,0
0.27,0.465,0
0.278,0.506,0
0.071,0.755,0
0.556,0.073,3
0.142,0.74,0
0.265,0.478,0
0.078,0.78,0
0.537,0.074,3
0.307,0.479,0
0.467,0.683,0
0.558,0.088,3
0.452,0.037,3
0.522,0.07,3
0.492,0.105,3
0.093,0.747,0
0.494,0.015,3
1.01,0.577,4
0.504,0.663,0
0.474,0.586,0
0.443,0.716,0
0.466,0.664,0
0.06,0.761,0
0.241,0.537,0
0.049,0.733,0
0.262,0.549,0
0.047,0.784,0
0.051,0.797,0
0.24,0.521,0
1.005,0.536,2
0.086,0.769,0
0.054,0.782,0
0.124,0.77,0
0.31,0.471,0
0.099,0.739,0
0.045,0.807,0
0.305,0.469,0
0.936,0.527,1
0.4,0.728,0
0.1,0.716,0
1.005,0.525,2
1.034,0.614,4
0.964,0.481,2
0.951,0.531,1
0.533,0.685,0
0.042,0.736,0
0.461,0.079,3
0.938,0.614,4
0.523,0.098,3
0.548,0.074,3
0.522,0.136,3
0.511,0.043,3
0.484,0.079,3
0.396,0.797,0
0.302,0.432,0
0.99,0.533,2
0.221,0.413,0
1.023,0.498,2
0.215,0.452,0
0.102,0.833,0
0.975,0.534,1
0.54,0.107,3
0.966,0.511,2
0.267,0.421,0
0.233,0.547,0
0.292,0.506,0
0.467,0.752,0
0.295,0.532,0
0.935,0.546,1
0.491,0.043,3
0.45,0.091,3
0.988,0.562,4
0.491,0.042,3
0.121,0.733,0
0.456,0.707,0
0.442,0.72,0
0.304,0.478,0
0.462,0.692,0
0.271,0.545,0
0.462,0.767,0
0.075,0.788,0
0.967,0.441,2
0.495,0.015,3
0.392,0.776,0
0.058,0.874,0
1.002,0.537,2
0.246,0.523,0
0.467,0.643,0
0.417,0.73,0
0.302,0.473,0
0.998,0.572,4
0.485,0.716,0
0.461,0.128,3
0.305,0.477,0
0.068,0.771,0
0.501,0.096,3
0.053,0.823,0
0.43,0.702,0
1.004,0.544,4
0.473,0.069,3
0.062,0.753,0
0.248,0.501,0
0.093,0.826,0
0.527,0.108,3
0.974,0.492,2
0.971,0.548,4
0.452,0.663,0
0.116,0.85,0
0.451,0.739,0
0.934,0.556,1
0.279,0.503,0
0.059,0.801,0
0.48,0.664,0
0.115,0.837,0
0.469,0.705,0
0.077,0.738,0
0.462,0.032,3
0.06,0.86,0
0.039,0.792,0
0.386,0.71,0
0.125,0.819,0
0.116,0.802,0
0.516,0.085,3
0.479,0.724,0
0.493,0.078,3
0.286,0.541,0
0.198,0.47,0
0.987,0.638,4
0.386,0.706,0
0.003,0.768,0
0.94,0.548,1
0.462,0.112,3
0.459,0.134,3
0.531,0.093,3
0.966,0.556,4
1.003,0.561,4
0.39,0.726,0
0.428,0.82,0
1.01,0.473,2
0.513,0.039,3
0.19,0.517,0
0.937,0.585,1
1.058,0.567,4
0.07,0.803,0
0.065,0.858,0
0.394,0.67,0
0.399,0.711,0
1.041,0.541,2
0.009,0.765,0
0.995,0.607,4
0.503,0.075,3
0.059,0.76,0
0.489,0.038,3
0.065,0.832,0
0.237,0.536,0
0.266,0.466,0
0.025,0.839,0
0.223,0.476,0
0.306,0.496,0
0.276,0.472,0
0.287,0.53,0
1.019,0.532,2
0.519,0.057,3
0.466,0.692,0
0.476,0.686,0
0.415,0.72,0
0.086,0.726,0
0.543,0.091,3
0.987,0.505,2
0.25,0.505,0
0.424,0.683,0
0.103,0.724,0
0.076,0.836,0
0.408,0.733,0
0.456,0.671,0
0.245,0.505,0
0.094,0.728,0
0.152,0.727,0
0.46,0.69,0
0.966,0.52,1
0.926,0.574,1
0.087,0.753,0
0.978,0.579,4
0.316,0.532,0
0.555,0.084,3
0.272,0.455,0
0.935,0.512,1
0.533,0.083,3
0.554,0.06,3
0.021,0.745,0
0.455,0.693,0
0.953,0.512,1
0.02,0.76,0
0.282,0.542,0
0.032,0.751,0
0.915,0.514,1
0.405,0.025,3
0.003,0.784,0
0.434,0.709,0
0.07,0.818,0
0.46,0.008,3
0.536,0.053,3
0.99,0.552,4
1.035,0.516,2
1.012,0.564,4
0.066,0.771,0
0.136,0.817,0
0.203,0.489,0
0.467,0.726,0
0.058,0.808,0
0.467,0.025,3
0.967,0.587,4
0.424,0.705,0
0.969,0.54,1
0.453,0.066,3
0.462,0.731,0
0.059,0.711,0
0.469,0.765,0
0.055,0.785,0
0.527,0.046,3
0.245,0.543,0
0.411,0.73,0
0.237,0.54,0
0.523,0.013,3
0.034,0.738,0
0.079,0.801,0
0.041,0.873,0
0.358,0.485,0
0.435,0.756,0
0.107,0.778,0
0.991,0.543,4
0.391,0.773,0
0.116,0.736,0
0.456,0.748,0
0.967,0.629,4
0.091,0.672,0
0.476,0.745,0
0.428,0.723,0
0.122,0.755,0
0.334,0.49,0
0.2,0.473,0
0.085,0.786,0
0.436,0.749,0
0.423,0.819,0
0.401,0.689,0
0.239,0.481,0
0.523,0.061,3
0.519,0.681,0
1.046,0.463,2
0.097,0.76,0
0.524,0.099,3
0.986,0.474,2
0.079,0.788,0
0.27,0.528,0
0.95,0.537,1
1.023,0.542,4
0.005,0.813,0
0.529,0.054,3
0.991,0.539,4
0.968,0.488,2
0.127,0.828,0
0.135,0.772,0
0.294,0.509,0
0.46,0.753,0
0.507,0.112,3
0.247,0.449,0
0.076,0.801,0
0.431,0.728,0
0.148,0.778,0
0.369,0.761,0
0.312,0.486,0
1.038,0.568,4
1.018,0.586,4
0.197,0.536,0
0.055,0.737,0
0.439,0.749,0
0.072,0.763,0
0.515,0.043,3
0.445,0.029,3
0.33,0.443,0
0.124,0.768,0
0.96,0.483,2
0.11,0.73,0
0.505,0.176,3
0.119,0.781,0
0.529,0.07,3
0.898,0.58,1
1.005,0.581,4
0.526,0.131,3
0.012,0.753,0
0.961,0.598,4
0.078,0.83,0
0.252,0.527,0
0.396,0.692,0
0.493,0.768,0
1.003,0.593,4
1.04,0.517,2
0.156,0.729,0
0.06,0.832,0
1.004,0.491,2
0.106,0.854,0
0.557,0.06,3
0.489,0.099,3
0.937,0.557,1
0.287,0.472,0
1.091,0.541,2
0.492,0.762,0
0.447,0.651,0
1.004,0.584,4
1.007,0.573,4
0.343,0.482,0
0.285,0.521,0
0.293,0.486,0
0.028,0.826,0
0.094,0.674,0
0.496,0.009,3
0.894,0.528,1
0.031,0.803,0
0.485,0.737,0
0.922,0.527,1
0.294,0.483,0
0.021,0.787,0
0.977,0.549,4
0.258,0.454,0
0.462,0.076,3
0.423,0.762,0
0.945,0.518,1
0.51,0.036,3
0.256,0.461,0
0.266,0.468,0
0.286,0.441,0
1.015,0.533,2
0.947,0.502,1
0.463,0.087,3
0.529,0.146,3
0.269,0.423,0
0.065,0.795,0
1.027,0.53,2
0.493,0.078,3
0.076,0.764,0
0.249,0.549,0
0.27,0.475,0
0.968,0.586,4
0.097,0.784,0
0.12,0.784,0
0.502,0.112,3
0.469,0.005,3
0.931,0.534,1
0.381,0.727,0
0.162,0.757,0
0.249,0.484,0
0.23,0.534,0
0.966,0.564,4
0.527,0.733,0
0.539,0.09,3
0.465,0.725,0
0.121,0.753,0
0.45,0.124,3
0.031,0.737,0
0.378,0.43,0
0.898,0.525,1
0.05,0.81,0
0.219,0.499,0
0.435,0.047,3
0.243,0.524,0
0.251,0.492,0
0.081,0.789,0
0.957,0.565,1
0.305,0.505,0
0.995,0.56,4
0.929,0.578,1
0.571,0.082,3
0.13,0.752,0
0.038,0.849,0
0.446,0.716,0
0.489,0.049,3
0.253,0.502,0
1.036,0.564,4
0.537,0.089,3
0.984,0.575,4
0.581,0.136,3
0.456,0.743,0
0.524,0.112,3
0.258,0.536,0
0.292,0.445,0
0.465,0.05,3
0.486,0.713,0
0.115,0.748,0
0.455,0.021,3
0.454,0.662,0
0.535,0.061,3
0.488,0.011,3
0.088,0.743,0
0.485,0.711,0
0.324,0.405,0
0.504,0.012,3
0.978,0.577,4
0.936,0.528,1
0.521,0.067,3
0.036,0.743,0
0.343,0.453,0
0.08,0.759,0
0.965,0.595,4
1.023,0.512,2
0.978,0.529,2
0.065,0.831,0
0.253,0.442,0
0.502,0.048,3
0.407,0.749,0
0.42,0.045,3
0.22,0.443,0
0.98,0.522,2
0.043,0.866,0
0.332,0.697,0
1.013,0.568,4
0.266,0.454,0
0.51,0.052,3
1.004,0.622,4
0.936,0.528,1
0.482,0.792,0
0.964,0.481,2
0.424,0.809,0
0.102,0.693,0
0.099,0.83,0
0.451,0.722,0
0.288,0.542,0
0.334,0.421,0
0.996,0.563,4
0.062,0.803,0
1.072,0.561,4
0.383,0.734,0
0.445,0.758,0
0.23,0.489,0
0.448,0.095,3
0.339,0.377,0
0.504,0.064,3
0.238,0.578,0
0.317,0.53,0
0.476,0.07,3
0.98,0.562,4
0.25,0.407,0
0.911,0.563,1
0.075,0.808,0
0.999,0.505,2
0.016,0.794,0
0.281,0.5,0
0.549,0.098,3
1.044,0.559,4
0.483,0.727,0
0.63,0.062,3
0.058,0.803,0
0.212,0.572,0
0.067,0.804,0
0.385,0.752,0
0.039,0.752,0
1.009,0.611,4
0.253,0.475,0
0.978,0.482,2
0.457,0.696,0
0.063,0.801,0
1.004,0.565,4
0.348,0.629,0
0.496,0.076,3
1,0.596,4
0.974,0.542,1
0.297,0.44,0
0.554,0.054,3
0.419,0.039,3
0.464,0.712,0
0.587,0.071,3
0.431,0.722,0
0.532,0.717,0
0.002,0.814,0
0.94,0.546,1
0.408,0.756,0
0.127,0.78,0
1.025,0.585,4
0.563,0.14,3
0.555,0.091,3
0.515,0.023,3
0.131,0.799,0
0.265,0.495,0
0.421,0.698,0
0.154,0.771,0
0.283,0.513,0
0.118,0.749,0
0.424,0.089,3
0.964,0.55,1
0.036,0.764,0
0.996,0.545,4
0.945,0.555,1
0.144,0.819,0
1.051,0.557,4
0.99,0.588,4
0.011,0.808,0
1.043,0.571,4
0.076,0.78,0
0.052,0.78,0
0.13,0.753,0
1.031,0.508,2
0.011,0.777,0
0.075,0.855,0
0.343,0.47,0
0.46,0.096,3
0.019,0.691,0
0.134,0.828,0
0.365,0.711,0
0.438,0.703,0
0.25,0.443,0
0.08,0.717,0
0.053,0.805,0
0.384,0.786,0
0.33,0.5,0
0.294,0.536,0
0.553,0.06,3
0.452,0.076,3
0.429,0.749,0
1.004,0.576,4
0.447,0.105,3
0.42,0.673,0
0.487,0.676,0
0.558,0.101,3
1.006,0.507,2
0.064,0.746,0
0.147,0.779,0
0.433,0.664,0
0.221,0.441,0
0.376,0.781,0
0.468,0.695,0
0.963,0.512,1
0.534,0.012,3
0.432,0.749,0
0.935,0.512,1
0.444,0.744,0
0.08,0.826,0
0.249,0.482,0
0.28,0.488,0
0.414,0.762,0
0.98,0.487,2
0.392,0.711,0
0.492,0.094,3
0.485,0.064,3
0.129,0.736,0
0.521,0.084,3
0.201,0.54,0
0.033,0.746,0
0.452,0.066,3
0.491,0.07,3
0.987,0.561,4
0.461,0.749,0
0.384,0.759,0
0.51,0.096,3
0.102,0.807,0
0.453,0.094,3
0.035,0.715,0
0.496,0.084,3
0.486,0.102,3
0.413,0.779,0
0.095,0.735,0
0.284,0.464,0
0.442,0.709,0
0.284,0.53,0
0.546,0.03,3
0.268,0.591,0
0.519,0.014,3
0.961,0.551,1
0.503,0.012,3
0.965,0.5,2
0.981,0.54,4
0.416,0.747,0
0.024,0.771,0
0.24,0.577,0
0.365,0.751,0
0.962,0.473,2
0.476,0.73,0
0.988,0.468,2
0.967,0.528,1
0.259,0.46,0
0.25,0.44,0
0.52,0.082,3
0.486,0.702,0
0.131,0.748,0
0.141,0.764,0
0.935,0.573,1
0.481,0.07,3
0.983,0.544,4
0.449,0.001,3
0.954,0.547,1
0.251,0.502,0
0.444,0.684,0
0.395,0.778,0
0.423,0.68,0
0.543,0.134,3
0.06,0.771,0
0.427,0.776,0
1.039,0.573,4
0.083,0.783,0
0.388,0.166,3
0.603,0.107,3
0.055,0.774,0
0.432,0.731,0
0.509,0.106,3
1.033,0.525,2
0.048,0.753,0
0.051,0.833,0
0.088,0.726,0
0.253,0.506,0
1.011,0.58,4
0.473,0.055,3
0.47,0.07,3
0.322,0.564,0
0.383,0.762,0
0.915,0.535,1
0.476,0.763,0
0.129,0.725,0
0.255,0.46,0
0.547,0.072,3
1.047,0.459,2
0.275,0.582,0
0.272,0.472,0
0.169,0.462,0
0.469,0.768,0
0.519,0.026,3
0.51,0.037,3
0.552,0.072,3
0.933,0.516,1
0.466,0.727,0
0.47,0.736,0
0.096,0.744,0
0.352,0.485,0
0.431,0.687,0
0.261,0.537,0
0.059,0.825,0
0.195,0.501,0
0.913,0.564,1
0.048,0.785,0
0.956,0.503,1
1.041,0.567,4
0.029,0.721,0
0.943,0.494,1
1.005,0.571,4
0.949,0.541,1
0.382,0.72,0
0.248,0.511,0
0.285,0.544,0
0.381,0.741,0
0.215,0.528,0
0.215,0.519,0
0.094,0.803,0
0.491,0.062,3
0.119,0.752,0
0.487,0.048,3
0.327,0.589,0
0.516,0.03,3
0.081,0.772,0
0.117,0.775,0
0.19,0.475,0
0.423,0.702,0
0.528,0.102,3
0.076,0.751,0
0.315,0.483,0
0.274,0.523,0
0.524,0.035,3
0.389,0.061,3
0.298,0.4,0
0.53,0.742,0
0.469,0.642,0
0.082,0.771,0
0.439,0.05,3
0.919,0.569,1
0.521,0.069,3
0.069,0.796,0
0.061,0.819,0
0.435,0.776,0
0.423,0.01,3
0.951,0.517,1
0.992,0.581,4
0.531,0.011,3
0.256,0.51,0
0.931,0.478,1
0.129,0.76,0
0.451,0.622,0
0.11,0.786,0
1.016,0.567,4
0.442,0.729,0
0.383,0.671,0
0.959,0.616,4
0.037,0.793,0
0.271,0.487,0
0.914,0.521,1
0.545,0.134,3
0.517,0.033,3
1.016,0.518,2
0.532,0.103,3
0.531,0.064,3
0.44,0.738,0
0.489,0.075,3
0.242,0.451,0
0.466,0.026,3
0.469,0.741,0
0.476,0.676,0
0.527,0.098,3
0.306,0.465,0
0.413,0.763,0
0.995,0.588,4
0.308,0.53,0
0.312,0.523,0
0.266,0.515,0
1.017,0.548,4
1.054,0.55,4
0.073,0.839,0
0.456,0.721,0
0.012,0.803,0
0.946,0.537,1
0.208,0.475,0
0.973,0.534,1
0.434,0.757,0
0.476,0.738,0
0.518,0.076,3
0.246,0.558,0
0.459,0.055,3
0.982,0.543,4
0.494,0.035,3
0.312,0.556,0
0.952,0.549,1
0.464,0.761,0
0.926,0.54,1
0.945,0.567,1
0.405,0.146,3
0.534,0.097,3
0.434,0.674,0
0.488,0.072,3
0.296,0.475,0
0.444,0.619,0
0.448,0.649,0
0.071,0.792,0
0.92,0.563,1
0.477,0.029,3
0.084,0.807,0
0.245,0.46,0
0.001,0.811,0
0.29,0.534,0
0.982,0.51,2
0.257,0.47,0
0.978,0.54,4
0.097,0.821,0
0.454,0.66,0
0.132,0.848,0
0.261,0.553,0
0.917,0.544,1
0.982,0.545,4
0.101,0.727,0
0.484,0.048,3
0.27,0.511,0
0.309,0.473,0
0.569,0.143,3
0.45,0.687,0
0.263,0.557,0
0.994,0.568,4
0.115,0.821,0
0.961,0.557,1
0.461,0.732,0
1.003,0.532,2
0.429,0.762,0
0.871,0.522,1
0.535,0.039,3
0.082,0.746,0
1.053,0.504,2
0.565,0.064,3
0.48,0.091,3
0.526,0.037,3
0.294,0.45,0
0.262,0.504,0
0.26,0.493,0
0.084,0.742,0
0.266,0.497,0
1.003,0.474,2
0.109,0.758,0
0.017,0.777,0
0.252,0.453,0
0.52,0.069,3
0.961,0.542,1
1.022,0.58,4
0.11,0.764,0
1.006,0.535,2
0.984,0.526,2
0.195,0.514,0
1.001,0.52,2
0.024,0.79,0
0.457,0.771,0
0.46,0.025,3
0.24,0.544,0
0.243,0.527,0
0.388,0.674,0
0.424,0.691,0
0.978,0.555,4
0.096,0.795,0
0.286,0.57,0
1.008,0.494,2
0.142,0.8,0
0.208,0.451,0
0.935,0.525,1
0.083,0.79,0
0.517,0.064,3
0.311,0.513,0
0.477,0.753,0
0.536,0.091,3
0.956,0.543,1
0.507,0.673,0
0.455,0.727,0
0.478,0.008,3
0.982,0.59,4
0.416,0.726,0
0.504,0.073,3
0.91,0.506,1
0.395,0.761,0
0.066,0.807,0
0.09,0.741,0
0.28,0.495,0
0.19,0.462,0
0.975,0.512,2
0.971,0.529,1
0.431,0.669,0
0.999,0.523,2
1.098,0.454,2
0.449,0.782,0
0.245,0.502,0
0.296,0.531,0
0.085,0.756,0
0.93,0.563,1
0.248,0.493,0
0.498,0.081,3
0.067,0.847,0
0.032,0.864,0
0.525,0.15,3
0.989,0.495,2
0.087,0.8,0
0.454,0.059,3
0.279,0.456,0
0.07,0.762,0
0.942,0.563,1
0.516,0.066,3
0.906,0.508,1
0.981,0.576,4
0.011,0.804,0
1.006,0.464,2
0.45,0.688,0
0.449,0.714,0
0.525,0.09,3
0.554,0.157,3
0.986,0.564,4
0.963,0.578,4
0.428,0.698,0
0.48,0.067,3
0.289,0.592,0
1.013,0.551,4
0.541,0.039,3
0.069,0.862,0
0.999,0.495,2
1.005,0.568,4
0.132,0.778,0
0.508,0.099,3
0.255,0.561,0
0.099,0.772,0
0.995,0.495,2
0.333,0.465,0
0.31,0.49,0
0.399,0.556,0
0.538,0.077,3
0.424,0.678,0
0.102,0.755,0
0.428,0.706,0
1.02,0.603,4
0.321,0.541,0
0.524,0.056,3
0.467,0.697,0
0.011,0.793,0
1.053,0.573,4
0.504,0.694,0
0.407,0.679,0
1.029,0.484,2
1.013,0.513,2
1.005,0.587,4
0.465,0.623,0
0.14,0.806,0
0.956,0.547,1
0.116,0.842,0
0.492,0.069,3
0.241,0.532,0
0.53,0.071,3
0.49,0.085,3
0.073,0.818,0
0.404,0.682,0
0.959,0.602,4
0.46,0.716,0
0.443,0.107,3
0.531,0.049,3
0.248,0.471,0
0.39,0.717,0
0.41,0.754,0
0.42,0.745,0
0.223,0.523,0
0.587,0.058,3
0.322,0.599,0
0.248,0.495,0
0.226,0.517,0
0.224,0.454,0
0.013,0.839,0
0.04,0.753,0
0.464,0.754,0
0.176,0.586,0
0.021,0.728,0
1.036,0.537,2
0.223,0.482,0
0.324,0.483,0
0.472,0.114,3
0.4,0.712,0
0.087,0.717,0
0.971,0.485,2
0.331,0.469,0
0.255,0.518,0
0.464,0.064,3
0.47,0.768,0
0.301,0.566,0
0.21,0.577,0
0.288,0.573,0
0.482,0.026,3
0.43,0.692,0
0.262,0.384,0
0.295,0.569,0
1.026,0.545,4
0.089,0.851,0
0.514,0.086,3
0.107,0.811,0
0.072,0.795,0
0.498,0.031,3
0.041,0.788,0
0.029,0.783,0
0.007,0.775,0
0.507,0.081,3
0.303,0.47,0
0.074,0.8,0
0.93,0.51,1
0.925,0.519,1
0.285,0.542,0
0.101,0.847,0
0.069,0.809,0
0.121,0.782,0
1.056,0.5,2
0.515,0.037,3
0.127,0.769,0
0.102,0.749,0
0.088,0.828,0
0.96,0.538,1
0.934,0.543,1
1.008,0.55,4
0.464,0.741,0
0.463,0.713,0
0.304,0.527,0
0.064,0.831,0
0.05,0.862,0
0.442,0.733,0
0.958,0.502,1
0.47,0.769,0
0.092,0.76,0
0.25,0.514,0
0.308,0.702,0
0.482,0.097,3
0.516,0.039,3
0.304,0.558,0
0.261,0.504,0
0.328,0.554,0
0.976,0.545,4
0.972,0.576,4
0.455,0.093,3
0.456,0.115,3
0.043,0.821,0
0.148,0.771,0
0.476,0.108,3
0.512,0.748,0
0.458,0.69,0
0.486,0.021,3
0.488,0.708,0
0.296,0.524,0
0.484,0.069,3
0.576,0.096,3
0.93,0.559,1
0.455,0.69,0
0.106,0.716,0
0.291,0.483,0
0.903,0.493,1
0.477,0.049,3
0.014,0.748,0
0.248,0.547,0
0.316,0.492,0
0.102,0.886,0
0.053,0.762,0
0.503,0.017,3
0.22,0.431,0
0.337,0.489,0
0.954,0.539,1
0.312,0.537,0
0.465,0.727,0
0.171,0.775,0
0.5,0.066,3
0.447,0.778,0
0.441,0.656,0
0.482,0.679,0
0.508,0.022,3
0.131,0.776,0
1.007,0.541,4
0.418,0.805,0
0.425,0.767,0
0.529,0.072,3
0.071,0.752,0
0.45,0.08,3
0.12,0.784,0
0.28,0.467,0
0.304,0.557,0
0.977,0.589,4
0.524,0.052,3
0.508,0.65,0
0.523,0.674,0
0.417,0.674,0
0.093,0.767,0
0.253,0.47,0
0.382,0.509,0
0.993,0.56,4
0.253,0.522,0
0.266,0.45,0
0.995,0.518,2
1.018,0.571,4
1.008,0.544,4
0.219,0.477,0
0.555,0.135,3
0.072,0.771,0
0.14,0.773,0
0.951,0.591,4
0.037,0.735,0
0.974,0.564,4
0.307,0.502,0
0.042,0.732,0
0.412,0.666,0
0.468,0.66,0
0.066,0.766,0
0.984,0.523,2
0.128,0.835,0
1.019,0.549,4
0.093,0.792,0
0.976,0.524,2
0.316,0.513,0
0.5,0.035,3
0.499,0.036,3
0.43,0.067,3
0.534,0.117,3
0.465,0.156,3
0.465,0.709,0
0.128,0.773,0
0.039,0.749,0
0.229,0.47,0
0.054,0.771,0
0.104,0.785,0
0.076,0.791,0
0.559,0.079,3
0.534,0.091,3
0.445,0.682,0
0.963,0.478,2
0.454,0.733,0
0.486,0.134,3
0.457,0.056,3
0.506,0.085,3
0.986,0.513,2
0.057,0.717,0
0.502,0.018,3
0.37,0.775,0
0.401,0.745,0
0.238,0.561,0
0.288,0.523,0
0.483,0.015,3
0.538,0.678,0
0.482,0.073,3
0.499,0.043,3
0.031,0.797,0
0.493,0.054,3
0.115,0.741,0
0.23,0.384,0
0.527,0.121,3
1.057,0.601,4
0.518,0.033,3
0.085,0.793,0
0.96,0.629,4
0.537,0.076,3
0.127,0.761,0
0.276,0.479,0
0.285,0.511,0
0.098,0.788,0
0.232,0.521,0
0.075,0.82,0
0.467,0.052,3
0.985,0.618,4
0.471,0.706,0
0.304,0.527,0
0.268,0.551,0
0.455,0.026,3
1.057,0.59,4
0.261,0.483,0
0.266,0.469,0
0.133,0.737,0
1.029,0.555,4
0.517,0.089,3
1.011,0.514,2
0.229,0.505,0
0.994,0.518,2
0.317,0.479,0
1.016,0.514,2
1.001,0.555,4
0.207,0.472,0
0.301,0.611,0
0.472,0.771,0
0.259,0.489,0
0.051,0.83,0
0.254,0.519,0
0.1,0.787,0
1.024,0.585,4
0.269,0.468,0
0.071,0.805,0
0.982,0.56,4
0.433,0.745,0
0.096,0.75,0
0.966,0.518,1
0.425,0.778,0
0.07,0.807,0
0.526,0.017,3
0.28,0.497,0
0.953,0.504,1
0.018,0.748,0
0.491,0.035,3
0.298,0.541,0
0.995,0.484,2
0.459,0.66,0
0.966,0.515,1
0.376,0.532,0
0.476,0.728,0
0.252,0.454,0
0.556,0.008,3
0.195,0.505,0
0.121,0.781,0
0.265,0.556,0
0.323,0.452,0
0.948,0.6,4
0.05,0.791,0
0.952,0.554,1
0.399,0.676,0
0.302,0.552,0
0.428,0.755,0
0.49,0.05,3
0.984,0.498,2
0.479,0.139,3
0.405,0.764,0
0.513,0.002,3
0.362,0.073,3
1.005,0.485,2
0.501,0.06,3
0.432,0.701,0
0.537,0.042,3
0.113,0.735,0
0.221,0.456,0
0.048,0.735,0
0.498,0.066,3
0.936,0.541,1
0.879,0.499,1
0.442,0.751,0
0.923,0.57,1
0.494,0.865,0
1.048,0.514,2
0.241,0.507,0
0.957,0.545,1
0.01,0.829,0
0.037,0.733,0
0.087,0.759,0
0.294,0.497,0
0.991,0.554,4
0.923,0.496,1
0.455,0.119,3
0.035,0.803,0
0.43,0.758,0
0.533,0.109,3
0.63,0.066,3
0.294,0.471,0
0.94,0.522,1
0.106,0.856,0
0.296,0.5,0
0.245,0.496,0
0.44,0.731,0
0.047,0.819,0
0.46,0.706,0
0.381,0.679,0
0.476,0.701,0
0.443,0.073,3
0.485,0.112,3
0.07,0.704,0
0.137,0.832,0
0.39,0.721,0
0.366,0.514,0
0.101,0.796,0
0.543,0.04,3
0.943,0.514,1
0.443,0.099,3
0.038,0.795,0
0.344,0.458,0
0.255,0.486,0
0.536,0.092,3
0.985,0.468,2
0.921,0.535,1
0.405,0.699,0
0.209,0.479,0
0.096,0.787,0
0.518,0.07,3
0.273,0.498,0
0.47,0.747,0
0.334,0.417,0
0.366,0.646,0
0.474,0.748,0
0.464,0.677,0
0.045,0.811,0
0.501,0.086,3
0.374,0.672,0
0.085,0.777,0
0.07,0.794,0
0.243,0.527,0
0.231,0.411,0
0.409,0.729,0
0.526,0.032,3
0.327,0.506,0
0.385,0.714,0
0.287,0.449,0
0.447,0.005,3
0.122,0.828,0
0.427,0.777,0
0.496,0.746,0
0.979,0.608,4
1.022,0.481,2
0.973,0.577,4
0.08,0.816,0
0.518,0.101,3
0.05,0.805,0
0.994,0.48,2
0.132,0.764,0
0.415,0.693,0
0.496,0.177,3
0.336,0.496,0
0.923,0.442,1
0.9,0.54,1
0.943,0.611,4
0.986,0.507,2
0.11,0.787,0
0.5,0.07,3
0.923,0.496,1
0.477,0.092,3
0.534,0.122,3
0.473,0.085,3
0.405,0.74,0
0.266,0.569,0
0.214,0.529,0
0.209,0.553,0
0,0.759,0
0.451,0.729,0
0.987,0.581,4
0.404,0.744,0
0.904,0.537,1
0.485,0.064,3
0.497,0.063,3
0.957,0.499,1
0.273,0.506,0
0.257,0.512,0
0.484,0.089,3
0.078,0.817,0
0.493,0.743,0
0.987,0.556,4
0.368,0.778,0
1.025,0.466,2
0.508,0.094,3
0.499,0.692,0
0.932,0.539,1
0.139,0.754,0
0.009,0.83,0
0.492,0.123,3
0.096,0.804,0
0.562,0.13,3
0.456,0.031,3
0.24,0.457,0
0.95,0.553,1
0.95,0.541,1
0.257,0.513,0
0.147,0.769,0
0.938,0.526,1
0.239,0.562,0
0.007,0.787,0
0.02,0.758,0
0.887,0.519,1
0.527,0.724,0
0.587,0.083,3
0.013,0.821,0
0.291,0.528,0
0.25,0.545,0
0.409,0.722,0
0.3,0.457,0
0.514,0.081,3
0.415,0.692,0
0.523,0.083,3
0.51,0.042,3
0.207,0.47,0
0.966,0.583,4
0.348,0.403,0
0.535,0.029,3
0.098,0.83,0
0.528,0.053,3
0.472,0.806,0
0.224,0.501,0
0.447,0.798,0
0.993,0.508,2
0.435,0.737,0
0.492,0.632,0
0.447,0.731,0
0.021,0.789,0
0.447,0.761,0
0.457,0.053,3
0.483,0.12,3
0.513,0.643,0
0.449,0.064,3
0.028,0.73,0
0.276,0.497,0
0.243,0.565,0
0.502,0.073,3
0.307,0.496,0
0.236,0.501,0
0.18,0.516,0
0.517,0.086,3
0.971,0.506,2
0.414,0.75,0
0.931,0.521,1
0.288,0.43,0
0.413,0.749,0
0.228,0.45,0
0.422,0.702,0
0.31,0.763,0
0.511,0.094,3
0.242,0.486,0
0.132,0.758,0
0.541,0.722,0
0.543,0.12,3
0.25,0.554,0
0.294,0.456,0
0.485,0.106,3
0.232,0.588,0
0.117,0.892,0
0.996,0.485,2
0.518,0.132,3
0.434,0.723,0
0.547,0.107,3
0.467,0.074,3
0.399,0.691,0
0.199,0.488,0
0.095,0.839,0
0.973,0.5,2
0.96,0.484,2
1.076,0.553,4
0.211,0.484,0
0.331,0.519,0
0.101,0.787,0
0.95,0.562,1
0.41,0.771,0
0.929,0.531,1
0.432,0.656,0
0.25,0.453,0
0.93,0.47,1
0.254,0.503,0
0.511,0.061,3
0.336,0.522,0
0.085,0.767,0
0.225,0.407,0
0.538,0.033,3
0.061,0.806,0
0.295,0.45,0
0.181,0.491,0
0.231,0.472,0
0.234,0.55,0
0.477,0.738,0
0.934,0.547,1
0.103,0.787,0
0.501,0.041,3
0.985,0.45,2
0.25,0.499,0
0.968,0.566,4
1.023,0.575,4
0.057,0.805,0
0.514,0.068,3
0.299,0.538,0
0.121,0.491,0
0.458,0.724,0
0.454,0.191,3
0.269,0.495,0
0.109,0.769,0
0.503,0.1,3
0.486,0.064,3
0.483,0.129,3
0.493,0.092,3
0.95,0.455,2
0.437,0.716,0
0.987,0.607,4
0.974,0.485,2
1.015,0.49,2
0.087,0.774,0
0.281,0.512,0
0.3,0.48,0
0.064,0.736,0
0.468,0.703,0
0.102,0.773,0
0.303,0.46,0
0.448,0.049,3
0.967,0.574,4
0.433,0.741,0
0.098,0.738,0
0.442,0.072,3
0.078,0.74,0
0.049,0.763,0
0.511,0.106,3
0.258,0.582,0
0.083,0.745,0
0.455,0.698,0
0.49,0.699,0
0.109,0.745,0
0.045,0.754,0
1.005,0.535,2
0.409,0.087,3
0.036,0.779,0
0.939,0.559,1
0.302,0.413,0
0.934,0.507,1
0.528,0.072,3
0.502,0.69,0
0.991,0.54,4
0.045,0.714,0
0.433,0.019,3
0.942,0.563,1
0.942,0.645,4
0.485,0.695,0
0.43,0.685,0
0.383,0.653,0
0.068,0.738,0
0.288,0.468,0
0.979,0.556,4
0.142,0.795,0
0.467,0.071,3
0.505,0.142,3
0.474,0.688,0
0.428,0.679,0
0.574,0.071,3
0.929,0.526,1
0.99,0.524,2
0.449,0.142,3
0.497,0.097,3
0.388,0.78,0
1.006,0.521,2
0.46,0.745,0
0.105,0.744,0
0.44,0.722,0
0.525,0.057,3
1.021,0.498,2
0.421,0.738,0
0.118,0.868,0
0.44,0.762,0
0.335,0.512,0
0.441,0.095,3
0.492,0.728,0
0.898,0.544,1
0.403,0.757,0
1.037,0.526,2
0.921,0.521,1
0.484,0.108,3
0.006,0.758,0
0.987,0.533,2
0.042,0.809,0
0.357,0.741,0
1.005,0.559,4
0.481,0.758,0
0.984,0.601,4
0.558,0.1,3
0.409,0.725,0
0.986,0.376,2
0.085,0.723,0
0.543,0.061,3
0.487,0.074,3
0.203,0.546,0
0.254,0.502,0
0.973,0.554,4
0.273,0.552,0
0.983,0.507,2
0.461,0.163,3
0.252,0.496,0
0.942,0.581,1
0.448,0.109,3
0.061,0.741,0
0.007,0.782,0
0.278,0.523,0
0.451,0.731,0
0.09,0.747,0
0.527,0.039,3
0.978,0.562,4
0.972,0.414,2
0.905,0.522,1
0.48,0.742,0
0.446,0.716,0
0.415,0.696,0
0.284,0.511,0
0.019,0.775,0
0.392,0.739,0
0.105,0.764,0
0.423,0.72,0
0.275,0.487,0
1.019,0.51,2
0.472,0.001,3
0.285,0.453,0
0.298,0.444,0
0.264,0.491,0
0.95,0.547,1
0.509,0.105,3
0.509,0.664,0
0.276,0.479,0
0.271,0.486,0
0.484,0.092,3
0.308,0.519,0
0.384,0.667,0
0.526,0.736,0
0.453,0.068,3
0.232,0.497,0
0.226,0.529,0
0.256,0.51,0
0.114,0.774,0
0.443,0.632,0
0.097,0.707,0
0.284,0.563,0
0.142,0.817,0
0.253,0.5,0
0.421,0.738,0
0.556,0.161,3
0.472,0.726,0
0.275,0.499,0
0.13,0.755,0
0.498,0.68,0
0.081,0.828,0
0.262,0.469,0
0.42,0.792,0
0.455,0.737,0
0.477,0.11,3
0.479,0.696,0
0.946,0.47,2
0.049,0.764,0
0.902,0.561,1
0.981,0.543,4
0.953,0.557,1
0.946,0.605,4
0.889,0.503,1
0.299,0.536,0
0.058,0.83,0
0.513,0.07,3
0.967,0.527,1
0.232,0.4,0
0.081,0.751,0
0.93,0.518,1
0.113,0.737,0
0.277,0.506,0
0.046,0.758,0
0.26,0.488,0
0.441,0.756,0
1.008,0.637,4
0.153,0.792,0
0.44,0.679,0
0.145,0.819,0
0.116,0.86,0
0.003,0.856,0
0.301,0.513,0
0.981,0.509,2
0.013,0.749,0
0.447,0.718,0
0.955,0.584,4
0.412,0.667,0
0.228,0.519,0
0.371,0.74,0
0.437,0.75,0
0.941,0.542,1
1.098,0.56,4
0.441,0.064,3
0.262,0.476,0
0.422,0.677,0
0.244,0.548,0
0.429,0.705,0
0.472,0.006,3
0.258,0.431,0
0.98,0.539,4
0.26,0.464,0
0.212,0.563,0
0.134,0.787,0
0.96,0.564,4
0.995,0.558,4
0.062,0.75,0
0.952,0.465,2
0.279,0.48,0
0.562,0.09,3
0.455,0.727,0
0.504,0.746,0
0.513,0.08,3
0.085,0.713,0
0.414,0.673,0
0.223,0.543,0
0.484,0.078,3
0.981,0.54,4
0.531,0.041,3
0.287,0.492,0
0.583,0.063,3
0.442,0.051,3
0.265,0.569,0
0.926,0.47,1
0.494,0.075,3
0.282,0.482,0
0.508,0.044,3
0.919,0.536,1
0.405,0.701,0
0.499,0.107,3
0.072,0.792,0
0.39,0.651,0
0.412,0.739,0
0.247,0.562,0
0.457,0.812,0
0.075,0.848,0
1.036,0.515,2
0.424,0.673,0
1.067,0.565,4
0.431,0.69,0
0.041,0.847,0
0.48,0.143,3
0.983,0.459,2
0.253,0.482,0
1.012,0.53,2
0.461,0.054,3
0.256,0.51,0
0.125,0.789,0
0.066,0.799,0
0.309,0.559,0
0.471,0.797,0
0.946,0.578,1
0.26,0.471,0
0.201,0.511,0
0.119,0.758,0
0.989,0.51,2
0.953,0.559,1
0.453,0.731,0
0.984,0.578,4
0.489,0.663,0
0.123,0.76,0
0.518,0.088,3
0.541,0.143,3
0.467,0.747,0
0.443,0.726,0
1.032,0.534,2
1,0.543,4
0.989,0.518,2
0.018,0.833,0
0.089,0.869,0
0.414,0.736,0
0.233,0.472,0
0.416,0.72,0
1.042,0.557,4
0.504,0.055,3
0.094,0.776,0
0.965,0.53,1
0.215,0.473,0
0.429,0.093,3
0.415,0.729,0
0.966,0.552,1
0.44,0.742,0
0.073,0.834,0
0.242,0.471,0
0.243,0.588,0
0.516,0.106,3
0.571,0.113,3
0.276,0.435,0
0.41,0.682,0
0.45,0.735,0
0.93,0.594,1
0.29,0.463,0
0.472,0.067,3
0.44,0.751,0
0.478,0.075,3
0.413,0.654,0
0.431,0.735,0
0.944,0.499,1
0.385,0.703,0
0.14,0.752,0
0.514,0.088,3
0.278,0.483,0
0.456,0.705,0
0.081,0.824,0
0.142,0.732,0
0.286,0.491,0
0.281,0.488,0
0.989,0.606,4
0.319,0.54,0
0.983,0.515,2
0.95,0.576,1
0.276,0.474,0
0.27,0.503,0
0.244,0.549,0
0.455,0.754,0
0.074,0.762,0
0.401,0.819,0
0.49,0.146,3
0.44,0.123,3
0.443,0.739,0
0.441,0.757,0
0.271,0.528,0
0.302,0.455,0
0.096,0.801,0
0.994,0.566,4
0.461,0.671,0
0.067,0.709,0
0.991,0.487,2
0.466,0.803,0
0.34,0.44,0
0.981,0.59,4
1.093,0.578,4
0.029,0.792,0
0.035,0.735,0
0.506,0.122,3
1.023,0.524,2
0.036,0.825,0
0.319,0.582,0
0.207,0.516,0
0.292,0.5,0
0.403,0.706,0
0.077,0.817,0
0.04,0.819,0
0.441,0.699,0
0.921,0.566,1
0.158,0.727,0
0.433,0.711,0
1.017,0.539,2
0.929,0.523,1
0.027,0.763,0
0.5,0.04,3
0.423,0.646,0
0.066,0.772,0
0.477,0.675,0
0.901,0.536,1
0.99,0.543,4
0.98,0.569,4
0.412,0.674,0
0.518,0.657,0
0.101,0.807,0
0.256,0.481,0
0.972,0.568,4
0.523,0.063,3
0.273,0.518,0
0.507,0.096,3
0.98,0.549,4
0.983,0.525,2
0.503,0.673,0
0.227,0.527,0
0.052,0.764,0
0.063,0.744,0
0.295,0.504,0
0.53,0.061,3
0.329,0.767,0
0.553,0.057,3
0.462,0.782,0
0.264,0.515,0
0.018,0.716,0
0.05,0.73,0
0.488,0.025,3
0.021,0.826,0
0.068,0.741,0
0.502,0.076,3
0.515,0.056,3
0.418,0.744,0
0.974,0.569,4
0.424,0.703,0
0.401,0.688,0
0.299,0.461,0
0.037,0.758,0
0.486,0.722,0
0.939,0.521,1
0.278,0.475,0
0.089,0.806,0
0.967,0.49,2
0.042,0.738,0
0.932,0.528,1
0.951,0.569,1
0.038,0.731,0
0.456,0.1,3
0.934,0.504,1
0.487,0.094,3
1.008,0.548,4
0.485,0.753,0
0.248,0.478,0
0.436,0.655,0
0.252,0.521,0
0.223,0.42,0
0.988,0.584,4
0.134,0.799,0
0.474,0.667,0
0.278,0.523,0
0.43,0.069,3
0.323,0.541,0
0.035,0.745,0
0.231,0.484,0
0.899,0.494,1
0.487,0.744,0
0.212,0.485,0
0.507,0.099,3
0.514,0.009,3
0.428,0.697,0
0.529,0.086,3
0.559,0.024,3
0.995,0.546,4
0.204,0.545,0
0.072,0.745,0
0.456,0.706,0
0.412,0.699,0
0.514,0.061,3
0.2,0.511,0
0.257,0.489,0
1.032,0.511,2
0.555,0.118,3
0.251,0.511,0
0.51,0.016,3
0.488,0.121,3
0.273,0.515,0
0.035,0.71,0
0.2,0.469,0
0.483,0.711,0
0.102,0.77,0
0.453,0.707,0
0.424,0.029,3
1.005,0.446,2
0.103,0.824,0
0.518,0.053,3
0.975,0.546,4
0.951,0.581,4
0.059,0.726,0
1.036,0.533,2
0.115,0.781,0
0.206,0.433,0
0.183,0.465,0
0.492,0.019,3
0.446,0.714,0
0.562,0.124,3
0.5,0.08,3
0.048,0.777,0
0.926,0.645,4
0.974,0.541,1
0.304,0.488,0
0.429,0.703,0
0.276,0.519,0
0.3,0.531,0
0.073,0.8,0
0.475,0.767,0
1.01,0.524,2
0.264,0.501,0
0.449,0.748,0
0.932,0.54,1
0.091,0.84,0
0.448,0.061,3
0.494,0.679,0
0.432,0.719,0
0.951,0.557,1
0.526,0.05,3
0.53,0.056,3
0.964,0.502,2
0.09,0.799,0
0.951,0.502,1
0.318,0.466,0
0.498,0.723,0
0.399,0.747,0
0.174,0.77,0
0.272,0.529,0
0.954,0.527,1
0.485,0.677,0
0.948,0.497,1
0.479,0.127,3
0.059,0.801,0
0.051,0.754,0
0.459,0.708,0
0.388,0.678,0
0.26,0.561,0
0.445,0.706,0
0.096,0.818,0
0.179,0.518,0
0.129,0.745,0
0.071,0.716,0
0.256,0.519,0
0.498,0.053,3
0.433,0.738,0
0.499,0.124,3
0.501,0.711,0
0.495,0.127,3
0.018,0.757,0
0.96,0.536,1
0.078,0.791,0
1.014,0.489,2
0.452,0.035,3
0.303,0.557,0
1.044,0.477,2
0.505,0.03,3
0.059,0.781,0
0.21,0.484,0
0.235,0.509,0
1.037,0.558,4
0.421,0.681,0
0.44,0.646,0
0.939,0.516,1
0.11,0.731,0
0.025,0.706,0
0.981,0.6,4
0.232,0.503,0
0.954,0.549,1
0.418,0.744,0
0.48,0.08,3
0.541,0.056,3
0.118,0.788,0
0.073,0.768,0
0.543,0.055,3
0.979,0.583,4
0.962,0.532,1
0.271,0.521,0
0.257,0.604,0
0.099,0.734,0
0.447,0.075,3
0.353,0.757,0
0.033,0.8,0
0.53,0.036,3
0.557,0.056,3
0.943,0.475,1
0.52,0.137,3
0.951,0.619,4
0.987,0.498,2
0.476,0.834,0
0.097,0.724,0
0.528,0.159,3
0.98,0.574,4
0.328,0.514,0
1.008,0.562,4
0.285,0.48,0
0.007,0.763,0
0.414,0.713,0
0.383,0.685,0
0.467,0.117,3
0.383,0.769,0
0.514,0.05,3
0.433,0.693,0
0.417,0.775,0
0.52,0.093,3
0.458,0.099,3
0.223,0.502,0
0.329,0.448,0
0.478,0.075,3
0.296,0.539,0
0.421,0.752,0
0.459,0.04,3
0.068,0.737,0
0.374,0.751,0
0.967,0.506,2
0.933,0.499,1
0.368,0.769,0
0.457,0.691,0
0.197,0.561,0
0.536,0.098,3
0.549,0.077,3
0.455,0.762,0
0.473,0.086,3
1.008,0.571,4
0.955,0.524,1
1.089,0.617,4
0.323,0.509,0
0.299,0.541,0
0.512,0.015,3
0.462,0.748,0
0.336,0.5,0
0.633,0.109,3
0.064,0.806,0
0.09,0.743,0
0.083,0.779,0
0.442,0.771,0
0.987,0.537,2
1,0.56,4
0.54,0.128,3
0.096,0.856,0
0.971,0.497,2
0.961,0.538,1
0.057,0.761,0
0.055,0.714,0
0.303,0.45,0
1.021,0.512,2
0.37,0.782,0
0.486,0.008,3
0.54,0.043,3
0.283,0.444,0
0.438,0.752,0
0.466,0.748,0
0.508,0.069,3
0.253,0.554,0
0.297,0.504,0
0.295,0.545,0
0.46,0.733,0
0.43,0.709,0
0.115,0.735,0
0.26,0.568,0
0.524,0.003,3
0.972,0.518,2
0.54,0.099,3
0.495,0.027,3
0.03,0.83,0
0.065,0.806,0
0.972,0.695,4
0.398,0.754,0
0.286,0.546,0
0.223,0.512,0
0.086,0.797,0
0.25,0.477,0
0.235,0.4,0
0.265,0.501,0
0.099,0.798,0
0.119,0.705,0
0.49,0.069,3
0.475,0.74,0
0.483,0.051,3
0.416,0.715,0
0.452,0.732,0
0.095,0.824,0
0.396,0.776,0
0.493,0.036,3
0.025,0.761,0
0.419,0.66,0
0.423,0.677,0
0.539,0.077,3
0.552,0.07,3
0.535,0.025,3
0.134,0.769,0
0.471,0.773,0
0.481,0.007,3
0.294,0.57,0
0.976,0.545,4
0.111,0.814,0
0.08,0.778,0
0.479,0.053,3
0.388,0.042,3
0.912,0.57,1
0.386,0.759,0
0.43,0.087,3
0.456,0.649,0
0.444,0.804,0
0.499,0.144,3
0.299,0.488,0
0.081,0.833,0
0.214,0.519,0
0.983,0.557,4
1.011,0.571,4
0.091,0.8,0
0.476,0.04,3
0.216,0.533,0
0.501,0.087,3
0.259,0.502,0
0.27,0.488,0
0.493,0.083,3
0.069,0.767,0
0.517,0.747,0
0.269,0.525,0
0.258,0.533,0
0.918,0.571,1
0.213,0.448,0
0.103,0.793,0
0.246,0.528,0
0.054,0.691,0
0.274,0.464,0
0.483,0.022,3
0.519,0.047,3
0.092,0.822,0
0.294,0.442,0
0.015,0.743,0
0.566,0.055,3
0.451,0.037,3
0.54,0.069,3
0.535,0.726,0
0.471,0.684,0
0.043,0.775,0
0.986,0.563,4
0.983,0.51,2
0.444,0.042,3
0.115,0.766,0
0.349,0.478,0
0.959,0.587,4
0.433,0.757,0
0.315,0.517,0
0.547,0.076,3
0.084,0.806,0
0.266,0.504,0
1.066,0.566,4
0.274,0.541,0
0.228,0.501,0
0.983,0.543,4
0.379,0.759,0
0.315,0.446,0
0.911,0.622,1
0.111,0.758,0
0.297,0.509,0
0.575,0.046,3
0.3,0.503,0
0.28,0.435,0
0.133,0.819,0
0.284,0.45,0
0.499,0.111,3
0.449,0.107,3
0.094,0.881,0
0.491,0.058,3
0.256,0.45,0
0.979,0.472,2
0.997,0.532,2
0.313,0.499,0
0.085,0.872,0
0.922,0.547,1
0.275,0.471,0
0.482,0.011,3
0.267,0.555,0
0.154,0.739,0
0.514,0.087,3
0.293,0.48,0
0.487,0.017,3
0.533,0.092,3
0.963,0.588,4
0.105,0.81,0
0.428,0.689,0
0.323,0.462,0
0.262,0.525,0
1.008,0.525,2
0.983,0.589,4
0.95,0.566,1
0.543,0.106,3
0.948,0.48,1
0.213,0.581,0
0.501,0.028,3
1.01,0.552,4
0.085,0.784,0
0.44,0.765,0
0.378,0.742,0
0.513,0.105,3
0.498,0.728,0
0.239,0.502,0
1.005,0.506,2
0.082,0.745,0
0.244,0.591,0
0.282,0.545,0
0.449,0.721,0
0.52,0.029,3
0.284,0.596,0
0.953,0.597,4
0.035,0.772,0
0.233,0.557,0
1.023,0.555,4
0.278,0.474,0
0.401,0.713,0
0.014,0.774,0
0.487,0.086,3
0.486,0.687,0
0.472,0.066,3
0.997,0.506,2
0.862,0.61,1
0.5,0.079,3
0.444,0.615,0
0.397,0.705,0
0.242,0.489,0
0.509,0.713,0
0.042,0.712,0
0.3,0.465,0
0.112,0.743,0
0.465,0.028,3
1.04,0.55,4
0.974,0.529,2
0.932,0.48,1
0.248,0.528,0
0.116,0.819,0
0.33,0.706,0
0.96,0.491,2
0.41,0.663,0
0.108,0.744,0
1.058,0.58,4
0.017,0.774,0
0.103,0.686,0
0.279,0.465,0
0.07,0.767,0
0.405,0.116,3
0.526,0.041,3
0.247,0.566,0
1.018,0.498,2
0.056,0.769,0
0.227,0.515,0
0.297,0.476,0
0.955,0.509,1
0.407,0.697,0
0.226,0.529,0
0.945,0.583,1
0.104,0.792,0
0.949,0.539,1
0.956,0.54,1
0.283,0.523,0
0.426,0.756,0
0.25,0.553,0
0.27,0.526,0
0.455,0.083,3
0.081,0.807,0
0.446,0.744,0
0.244,0.566,0
0.234,0.521,0
1.01,0.537,2
0.918,0.488,1
0.283,0.503,0
0.965,0.582,4
0.52,0.018,3
0.536,0.055,3
0.482,0.7,0
0.457,0.754,0
0.436,0.711,0
0.084,0.837,0
0.463,0.125,3
0.486,0.778,0
0.486,0.066,3
0.492,0.024,3
0.051,0.753,0
0.538,0.131,3
0.288,0.502,0
0.054,0.775,0
0.509,0.122,3
0.472,0.709,0
0.951,0.482,2
0.961,0.54,1
0.476,0.717,0
0.271,0.511,0
0.964,0.572,4
0.064,0.848,0
0.477,0.027,3
0.537,0.161,3
0.543,0.098,3
0.518,0.104,3
0.156,0.783,0
0.306,0.538,0
0.952,0.585,4
0.95,0.461,2
0.053,0.787,0
0.949,0.529,1
0.5,0.101,3
0.222,0.475,0
0.282,0.549,0
0.433,0.608,0
0.291,0.528,0
0.967,0.507,2
0.959,0.514,1
0.063,0.759,0
0.474,0.717,0
0.468,0.768,0
0.497,0.094,3
0.238,0.516,0
0.104,0.771,0
0.476,0.694,0
0.574,0.1,3
0.33,0.548,0
0.245,0.539,0
0.933,0.543,1
0.093,0.84,0
0.131,0.762,0
0.496,0.786,0
0.488,0.053,3
0.443,0.754,0
0.488,0.662,0
0.055,0.809,0
0.978,0.537,2
0.405,0.65,0
0.891,0.509,1
1.016,0.532,2
0.962,0.564,4
1.054,0.561,4
0.227,0.487,0
0.45,0.742,0
0.358,0.505,0
0.112,0.822,0
0.435,0.814,0
0.411,0.702,0
0.987,0.554,4
0.475,0.675,0
0.987,0.539,4
0.965,0.508,2
0.915,0.484,1
0.539,0.013,3
0.109,0.885,0
0.269,0.5,0
0.419,0.757,0
0.424,0.771,0
0.058,0.783,0
0.319,0.459,0
0.502,0.784,0
0.988,0.533,2
1.004,0.546,4
0.454,0.78,0
0.193,0.449,0
0.11,0.79,0
0.108,0.821,0
0.08,0.833,0
0.129,0.749,0
0.944,0.536,1
0.094,0.741,0
0.426,0.769,0
0.438,0.671,0
1.003,0.578,4
0.417,0.78,0
0.209,0.465,0
0.465,0.026,3
0.466,0.689,0
0.539,0.08,3
0.492,0.074,3
0.239,0.586,0
0.254,0.451,0
0.493,0.082,3
0.475,0.694,0
1.04,0.589,4
0.211,0.46,0
0.409,0.728,0
0.261,0.527,0
0.411,0.755,0
0.971,0.519,2
0.127,0.83,0
0.064,0.742,0
1.027,0.567,4
0.961,0.525,1
0.538,0.07,3
0.938,0.542,1
0.35,0.457,0
0.974,0.617,4
1.017,0.591,4
0.503,0.763,0
0.466,0.082,3
0.264,0.523,0
0.477,0.721,0
0.545,0.072,3
0.254,0.542,0
0.274,0.444,0
0.539,0.043,3
0.426,0.788,0
0.99,0.598,4
0.538,0.074,3
0.069,0.74,0
0.559,0.124,3
0.316,0.484,0
0.478,0.002,3
0.081,0.758,0
0.248,0.52,0
0.09,0.807,0
0.935,0.642,4
0.413,0.757,0
1.019,0.512,2
0.509,0.084,3
0.487,0.061,3
0.109,0.772,0
0.506,0.114,3
0.434,0.65,0
0.268,0.495,0
0.203,0.447,0
0.312,0.509,0
0.01,0.783,0
0.516,0.05,3
0.08,0.725,0
0.068,0.72,0
0.41,0.754,0
0.478,0.081,3
0.176,0.55,0
0.98,0.576,4
0.113,0.689,0
0.514,0.044,3
0.981,0.506,2
0.382,0.704,0
0.436,0.763,0
0.236,0.489,0
0.077,0.772,0
0.411,0.702,0
0.408,0.715,0
0.968,0.557,4
0.326,0.472,0
0.26,0.416,0
0.057,0.808,0
0.478,0.052,3
0.5,0.044,3
0.233,0.491,0
0.259,0.381,0
0.377,0.719,0
0.32,0.586,0
0.518,0.117,3
0.927,0.495,1
0.55,0.079,3
0.431,0.68,0
0.934,0.53,1
0.088,0.828,0
1.005,0.497,2
0.559,0.066,3
0.47,0.092,3
0.056,0.76,0
0.288,0.57,0
0.413,0.673,0
0.61,0.055,3
0.24,0.483,0
0.488,0.757,0
0.498,0.032,3
0.512,0.014,3
0.099,0.776,0
0.544,0.113,3
0.199,0.479,0
0.233,0.568,0
0.489,0.029,3
0.322,0.429,0
0.099,0.856,0
0.268,0.492,0
0.059,0.744,0
0.139,0.779,0
0.226,0.548,0
0.261,0.545,0
0.523,0.116,3
0.217,0.477,0
0.457,0.66,0
0.345,0.434,0
0.529,0.107,3
0.541,0.032,3
0.57,0.058,3
0.072,0.884,0
0.945,0.529,1
0.23,0.528,0
0.418,0.7,0
1.037,0.575,4
0.527,0.08,3
0.092,0.853,0
0.27,0.538,0
0.351,0.707,0
0.25,0.492,0
0.323,0.473,0
0.468,0.072,3
0.294,0.431,0
0.43,0.698,0
0.972,0.502,2
0.08,0.799,0
0.332,0.684,0
0.469,0.016,3
0.294,0.47,0
0.311,0.501,0
0.973,0.599,4
0.177,0.454,0
0.481,0.765,0
0.311,0.476,0
0.02,0.758,0
0.559,0.032,3
0.985,0.54,4
0.093,0.711,0
0.229,0.53,0
0.128,0.777,0
0.057,0.804,0
0.432,0.682,0
0.47,0.72,0
0.246,0.525,0
0.063,0.779,0
0.554,0.041,3
1.02,0.538,2
0.934,0.599,1
0.392,0.097,3
0.521,0.039,3
0.518,0.079,3
0.94,0.546,1
0.315,0.487,0
0.996,0.538,2
0.482,0.717,0
0.439,0.772,0
0.516,0.723,0
0.387,0.721,0
0.081,0.72,0
0.547,0.085,3
0.441,0.058,3
0.206,0.55,0
0.038,0.792,0
0.423,0.728,0
0.098,0.748,0
0.973,0.579,4
0.377,0.666,0
0.942,0.465,2
0.392,0.785,0
0.443,0.783,0
0.5,0.122,3
0.52,0.708,0
0.331,0.54,0
0.268,0.487,0
0.477,0.04,3
0.546,0.063,3
0.018,0.823,0
0.946,0.499,1
0.435,0.718,0
0.296,0.489,0
0.062,0.7,0
0.414,0.746,0
0.285,0.499,0
0.987,0.489,2
0.483,0.773,0
0.547,0.052,3
0.406,0.67,0
1.018,0.512,2
0.96,0.568,4
0.496,0.722,0
0.158,0.768,0
1.029,0.502,2
0.459,0.7,0
0.038,0.861,0
0.024,0.81,0
0.547,0.106,3
0.104,0.748,0
0.059,0.804,0
0.977,0.536,2
0.295,0.516,0
0.483,0.129,3
0.921,0.547,1
0.249,0.524,0
0.114,0.809,0
0.069,0.747,0
0.244,0.535,0
0.254,0.512,0
0.093,0.793,0
0.151,0.771,0
0.911,0.558,1
0.959,0.632,4
0.481,0.654,0
1.013,0.569,4
0.181,0.478,0
0.936,0.618,4
0.158,0.758,0
1,0.567,4
0.06,0.804,0
0.087,0.844,0
0.999,0.564,4
0.031,0.777,0
0.237,0.542,0
0.986,0.455,2
0.09,0.798,0
0.308,0.516,0
0.239,0.512,0
0.397,0.745,0
0.396,0.77,0
0.38,0.744,0
0.269,0.456,0
0.451,0.098,3
0.349,0.68,0
0.063,0.809,0
0.093,0.735,0
0.502,0.144,3
0.466,0.702,0
0.046,0.861,0
0.419,0.706,0
0.506,0.11,3
0.048,0.704,0
0.082,0.795,0
0.269,0.459,0
0.465,0.751,0
0.475,0.77,0
0.478,0.041,3
0.082,0.778,0
0.266,0.479,0
0.444,0.8,0
0.983,0.544,4
0.102,0.783,0
0.952,0.64,4
0.243,0.488,0
0.117,0.77,0
0.221,0.45,0
0.252,0.538,0
0.952,0.512,1
0.09,0.742,0
0.06,0.8,0
0.078,0.797,0
0.967,0.607,4
0.959,0.584,4
0.538,0.058,3
0.516,0.168,3
0.45,0.054,3
0.294,0.515,0
0.428,0.124,3
0.524,0.137,3
0.044,0.829,0
0.048,0.781,0
0.289,0.513,0
0.069,0.749,0
0.027,0.732,0
0.252,0.58,0
0.464,0.732,0
0.443,0.078,3
0.102,0.8,0
0.244,0.497,0
0.309,0.54,0
0.315,0.534,0
0.272,0.51,0
0.481,0.097,3
0.104,0.691,0
0.302,0.465,0
0.495,0.059,3
0.462,0.739,0
0.965,0.532,1
0.289,0.515,0
0.16,0.788,0
0.058,0.803,0
0.429,0.759,0
0.47,0.68,0
0.075,0.827,0
0.498,0.067,3
0.418,0.746,0
0.101,0.787,0
0.251,0.466,0
0.062,0.774,0
0.943,0.504,1
0.227,0.487,0
0.414,0.753,0
0.051,0.795,0
0.272,0.539,0
0.448,0.726,0
0.267,0.491,0
0.959,0.481,2
0.455,0.712,0
0.488,0.088,3
0.532,0.131,3
0.219,0.489,0
0.508,0.718,0
0.326,0.515,0
0.272,0.492,0
0.09,0.85,0
0.414,0.652,0
0.406,0.721,0
0.243,0.464,0
0.072,0.774,0
0.968,0.573,4
0.942,0.568,1
0.106,0.763,0
0.023,0.729,0
0.501,0.083,3
0.242,0.505,0
0.094,0.767,0
0.088,0.794,0
0.428,0.723,0
0.505,0.086,3
0.613,0.037,3
0.259,0.526,0
0.253,0.547,0
0.513,0.133,3
0.241,0.515,0
0.471,0.751,0
1.014,0.558,4
0.48,0.052,3
1.05,0.552,4
0.112,0.77,0
0.475,0.107,3
0.07,0.764,0
0.541,0.116,3
1.033,0.549,4
0.901,0.482,1
0.5,0.091,3
0.252,0.487,0
1.014,0.544,4
0.494,0.026,3
0.432,0.168,3
0.253,0.514,0
0.246,0.487,0
0.176,0.456,0
0.455,0.771,0
0.237,0.549,0
0.966,0.556,4
0.212,0.541,0
0.204,0.452,0
0.066,0.745,0
1.03,0.581,4
0.488,0.025,3
0.579,0.1,3
0.41,0.692,0
0.474,0.055,3
1.023,0.584,4
0.408,0.76,0
0.982,0.521,2
0.308,0.464,0
0.425,0.741,0
0.499,0.775,0
0.291,0.452,0
0.33,0.493,0
0.392,0.693,0
0.193,0.434,0
0.262,0.468,0
0.553,0.108,3
0.088,0.742,0
0.226,0.482,0
0.92,0.527,1
0.465,0.12,3
0.289,0.504,0
0.464,0.789,0
0.528,0.035,3
1.006,0.495,2
0.278,0.552,0
0.516,0.072,3
0.443,0.717,0
0.457,0.702,0
0.444,0.127,3
0.273,0.491,0
0.135,0.775,0
0.24,0.492,0
0.234,0.496,0
0.493,0.095,3
0.482,0.07,3
0.489,0.718,0
0.476,0.69,0
0.142,0.752,0
0.149,0.816,0
0.992,0.521,2
0.93,0.527,1
0.049,0.796,0
0.966,0.537,1
0.455,0.725,0
0.009,0.801,0
0.5,0.085,3
0.064,0.763,0
0.216,0.528,0
0.903,0.553,1
0.964,0.555,1
0.108,0.824,0
0.149,0.763,0
0.112,0.782,0
0.264,0.522,0
0.475,0.708,0
0.503,0.143,3
0.402,0.792,0
0.451,0.641,0
0.469,0.682,0
0.427,0.802,0
0.436,0.649,0
0.084,0.745,0
0.465,0.689,0
0.48,0.07,3
0.265,0.476,0
0.914,0.563,1
0.534,0.109,3
0.481,0.762,0
0.243,0.457,0
0.972,0.474,2
0.48,0.759,0
0.435,0.75,0
1.046,0.549,4
0.506,0.041,3
0.08,0.742,0
0.203,0.45,0
0.487,0.762,0
0.572,0.042,3
0.051,0.777,0
0.511,0.066,3
0.026,0.761,0
0.104,0.792,0
0.069,0.849,0
0.291,0.467,0
0.02,0.806,0
0.979,0.625,4
1.023,0.558,4
0.075,0.802,0
0.924,0.473,1
0.45,0.733,0
0.983,0.606,4
1.028,0.512,2
0.126,0.761,0
0.376,0.715,0
0.256,0.486,0
0.491,0.121,3
1.057,0.51,2
0.106,0.785,0
0.053,0.765,0
0.063,0.819,0
0.491,0.079,3
0.428,0.747,0
0.445,0.752,0
0.437,0.755,0
1.039,0.505,2
0.523,0.075,3
0.442,0.769,0
0.037,0.733,0
0.483,0.734,0
0.464,0.042,3
0.157,0.768,0
0.043,0.696,0
0.466,0.715,0
0.492,0.123,3
0.416,0.714,0
0.514,0.122,3
0.115,0.816,0
0.267,0.449,0
0.498,0.749,0
0.298,0.536,0
0.327,0.494,0
0.915,0.537,1
0.485,0.138,3
1.01,0.539,2
0.512,0.69,0
0.288,0.557,0
0.44,0.737,0
1.005,0.467,2
0.453,0.739,0
0.412,0.682,0
0.992,0.551,4
0.195,0.46,0
0.411,0.719,0
0.501,0.104,3
0.515,0.069,3
0.446,0.691,0
0.22,0.52,0
0.057,0.791,0
0.45,0.042,3
0.46,0.733,0
0.564,0.136,3
0.432,0.715,0
0.449,0.052,3
0.289,0.439,0
0.229,0.473,0
0.522,0.105,3
0.513,0.066,3
1.049,0.504,2
0.488,0.088,3
0.469,0.749,0
0.949,0.636,4
0.508,0.07,3
0.433,0.071,3
0.061,0.749,0
0.284,0.521,0
0.939,0.582,1
0.229,0.464,0
0.481,0.109,3
0.435,0.072,3
0.107,0.743,0
0.386,0.701,0
0.467,0.135,3
0.386,0.79,0
0.453,0.12,3
0.477,0.101,3
0.408,0.723,0
0.079,0.762,0
0.997,0.553,4
0.263,0.475,0
0.301,0.512,0
0.035,0.766,0
0.942,0.555,1
0.482,0.718,0
0.05,0.768,0
0.103,0.789,0
0.453,0.819,0
0.085,0.787,0
0.425,0.752,0
0.46,0.186,3
0.977,0.522,2
0.033,0.701,0
0.305,0.521,0
0.39,0.693,0
1.01,0.554,4
0.125,0.712,0
0.223,0.523,0
1.034,0.457,2
0.56,0.12,3
0.484,0.029,3
0.452,0.679,0
0.04,0.771,0
0.106,0.725,0
0.445,0.721,0
0.246,0.48,0
0.397,0.685,0
0.049,0.776,0
0.413,0.742,0
0.079,0.865,0
0.516,0.072,3
0.258,0.518,0
0.125,0.789,0
0.108,0.843,0
0.069,0.774,0
0.106,0.778,0
1.01,0.506,2
0.537,0.066,3
0.947,0.576,1
1.009,0.587,4
0.035,0.757,0
0.509,0.057,3
0.954,0.534,1
0.914,0.573,1
0.059,0.811,0
0.242,0.454,0
0.449,0.754,0
0.556,0.035,3
0.916,0.521,1
0.044,0.786,0
1.087,0.576,4
0.108,0.738,0
0.495,0.086,3
0.5,0.124,3
0.444,0.074,3
0.252,0.485,0
0.49,0.682,0
1.086,0.533,2
0.427,0.664,0
1.022,0.55,4
0.057,0.725,0
0.389,0.738,0
0.488,0.105,3
0.258,0.514,0
0.221,0.583,0
0.103,0.787,0
0.931,0.543,1
0.946,0.476,1
0.268,0.56,0
0.445,0.716,0
0.945,0.574,1
0.404,0.688,0
0.257,0.541,0
0.061,0.753,0
0.397,0.712,0
0.059,0.798,0
0.465,0.068,3
0.076,0.762,0
0.967,0.499,2
0.445,0.11,3
0.614,0.053,3
0.261,0.431,0
0.997,0.536,2
0.449,0.74,0
0.94,0.54,1
0.295,0.468,0
0.064,0.737,0
1.007,0.536,2
0.508,0.041,3
0.499,0.097,3
0.083,0.744,0
0.259,0.571,0
0.45,0.731,0
0.521,0.13,3
0.485,0.106,3
0.45,0.784,0
0.505,0.73,0
0.963,0.567,4
0.549,0.111,3
0.061,0.815,0
0.488,0.04,3
0.073,0.735,0
0.356,0.568,0
0.995,0.491,2
0.459,0.646,0
0.419,0.732,0
0.456,0.734,0
0.315,0.445,0
0.959,0.557,1
0.299,0.573,0
0.94,0.574,1
0.299,0.53,0
0.291,0.512,0
0.439,0.678,0
0.073,0.781,0
0.528,0.111,3
1.003,0.526,2
0.107,0.847,0
0.052,0.778,0
0.277,0.484,0
0.377,0.67,0
0.49,0.086,3
0.043,0.831,0
0.411,0.697,0
0.256,0.426,0
0.188,0.514,0
0.048,0.715,0
0.515,0.047,3
0.006,0.8,0
0.45,0.09,3
0.984,0.476,2
0.916,0.557,1
0.096,0.797,0
0.016,0.802,0
0.277,0.511,0
0.349,0.731,0
0.471,0.064,3
0.109,0.812,0
0.43,0.682,0
0.499,0.103,3
0.578,0.071,3
0.526,0.074,3
0.243,0.481,0
0.256,0.518,0
0.366,0.755,0
0.258,0.481,0
0.984,0.526,2
0.446,0.646,0
0.962,0.597,4
1.052,0.549,4
0.532,0.067,3
0.432,0.656,0
0.501,0.103,3
0.288,0.515,0
0.1,0.751,0
0.457,0.692,0
0.056,0.858,0
0.394,0.753,0
0.468,0.769,0
0.445,0.112,3
0.087,0.704,0
0.969,0.602,4
0.503,0.073,3
0.319,0.492,0
0.503,0.046,3
0.464,0.651,0
0.482,0.019,3
0.446,0.133,3
0.405,0.721,0
0.631,0.079,3
0.095,0.741,0
0.062,0.824,0
0.988,0.577,4
0.435,0.694,0
0.961,0.519,1
0.052,0.829,0
0.978,0.482,2
0.405,0.769,0
0.468,0.116,3
0.421,0.694,0
0.1,0.795,0
0.232,0.486,0
0.489,0.021,3
0.425,0.689,0
0.497,0.105,3
0.11,0.787,0
0.003,0.759,0
0.513,0.124,3
0.898,0.58,1
0.315,0.462,0
0.488,0.755,0
0.92,0.456,1
1.016,0.508,2
1.001,0.566,4
0.239,0.495,0
0.276,0.415,0
0.083,0.73,0
0.943,0.459,2
0.399,0.726,0
0.983,0.563,4
0.233,0.444,0
0.431,0.694,0
0.285,0.481,0
0.963,0.47,2
0.135,0.781,0
1.012,0.54,2
0.525,0.136,3
0.514,0.139,3
0.493,0.075,3
0.293,0.476,0
0.007,0.796,0
0.454,0.017,3
0.041,0.82,0
0.608,0.111,3
0.274,0.564,0
0.432,0.731,0
0.213,0.499,0
0.942,0.55,1
0.579,0.01,3
0.425,0.727,0
0.496,0.017,3
0.536,0.002,3
0.011,0.719,0
0.964,0.48,2
0.271,0.462,0
0.289,0.494,0
0.556,0.123,3
0.503,0.713,0
0.111,0.777,0
0.086,0.779,0
0.381,0.71,0
0.969,0.485,2
0.323,0.526,0
0.125,0.773,0
0.441,0.679,0
0.396,0.747,0
0.104,0.705,0
0.533,0.129,3
0.075,0.814,0
0.351,0.516,0
0.481,0.065,3
0.29,0.508,0
0.425,0.087,3
0.102,0.819,0
0.995,0.505,2
0.505,0.69,0
0.47,0.745,0
0.957,0.596,4
0.38,0.731,0
0.415,0.637,0
0.268,0.57,0
0.931,0.481,1
0.247,0.488,0
0.1,0.783,0
0.034,0.809,0
0.485,0.086,3
0.532,0.104,3
0.999,0.5,2
0.428,0.17,3
0.104,0.834,0
0.995,0.568,4
0.456,0.738,0
0.451,0.737,0
0.094,0.833,0
0.488,0.12,3
0.072,0.784,0
0.075,0.754,0
0.154,0.782,0
0.421,0.759,0
0.102,0.826,0
0.412,0.733,0
0.385,0.784,0
0.005,0.817,0
0.468,0.623,0
0.472,0.685,0
0.438,0.73,0
0.966,0.516,1
1.041,0.593,4
0.468,0.157,3
0.534,0.041,3
0.245,0.563,0
1.006,0.604,4
0.047,0.737,0
0.397,0.79,0
0.085,0.681,0
0.421,0.7,0
0.046,0.811,0
0.989,0.516,2
0.12,0.759,0
0.096,0.802,0
0.092,0.731,0
0.241,0.424,0
0.979,0.632,4
0.425,0.096,3
0.938,0.515,1
0.964,0.49,2
1.009,0.564,4
0.934,0.525,1
0.428,0.652,0
0.299,0.572,0
0.227,0.492,0
0.961,0.508,1
0.062,0.741,0
0.458,0.075,3
1.006,0.541,4
0.053,0.764,0
0.531,0.074,3
1.018,0.579,4
0.976,0.454,2
0.282,0.462,0
0.43,0.682,0
0.472,0.722,0
0.269,0.476,0
0.256,0.47,0
1.028,0.505,2
0.594,0.063,3
0.955,0.532,1
0.103,0.817,0
0.504,0.043,3
1.068,0.561,4
0.362,0.672,0
0.444,0.744,0
0.492,0.722,0
0.979,0.486,2
0.275,0.532,0
0.002,0.735,0
0.077,0.777,0
0.948,0.527,1
0.267,0.475,0
0.982,0.579,4
0.237,0.558,0
0.102,0.837,0
0.546,0.025,3
0.506,0.035,3
0.349,0.711,0
0.111,0.746,0
0.264,0.437,0
0.486,0.699,0
0.431,0.693,0
0.478,0.726,0
0.465,0.074,3
0.354,0.756,0
0.973,0.522,2
0.458,0.731,0
0.356,0.708,0
0.069,0.753,0
0.999,0.538,2
0.074,0.749,0
0.053,0.761,0
0.086,0.781,0
0.271,0.44,0
0.486,0.713,0
0.442,0.796,0
0.105,0.807,0
1.017,0.565,4
0.904,0.564,1
0.383,0.735,0
0.059,0.835,0
0.484,0.737,0
0.054,0.744,0
0.494,0.077,3
1.074,0.563,4
1.019,0.602,4
0.013,0.776,0
0.405,0.718,0
0.915,0.559,1
0.253,0.507,0
0.522,0.134,3
1.008,0.521,2
0.293,0.544,0
0.104,0.792,0
0.438,0.012,3
0.224,0.476,0
0.083,0.85,0
0.453,0.062,3
0.445,0.699,0
0.084,0.845,0
0.039,0.867,0
0.979,0.536,2
0.489,0.725,0
0.11,0.866,0
0.413,0.748,0
0.436,0.732,0
0.501,0.13,3
1.005,0.594,4
0.537,0.057,3
0.412,0.815,0
0.499,0.066,3
0.583,0.059,3
0.253,0.478,0
0.973,0.494,2
0.364,0.453,0
0.976,0.54,4
0.47,0.07,3
0.54,0.016,3
0.025,0.792,0
0.511,0.703,0
0.072,0.798,0
0.942,0.547,1
0.986,0.568,4
0.514,0.103,3
0.158,0.747,0
0.475,0.062,3
0.466,0.737,0
0.24,0.488,0
0.235,0.541,0
0.497,0.111,3
0.139,0.815,0
0.074,0.744,0
1.02,0.553,4
0.426,0.719,0
0.484,0.082,3
0.401,0.057,3
0.439,0.7,0
0.248,0.567,0
0.522,0.092,3
0.466,0.122,3
0.226,0.545,0
0.144,0.819,0
0.093,0.827,0
0.228,0.505,0
0.255,0.489,0
0.08,0.812,0
1.01,0.535,2
0.431,0.66,0
0.002,0.786,0
1.041,0.498,2
0.097,0.738,0
0.511,0.009,3
0.28,0.476,0
0.335,0.512,0
1.036,0.459,2
0.277,0.448,0
0.509,0.051,3
0.281,0.504,0
0.281,0.583,0
0.478,0.078,3
0.937,0.592,1
0.459,0.791,0
0.325,0.429,0
0.099,0.726,0
0.051,0.712,0
0.278,0.518,0
0.437,0.795,0
0.581,0.067,3
0.259,0.608,0
0.952,0.607,4
0.077,0.79,0
0.006,0.773,0
0.167,0.454,0
0.152,0.815,0
0.226,0.527,0
0.459,0.07,3
0.438,0.785,0
0.371,0.482,0
0.071,0.781,0
0.929,0.53,1
0.993,0.518,2
0.426,0.814,0
0.949,0.543,1
0.071,0.761,0
0.319,0.493,0
0.079,0.755,0
1.053,0.544,4
0.426,0.714,0
0.217,0.553,0
0.102,0.803,0
0.44,0.769,0
0.97,0.551,4
0.939,0.532,1
0.302,0.429,0
1.032,0.497,2
0.081,0.837,0
0.468,0.741,0
0.985,0.523,2
0.516,0.012,3
0.054,0.813,0
0.127,0.729,0
0.461,0.791,0
0.484,0.748,0
0.458,0.108,3
0.427,0.729,0
0.549,0.029,3
0.105,0.714,0
0.402,0.688,0
0.488,0.065,3
0.411,0.686,0
0.088,0.786,0
0.459,0.062,3
0.496,0.767,0
0.487,0.127,3
0.058,0.693,0
0.943,0.564,1
0.036,0.792,0
0.091,0.763,0
0.286,0.524,0
0.447,0.665,0
0.259,0.47,0
0.995,0.512,2
0.469,0.058,3
0.497,0.051,3
0.345,0.415,0
0.962,0.496,2
0.472,0.118,3
0.09,0.809,0
0.084,0.73,0
0.004,0.768,0
0.385,0.723,0
0.065,0.714,0
0.274,0.552,0
0.116,0.8,0
1.083,0.584,4
0.076,0.808,0
1.051,0.642,4
0.404,0.056,3
0.301,0.491,0
0.554,0.005,3
0.064,0.727,0
0.25,0.516,0
0.075,0.742,0
0.1,0.763,0
0.097,0.807,0
0.275,0.509,0
0.45,0.699,0
0.968,0.556,4
0.454,0.664,0
0.169,0.789,0
0.128,0.856,0
0.533,0.052,3
0.249,0.483,0
0.902,0.543,1
0.42,0.715,0
0.527,0.102,3
0.523,0.063,3
0.06,0.814,0
0.437,0.765,0
0.503,0.125,3
0.032,0.773,0
0.233,0.471,0
0.487,0.715,0
1.009,0.568,4
0.059,0.853,0
0.43,0.057,3
0.519,0.073,3
0.475,0.11,3
0.542,0.103,3
0.571,0.115,3
0.542,0.02,3
0.605,0.09,3
0.498,0.102,3
0.984,0.565,4
0.417,0.675,0
0.922,0.596,1
0.499,0.696,0
0.158,0.855,0
0.964,0.517,1
0.41,0.715,0
0.423,0.052,3
1.01,0.542,4
0.972,0.465,2
0.446,0.701,0
0.517,0.02,3
0.044,0.81,0
0.528,0.062,3
0.014,0.735,0
0.46,0.033,3
0.448,0.016,3
1.061,0.558,4
0.484,0.737,0
1.012,0.523,2
0.054,0.822,0
0.308,0.485,0
0.496,0.083,3
0.495,0.061,3
0.952,0.451,2
0.455,0.757,0
0.422,0.725,0
0.93,0.559,1
0.509,0.093,3
0.447,0.666,0
0.99,0.504,2
0.154,0.81,0
0.088,0.795,0
0.238,0.46,0
0.987,0.54,4
0.467,0.083,3
0.561,0.099,3
0.441,0.018,3
0.541,0.062,3
0.437,0.698,0
0.137,0.748,0
0.457,0.74,0
0.06,0.806,0
0.235,0.485,0
0.485,0.027,3
0.968,0.503,2
0.345,0.728,0
0.507,0.716,0
0.556,0.074,3
0.391,0.78,0
0.186,0.492,0
0.553,0.04,3
0.264,0.425,0
0.955,0.539,1
0.461,0.068,3
0.39,0.772,0
0.082,0.694,0
0.055,0.765,0
1.029,0.504,2
0.479,0.717,0
0.472,0.088,3
0.436,0.706,0
0.347,0.661,0
0.953,0.557,1
0.906,0.473,1
0.249,0.513,0
0.924,0.556,1
0.451,0.781,0
0.314,0.472,0
0.07,0.776,0
1.027,0.562,4
0.197,0.529,0
0.035,0.811,0
0.246,0.437,0
0.469,0.067,3
0.055,0.779,0
0.448,0.165,3
0.93,0.571,1
0.24,0.504,0
0.054,0.744,0
0.074,0.787,0
0.982,0.613,4
0.926,0.568,1
0.547,0.123,3
0.275,0.482,0
0.477,0.023,3
0.243,0.413,0
0.568,0.088,3
0.62,0.06,3
0.956,0.464,2
0.43,0.759,0
0.499,0.095,3
0.416,0.795,0
0.059,0.781,0
1.058,0.532,2
0.091,0.774,0
0.092,0.793,0
0.226,0.487,0
0.356,0.721,0
0.992,0.55,4
0.482,0.096,3
0.485,0.077,3
0.965,0.498,2
0.442,0.743,0
1.014,0.541,4
0.071,0.79,0
0.551,0.652,0
0.287,0.539,0
0.103,0.736,0
0.272,0.496,0
0.226,0.524,0
0.428,0.666,0
0.416,0.762,0
0.194,0.549,0
0.946,0.57,1
0.998,0.522,2
0.086,0.729,0
0.021,0.789,0
0.934,0.546,1
0.078,0.835,0
0.133,0.781,0
0.533,0.062,3
0.454,0.7,0
0.481,0.724,0
0.029,0.69,0
0.45,0.732,0
1.013,0.558,4
0.478,0.723,0
0.088,0.803,0
0.042,0.863,0
0.459,0.668,0
0.114,0.793,0
0.446,0.687,0
0.136,0.725,0
1.006,0.537,2
0.106,0.796,0
0.489,0.037,3
0.556,0.068,3
0.576,0.129,3
0.272,0.522,0
0.498,0.054,3
0.42,0.754,0
0.486,0.725,0
0.428,0.687,0
0.23,0.534,0
0.323,0.445,0
0.255,0.432,0
0.983,0.551,4
0.078,0.83,0
0.423,0.812,0
0.919,0.532,1
0.228,0.498,0
0.95,0.591,4
0.589,0.106,3
0.989,0.524,2
0.273,0.474,0
0.095,0.838,0
1.005,0.574,4
0.072,0.795,0
0.49,0.053,3
0.445,0.623,0
0.889,0.575,1
0.439,0.657,0
0.439,0.699,0
1.008,0.559,4
0.38,0.739,0
0.525,0.13,3
0.46,0.674,0
0.096,0.847,0
0.073,0.818,0
0.271,0.497,0
0.52,0.123,3
0.266,0.465,0
0.252,0.513,0
0.282,0.459,0
0.065,0.749,0
0.151,0.506,0
0.469,0.713,0
0.506,0.122,3
0.306,0.47,0
0.423,0.62,0
0.06,0.758,0
0.492,0.063,3
0.5,0.01,3
0.44,0.73,0
0.46,0.706,0
0.998,0.539,2
0.089,0.797,0
1.012,0.511,2
1.01,0.523,2
0.286,0.49,0
0.463,0.132,3
0.943,0.45,2
0.28,0.532,0
0.11,0.854,0
0.118,0.708,0
0.46,0.04,3
0.472,0.052,3
0.537,0.029,3
0.529,0.1,3
0.438,0.69,0
0.111,0.806,0
0.433,0.683,0
0.124,0.756,0
0.413,0.807,0
0.556,0.093,3
0.286,0.528,0
0.942,0.503,1
1.013,0.527,2
0.487,0.091,3
0.267,0.508,0
0.5,0.088,3
0.525,0.134,3
0.483,0.05,3
0.08,0.799,0
0.078,0.689,0
0.999,0.504,2
0.091,0.81,0
0.412,0.786,0
0.079,0.845,0
0.309,0.474,0
0.028,0.758,0
0.477,0.702,0
0.235,0.498,0
0.39,0.728,0
0.026,0.868,0
0.079,0.768,0
0.446,0.756,0
0.467,0.747,0
0.968,0.552,4
0.086,0.724,0
1.055,0.565,4
0.152,0.756,0
0.398,0.811,0
0.454,0.682,0
0.4,0.688,0
0.018,0.787,0
0.446,0.035,3
0.491,0.16,3
0.202,0.545,0
0.193,0.546,0
0.192,0.495,0
0.257,0.481,0
0.938,0.486,1
1.041,0.61,4
0.474,0.022,3
0.873,0.524,1
0.977,0.552,4
0.481,0.082,3
0.012,0.771,0
0.493,0.079,3
0.114,0.82,0
0.411,0.678,0
0.961,0.459,2
0.255,0.453,0
0.542,0.082,3
0.009,0.781,0
0.089,0.782,0
0.072,0.756,0
0.484,0.053,3
0.439,0.823,0
0.29,0.465,0
0.191,0.441,0
0.549,0.065,3
0.452,0.765,0
0.541,0.137,3
0.518,0.097,3
0.483,0.708,0
0.424,0.755,0
0.442,0.665,0
0.464,0.741,0
0.103,0.83,0
0.248,0.551,0
0.22,0.512,0
0.492,0.087,3
0.122,0.778,0
0.263,0.492,0
0.516,0.047,3
0.001,0.782,0
0.559,0.051,3
0.377,0.721,0
1.029,0.575,4
0.276,0.528,0
0.256,0.498,0
0.446,0.738,0
0.473,0.758,0
0.911,0.57,1
0.449,0.688,0
0.439,0.036,3
0.973,0.502,2
0.264,0.538,0
0.139,0.841,0
0.483,0.117,3
0.505,0.175,3
1.025,0.553,4
0.462,0.159,3
0.453,0.003,3
0.053,0.8,0
0.976,0.522,2
0.256,0.467,0
0.26,0.466,0
0.011,0.847,0
0.539,0.041,3
0.186,0.539,0
0.551,0.067,3
0.444,0.738,0
0.282,0.491,0
0.148,0.829,0
0.199,0.468,0
0.268,0.493,0
0.957,0.469,2
0.089,0.834,0
0.16,0.768,0
0.054,0.838,0
0.44,0.76,0
0.477,0.717,0
0.96,0.519,1
0.977,0.555,4
0.942,0.591,4
0.529,0.17,3
0.994,0.572,4
0.18,0.495,0
0.298,0.54,0
0.032,0.78,0
0.517,0.732,0
0.392,0.689,0
0.437,0.725,0
0.456,0.706,0
0.537,0.724,0
0.206,0.496,0
0.251,0.466,0
0.299,0.521,0
0.522,0.118,3
0.546,0.061,3
1.025,0.507,2
0.487,0.001,3
0.263,0.505,0
0.337,0.49,0
0.47,0.721,0
0.97,0.54,1
0.477,0.729,0
0.273,0.534,0
0.476,0.751,0
0.32,0.528,0
1.031,0.55,4
0.414,0.795,0
0.434,0.123,3
0.079,0.805,0
0.358,0.713,0
0.276,0.46,0
0.306,0.503,0
0.478,0.735,0
0.05,0.778,0
0.435,0.147,3
0.486,0.706,0
0.232,0.502,0
0.037,0.784,0
0.251,0.503,0
0.963,0.508,2
0.395,0.728,0
0.233,0.526,0
0.325,0.51,0
0.523,0.092,3
0.5,0.093,3
0.133,0.822,0
0.321,0.548,0
0.46,0.074,3
1.044,0.529,2
0.946,0.557,1
0.988,0.571,4
0.055,0.783,0
0.99,0.483,2
0.484,0.082,3
0.217,0.555,0
0.303,0.526,0
0.277,0.542,0
0.323,0.49,0
0.266,0.474,0
1.051,0.567,4
0.538,0.047,3
1.076,0.6,4
0.255,0.493,0
0.266,0.543,0
0.929,0.512,1
0.473,0.051,3
0.969,0.535,1
0.481,0.681,0
0.219,0.495,0
0.344,0.467,0
1.011,0.49,2
0.082,0.8,0
0.489,0.698,0
0.241,0.522,0
1.04,0.567,4
0.213,0.494,0
0.489,0.099,3
0.285,0.497,0
0.935,0.531,1
0.961,0.497,2
0.041,0.792,0
0.318,0.478,0
0.553,0.076,3
0.486,0.15,3
0.449,0.761,0
0.52,0.063,3
0.988,0.479,2
0.36,0.564,0
0.103,0.782,0
0.463,0.793,0
1.027,0.494,2
0.482,0.783,0
0.266,0.537,0
0.104,0.762,0
0.432,0.757,0
0.98,0.572,4
0.454,0.122,3
0.468,0.696,0
0.551,0.059,3
0.496,0.051,3
0.489,0.097,3
0.2,0.55,0
0.541,0.086,3
0.483,0.043,3
0.978,0.526,2
0.044,0.807,0
0.27,0.5,0
0.971,0.622,4
1.016,0.529,2
0.5,0.074,3
0.087,0.818,0
0.988,0.575,4
0.941,0.558,1
0.302,0.457,0
0.193,0.46,0
0.505,0.103,3
0.975,0.559,4
0.319,0.53,0
1.032,0.507,2
0.295,0.466,0
0.412,0.093,3
0.916,0.56,1
0.421,0.749,0
0.565,0.146,3
0.579,0.026,3
0.508,0.11,3
0.478,0.01,3
0.967,0.522,1
0.429,0.692,0
0.95,0.545,1
0.47,0.767,0
0.447,0.78,0
0.419,0.758,0
0.226,0.438,0
0.29,0.426,0
0.085,0.748,0
0.414,0.694,0
0.137,0.779,0
0.479,0.056,3
0.436,0.793,0
0.067,0.79,0
0.965,0.5,2
0.406,0.714,0
0.131,0.771,0
0.274,0.576,0
0.068,0.762,0
0.451,0.771,0
0.306,0.532,0
0.306,0.46,0
0.25,0.482,0
0.468,0.07,3
0.254,0.456,0
1.002,0.563,4
0.231,0.452,0
0.584,0.029,3
0.027,0.828,0
0.525,0.643,0
0.517,0.032,3
0.495,0.062,3
0.43,0.737,0
0.062,0.778,0
0.988,0.52,2
0.222,0.458,0
0.339,0.547,0
0.492,0.061,3
0.297,0.482,0
0.436,0.728,0
0.064,0.806,0
0.089,0.838,0
0.079,0.797,0
0.47,0.746,0
0.444,0.733,0
0.907,0.499,1
0.265,0.503,0
0.958,0.566,1
0.281,0.51,0
0.261,0.474,0
0.471,0.075,3
0.451,0.716,0
0.455,0.722,0
0.981,0.556,4
0.254,0.54,0
0.543,0.03,3
0.931,0.563,1
0.032,0.72,0
0.427,0.68,0
0.573,0.08,3
0.455,0.644,0
0.088,0.765,0
0.406,0.755,0
0.262,0.472,0
0.284,0.546,0
0.39,0.769,0
0.056,0.843,0
0.108,0.804,0
0.308,0.521,0
0.442,0.685,0
0.283,0.517,0
0.483,0.761,0
0.954,0.608,4
0.977,0.517,2
0.013,0.811,0
0.238,0.503,0
0.04,0.805,0
0.426,0.732,0
0.922,0.571,1
0.515,0.071,3
0.071,0.857,0
0.982,0.566,4
0.474,0.781,0
0.969,0.535,1
0.983,0.545,4
0.434,0.776,0
1.035,0.505,2
0.959,0.551,1
0.904,0.519,1
0.205,0.5,0
0.038,0.757,0
0.535,0.154,3
1.039,0.526,2
0.269,0.467,0
0.469,0.072,3
1.017,0.537,2
0.979,0.584,4
1.062,0.615,4
0.983,0.51,2
0.161,0.823,0
0.266,0.491,0
0.077,0.748,0
0.285,0.538,0
0.319,0.503,0
0.242,0.522,0
0.43,0.042,3
0.434,0.15,3
0.462,0.728,0
0.262,0.505,0
0,0.754,0
0.064,0.714,0
0.076,0.775,0
0.207,0.491,0
1.005,0.581,4
0.218,0.517,0
0.207,0.527,0
0.033,0.731,0
0.194,0.508,0
0.31,0.536,0
0.98,0.497,2
0.236,0.578,0
0.915,0.587,1
0.362,0.684,0
0.528,0.052,3
0.945,0.558,1
0.069,0.746,0
0.471,0.721,0
0.042,0.757,0
0.429,0.744,0
0.317,0.435,0
0.423,0.774,0
0.061,0.819,0
0.401,0.745,0
0.406,0.751,0
0.474,0.619,0
0.425,0.7,0
0.08,0.695,0
0.944,0.555,1
0.132,0.744,0
0.429,0.779,0
0.047,0.724,0
0.461,0.718,0
0.403,0.713,0
0.416,0.768,0
0.016,0.762,0
0.49,0.082,3
0.416,0.734,0
0.007,0.793,0
0.285,0.499,0
0.477,0.125,3
0.906,0.559,1
0.475,0.164,3
0.08,0.741,0
0.349,0.769,0
0.337,0.708,0
1.003,0.527,2
0.472,0.772,0
0.976,0.511,2
0.281,0.466,0
0.454,0.07,3
0.093,0.761,0
0.277,0.492,0
0.935,0.554,1
0.991,0.442,2
0.437,0.135,3
0.501,0.067,3
1.01,0.599,4
0.477,0.035,3
0.235,0.494,0
0.288,0.495,0
0.202,0.458,0
0.009,0.745,0
1.027,0.494,2
0.531,0.102,3
0.097,0.802,0
0.276,0.493,0
0.029,0.765,0
0.051,0.766,0
0.512,0.066,3
0.268,0.515,0
0.976,0.498,2
0.363,0.474,0
0.458,0.726,0
0.125,0.717,0
1.025,0.53,2
0.273,0.401,0
0.992,0.541,4
0.381,0.733,0
1.012,0.526,2
0.496,0.695,0
0.079,0.772,0
0.465,0.7,0
0.473,0.02,3
0.248,0.538,0
0.962,0.592,4
0.115,0.834,0
0.522,0.783,0
0.035,0.779,0
0.517,0.044,3
0.445,0.673,0
1.018,0.521,2
1.022,0.517,2
0.947,0.579,1
0.267,0.541,0
0.461,0.775,0
0.984,0.516,2
0.448,0.745,0
0.451,0.761,0
0.474,0.682,0
0.267,0.507,0
1.022,0.535,2
0.039,0.766,0
1.039,0.538,2
0.265,0.562,0
0.231,0.496,0
0.102,0.853,0
0.475,0.147,3
0.369,0.794,0
0.49,0.662,0
0.223,0.426,0
0.459,0.073,3
0.991,0.517,2
0.462,0.057,3
0.997,0.587,4
0.165,0.497,0
0.296,0.513,0
0.423,0.734,0
0.313,0.529,0
0.281,0.467,0
0.963,0.607,4
0.998,0.561,4
0.08,0.776,0
0.434,0.715,0
0.191,0.432,0
0.112,0.805,0
0.111,0.849,0
0.455,0.125,3
0.253,0.528,0
0.975,0.566,4
0.551,0.094,3
0.098,0.798,0
0.131,0.714,0
0.448,0.028,3
0.493,0.141,3
0.453,0.745,0
0.241,0.564,0
0.39,0.714,0
0.248,0.551,0
0.199,0.517,0
0.503,0.065,3
0.078,0.739,0
0.259,0.449,0
0.418,0.731,0
0.981,0.499,2
0.348,0.483,0
1.016,0.538,2
0.01,0.751,0
0.28,0.485,0
0.454,0.017,3
0.249,0.562,0
1.013,0.539,2
0.051,0.826,0
0.46,0.795,0
0.454,0.628,0
0.471,0.665,0
0.903,0.533,1
0.238,0.564,0
0.22,0.518,0
0.416,0.843,0
0.527,0.079,3
0.938,0.517,1
0.983,0.512,2
0.417,0.721,0
0.292,0.563,0
0.03,0.797,0
0.26,0.422,0
0.361,0.759,0
0.474,0.727,0
0.08,0.806,0
0.472,0.059,3
0.128,0.789,0
0.287,0.436,0
0.123,0.72,0
0.253,0.507,0
0.487,0.689,0
0.287,0.485,0
0.101,0.76,0
0.21,0.415,0
0.519,0.772,0
0.482,0.089,3
0.532,0.043,3
0.259,0.463,0
0.499,0.013,3
1.043,0.53,2
0.413,0.745,0
1.064,0.503,2
1.01,0.512,2
0.237,0.453,0
0.428,0.026,3
0.047,0.797,0
0.946,0.497,1
1.033,0.6,4
0.266,0.554,0
0.394,0.762,0
0.964,0.564,4
1.017,0.526,2
0.034,0.799,0
0.064,0.768,0
0.123,0.796,0
0.282,0.49,0
0.038,0.757,0
0.295,0.462,0
0.51,0.006,3
0.99,0.551,4
0.422,0.668,0
0.111,0.728,0
0.305,0.492,0
0.415,0.701,0
0.911,0.487,1
0.528,0.063,3
0.468,0.096,3
0.476,0.055,3
0.3,0.414,0
0.518,0.674,0
0.461,0.679,0
0.047,0.786,0
0.064,0.741,0
0.483,0.707,0
0.534,0.12,3
1.018,0.572,4
0.144,0.689,0
0.241,0.507,0
0.419,0.725,0
0.417,0.723,0
0.465,0.003,3
0.063,0.764,0
0.454,0.678,0
0.426,0.655,0
0.472,0.117,3
0.248,0.383,0
0.451,0.709,0
0.415,0.702,0
1.02,0.505,2
0.263,0.546,0
0.44,0.758,0
0.433,0.726,0
0.444,0.725,0
0.542,0.07,3
0.169,0.501,0
0.01,0.813,0
0.032,0.718,0
0.909,0.545,1
0.409,0.725,0
0.96,0.528,1
0.552,0.112,3
0.089,0.729,0
0.963,0.507,2
0.515,0.699,0
0.133,0.755,0
0.528,0.093,3
0.082,0.82,0
0.998,0.569,4
0.529,0.064,3
0.54,0.138,3
0.983,0.484,2
0.091,0.765,0
0.969,0.522,1
0.964,0.542,1
0.516,0.121,3
0.272,0.485,0
0.091,0.747,0
0.261,0.504,0
1.024,0.475,2
0.489,0.695,0
0.045,0.807,0
0.313,0.56,0
1.018,0.56,4
0.442,0.051,3
0.047,0.814,0
0.959,0.569,4
0.119,0.796,0
0.127,0.811,0
0.408,0.648,0
0.526,0.778,0
0.514,0.093,3
0.534,0.081,3
0.342,0.487,0
0.032,0.7,0
0.965,0.544,1
0.534,0.047,3
0.97,0.506,2
0.197,0.502,0
0.978,0.52,2
0.391,0.706,0
0.093,0.752,0
0.314,0.51,0
0.46,0.647,0
0.457,0.016,3
0.482,0.051,3
0.258,0.534,0
0.474,0.034,3
0.396,0.745,0
0.481,0.746,0
0.964,0.559,4
0.025,0.775,0
0.519,0.639,0
0.47,0.003,3
0.077,0.852,0
0.949,0.471,2
0.523,0.076,3
0.054,0.786,0
0.306,0.46,0
0.465,0.693,0
0.517,0.097,3
0.303,0.472,0
0.104,0.875,0
1.006,0.554,4
0.137,0.49,0
0.121,0.804,0
0.942,0.539,1
0.507,0.173,3
0.444,0.049,3
0.992,0.557,4
0.395,0.763,0
0.391,0.771,0
0.967,0.52,1
0.024,0.788,0
0.4,0.735,0
0.441,0.704,0
0.475,0.146,3
0.931,0.583,1
1.018,0.513,2
0.275,0.432,0
0.987,0.466,2
1.01,0.487,2
0.434,0.78,0
0.463,0.744,0
0.505,0.127,3
0.093,0.805,0
0.248,0.437,0
0.504,0.058,3
0.123,0.782,0
0.3,0.537,0
0.432,0.702,0
0.923,0.505,1
0.487,0.752,0
0.987,0.514,2
0.07,0.796,0
0.461,0.076,3
0.067,0.818,0
1.033,0.454,2
0.321,0.513,0
0.522,0.074,3
0.949,0.496,1
0.472,0.05,3
0.273,0.559,0
1.005,0.502,2
1.017,0.507,2
0.323,0.5,0
0.967,0.616,4
0.379,0.749,0
0.935,0.521,1
0.532,0.059,3
0.079,0.72,0
0.919,0.456,1
1.052,0.52,2
0.09,0.839,0
0.206,0.574,0
0.409,0.07,3
0.381,0.692,0
1.009,0.55,4
0.955,0.531,1
0.541,0.063,3
0.415,0.811,0
0.08,0.766,0
0.944,0.562,1
0.505,0.035,3
0.461,0.119,3
0.543,0.092,3
0.478,0.661,0
0.11,0.733,0
0.483,0.072,3
0.977,0.574,4
0.945,0.575,1
0.06,0.837,0
0.547,0.071,3
0.244,0.494,0
0.035,0.719,0
0.892,0.568,1
0.432,0.821,0
0.476,0.729,0
0.477,0.714,0
0.492,0.033,3
0.538,0.071,3
0.484,0.06,3
0.066,0.767,0
0.938,0.559,1
0.149,0.774,0
0.025,0.796,0
0.237,0.558,0
0.531,0.072,3
0.09,0.81,0
0.548,0.034,3
0.464,0.826,0
0.991,0.532,2
0.428,0.739,0
0.467,0.672,0
0.097,0.754,0
0.217,0.471,0
0.484,0.708,0
1,0.548,4
0.1,0.753,0
0.017,0.714,0
0.987,0.527,2
0.509,0.113,3
0.28,0.491,0
0.971,0.51,2
0.449,0.054,3
1.007,0.459,2
0.972,0.532,1
0.238,0.54,0
0.97,0.535,1
0.292,0.523,0
0.948,0.505,1
0.095,0.771,0
0.091,0.759,0
0.469,0.104,3
0.448,0.708,0
0.086,0.738,0
0.032,0.76,0
0.199,0.454,0
0.062,0.751,0
0.279,0.441,0
0.041,0.726,0
0.085,0.754,0
0.381,0.722,0
0.486,0.052,3
0.933,0.522,1
0.233,0.494,0
0.912,0.468,1
0.468,0.731,0
0.919,0.553,1
0.291,0.488,0
0.031,0.671,0
0.458,0.726,0
0.425,0.06,3
0.449,0.683,0
0.287,0.451,0
0.26,0.532,0
0.972,0.543,1
0.273,0.517,0
0.973,0.562,4
0.092,0.805,0
0.043,0.722,0
0.276,0.483,0
0.882,0.486,1
0.525,0.068,3
0.041,0.768,0
0.964,0.484,2
0.277,0.495,0
0.567,0.072,3
0.436,0.752,0
0.498,0.075,3
0.464,0.092,3
0.012,0.777,0
0.933,0.587,1
0.036,0.714,0
0.442,0.723,0
0.435,0.781,0
0.508,0.125,3
0.113,0.815,0
0.308,0.47,0
0.015,0.847,0
0.405,0.073,3
1.049,0.574,4
0.435,0.094,3
0.458,0.034,3
0.473,0.787,0
0.276,0.5,0
0.077,0.845,0
0.508,0.713,0
0.941,0.578,1
0.512,0.058,3
0.261,0.529,0
0.444,0.724,0
0.238,0.453,0
0.482,0.738,0
0.293,0.475,0
0.3,0.493,0
0.999,0.518,2
0.409,0.706,0
0.017,0.75,0
0.24,0.424,0
0.582,0.118,3
0.316,0.481,0
0.03,0.763,0
0.038,0.815,0
0.214,0.523,0
0.948,0.526,1
0.521,0.112,3
0.952,0.544,1
0.57,0.12,3
0.13,0.747,0
1.079,0.568,4
0.876,0.571,1
1.079,0.495,2
0.981,0.465,2
0.444,0.792,0
0.291,0.514,0
0.508,0.104,3
0.433,0.713,0
0.058,0.763,0
0.099,0.697,0
0.424,0.681,0
0.423,0.083,3
0.385,0.721,0
0.073,0.703,0
0.428,0.769,0
0.301,0.545,0
0.934,0.569,1
0.233,0.503,0
0.307,0.478,0
0.49,0.048,3
0.276,0.503,0
0.994,0.583,4
0.504,0.032,3
0.972,0.538,1
0.066,0.81,0
0.925,0.526,1
0.06,0.759,0
0.442,0.055,3
0.071,0.787,0
0.249,0.466,0
0.494,0.061,3
1.015,0.457,2
0.036,0.765,0
0.445,0.713,0
0.341,0.697,0
1.006,0.564,4
0.081,0.814,0
0.943,0.538,1
0.431,0.72,0
0.507,0.075,3
0.409,0.72,0
0.499,0.101,3
0.968,0.559,4
0.492,0.674,0
0.492,0.824,0
0.467,0.793,0
0.256,0.493,0
1.013,0.575,4
0.262,0.499,0
0.537,0.729,0
0.559,0.059,3
0.275,0.439,0
0.471,0.094,3
0.473,0.693,0
0.306,0.504,0
0.527,0.095,3
0.048,0.787,0
0.517,0.124,3
0.994,0.538,2
0.089,0.751,0
0.244,0.513,0
0.279,0.616,0
0.445,0.799,0
0.256,0.538,0
0.251,0.46,0
0.436,0.797,0
0.217,0.531,0
0.993,0.515,2
0.402,0.771,0
0.233,0.531,0
0.471,0.068,3
1.025,0.541,2
0.13,0.812,0
0.229,0.562,0
0.546,0.07,3
0.051,0.804,0
0.426,0.744,0
1.004,0.562,4
1.053,0.622,4
0.97,0.568,4
0.461,0.696,0
0.263,0.532,0
0.09,0.695,0
0.06,0.797,0
0.292,0.525,0
0.25,0.569,0
0.472,0.7,0
0.327,0.533,0
0.481,0.693,0
0.44,0.038,3
1.004,0.516,2
1.008,0.535,2
0.251,0.446,0
0.954,0.537,1
0.465,0.083,3
0.608,0.102,3
0.525,0.002,3
0.996,0.535,2
0.127,0.801,0
0.25,0.503,0
0.473,0.05,3
0.08,0.717,0
0.495,0.668,0
0.275,0.488,0
0.126,0.842,0
0.09,0.808,0
0.411,0.758,0
0.927,0.54,1
0.959,0.569,4
0.483,0.103,3
0.545,0.034,3
0.896,0.511,1
0.987,0.457,2
0.971,0.584,4
0.413,0.703,0
0.443,0.762,0
0.951,0.506,1
0.554,0.073,3
0.498,0.81,0
0.258,0.422,0
1.07,0.549,4
0.985,0.531,2
0.292,0.483,0
0.123,0.829,0
0.444,0.044,3
0.056,0.797,0
0.54,0.125,3
0.899,0.503,1
0.098,0.756,0
1.008,0.559,4
0.454,0.104,3
0.089,0.776,0
0.948,0.54,1
0.477,0.741,0
0.057,0.788,0
0.49,0.71,0
0.547,0.073,3
0.116,0.812,0
0.952,0.578,4
0.325,0.525,0
0.541,0.039,3
1.007,0.551,4
0.16,0.807,0
0.489,0.092,3
0.403,0.716,0
0.093,0.817,0
0.045,0.803,0
0.966,0.595,4
0.554,0.112,3
0.261,0.516,0
0.294,0.473,0
0.235,0.457,0
0.558,0.126,3
0.281,0.404,0
0.956,0.467,2
0.583,0.084,3
0.394,0.683,0
0.536,0.104,3
0.308,0.503,0
0.322,0.539,0
0.521,0.098,3
0.397,0.807,0
0.451,0.702,0
0.009,0.728,0
0.37,0.704,0
0.108,0.759,0
0.118,0.79,0
0.517,0.031,3
0.954,0.562,1
0.258,0.503,0
0.989,0.457,2
0.501,0.048,3
0.115,0.736,0
0.48,0.083,3
0.468,0.634,0
0.51,0.054,3
1.031,0.501,2
0.415,0.802,0
0.295,0.457,0
0.519,0.186,3
0.259,0.486,0
0.422,0.745,0
0.093,0.799,0
0.305,0.491,0
0.231,0.47,0
0.099,0.843,0
0.029,0.784,0
0.071,0.819,0
0.285,0.551,0
0.247,0.454,0
0.51,0.089,3
0.288,0.503,0
0.432,0.701,0
0.529,0.049,3
0.158,0.795,0
0.451,0.069,3
0.537,0.051,3
0.253,0.566,0
0.191,0.443,0
0.497,0.022,3
0.57,0.053,3
1.026,0.471,2
0.978,0.627,4
0.999,0.53,2
0.053,0.803,0
0.468,0.058,3
0.935,0.652,4
0.321,0.509,0
0.946,0.54,1
0.964,0.579,4
0.477,0.075,3
0.478,0.738,0
0.479,0.11,3
0.054,0.751,0
0.487,0.117,3
0.102,0.794,0
0.512,0.062,3
0.527,0.741,0
0.152,0.793,0
0.49,0.119,3
0.347,0.467,0
0.114,0.819,0
0.49,0.06,3
0.247,0.491,0
0.544,0.029,3
0.086,0.744,0
0.472,0.788,0
0.202,0.46,0
0.222,0.538,0
0.967,0.537,1
0.221,0.51,0
0.117,0.801,0
1.018,0.539,2
0.401,0.749,0
0.204,0.544,0
0.921,0.61,1
0.295,0.463,0
0.89,0.577,1
0.468,0.059,3
0.056,0.814,0
0.992,0.477,2
0.474,0.133,3
0.496,0.032,3
0.423,0.066,3
1.009,0.579,4
0.465,0.11,3
0.313,0.436,0
0.293,0.436,0
0.061,0.842,0
0.469,0.07,3
0.244,0.526,0
0.429,0.736,0
0.387,0.762,0
0.206,0.554,0
0.22,0.458,0
0.138,0.797,0
0.275,0.517,0
0.901,0.645,1
1.007,0.527,2
0.221,0.495,0
1.024,0.458,2
0.05,0.716,0
0.456,0.693,0
0.224,0.485,0
0.474,0.716,0
0.076,0.759,0
0.472,0.692,0
1.032,0.563,4
0.056,0.793,0
0.068,0.752,0
0.031,0.756,0
0.477,0.009,3
0.224,0.544,0
0.268,0.5,0
0.031,0.755,0
0.951,0.488,1
0.431,0.757,0
0.063,0.762,0
0.5,0.712,0
0.453,0.738,0
0.96,0.538,1
1.02,0.506,2
0.314,0.477,0
0.423,0.762,0
0.464,0.75,0
0.041,0.797,0
0.523,0.036,3
0.023,0.792,0
0.481,0.733,0
0.248,0.471,0
0.527,0.098,3
0.525,0.091,3
0.401,0.806,0
0.246,0.516,0
0.546,0.068,3
1.02,0.528,2
0.53,0.065,3
0.555,0.065,3
0.423,0.738,0
0.21,0.45,0
0.49,0.081,3
0.081,0.787,0
0.448,0.788,0
1.005,0.508,2
0.026,0.78,0
0.41,0.703,0
0.492,0.018,3
0.112,0.729,0
0.989,0.536,2
0.999,0.53,2
1.007,0.47,2
0.274,0.444,0
0.273,0.523,0
1.017,0.584,4
0.046,0.764,0
0.43,0.726,0
0.498,0.064,3
0.135,0.782,0
0.421,0.748,0
0.068,0.748,0
0.386,0.719,0
0.392,0.781,0
0.269,0.494,0
0.97,0.542,1
0.105,0.812,0
0.427,0.742,0
0.954,0.513,1
1.007,0.55,4
0.957,0.606,4
0.494,0.74,0
0.926,0.555,1
0.438,0.687,0
0.515,0.154,3
0.3,0.492,0
0.993,0.539,2
0.984,0.429,2
0.075,0.834,0
0.038,0.784,0
0.102,0.801,0
0.107,0.793,0
0.441,0.779,0
0.129,0.773,0
0.465,0.094,3
0.325,0.501,0
0.094,0.793,0
0.404,0.666,0
0.978,0.509,2
0.107,0.842,0
0.391,0.672,0
0.492,0.042,3
0.243,0.486,0
0.504,0,3
0.197,0.542,0
0.239,0.531,0
0.531,0.043,3
0.487,0.716,0
0.007,0.769,0
0.551,0.13,3
0.957,0.546,1
1.014,0.543,4
0.311,0.488,0
0.428,0.052,3
0.086,0.779,0
0.549,0.111,3
0.257,0.493,0
0.481,0.068,3
0.992,0.608,4
0.088,0.851,0
0.24,0.45,0
0.993,0.493,2
0.557,0.136,3
0.411,0.709,0
0.136,0.762,0
0.977,0.551,4
0.058,0.741,0
1.009,0.583,4
0.574,0.11,3
0.993,0.526,2
0.465,0.745,0
0.406,0.791,0
0.534,0.651,0
0.313,0.501,0
0.277,0.484,0
0.898,0.498,1
0.478,0.044,3
0.231,0.532,0
0.949,0.579,1
0.049,0.78,0
0.177,0.832,0
0.496,0.757,0
0.95,0.502,1
0.122,0.791,0
1.038,0.467,2
0.534,0.119,3
0.424,0.737,0
0.432,0.718,0
0.126,0.73,0
0.411,0.681,0
0.555,0.05,3
0.119,0.847,0
0.479,0.654,0
0.476,0.104,3
0.437,0.04,3
0.437,0.69,0
0.061,0.685,0
0.122,0.673,0
0.99,0.519,2
0.256,0.475,0
0.567,0.06,3
0.528,0.07,3
0.429,0.753,0
0.088,0.769,0
0.548,0.045,3
0.018,0.8,0
0.093,0.764,0
0.422,0.77,0
0.497,0.119,3
0.303,0.478,0
0.437,0.729,0
0.305,0.443,0
0.033,0.81,0
0.29,0.457,0
0.438,0.095,3
0.517,0,3
0.207,0.492,0
0.51,0.135,3
0.01,0.779,0
0.056,0.817,0
0.295,0.454,0
0.095,0.715,0
0.362,0.764,0
0.432,0.734,0
0.298,0.503,0
0.255,0.437,0
0.477,0.043,3
0.282,0.518,0
0.09,0.715,0
0.225,0.503,0
0.526,0.74,0
0.458,0.745,0
0.515,0.028,3
1.002,0.621,4
0.961,0.509,1
0.02,0.796,0
0.037,0.794,0
0.414,0.753,0
0.293,0.533,0
0.53,0.032,3
0.108,0.765,0
0.422,0.726,0
0.55,0.122,3
0.489,0.075,3
0.392,0.76,0
0.243,0.502,0
0.271,0.486,0
0.956,0.575,4
0.474,0.071,3
0.945,0.54,1
0.128,0.777,0
0.461,0.768,0
0.079,0.751,0
0.314,0.451,0
0.078,0.874,0
1.02,0.511,2
0.271,0.473,0
0.515,0.658,0
0.065,0.802,0
0.48,0.067,3
0.419,0.661,0
0.523,0.018,3
0.272,0.484,0
0.189,0.468,0
0.428,0.682,0
0.159,0.752,0
0.073,0.73,0
0.207,0.515,0
0.188,0.571,0
0.051,0.823,0
0.514,0.052,3
0.502,0.055,3
0.137,0.799,0
0.264,0.509,0
0.477,0.064,3
0.478,0.677,0
0.474,0.73,0
0.223,0.511,0
0.413,0.685,0
0.521,0.105,3
0.429,0.743,0
0.43,0.107,3
0.364,0.516,0
0.428,0.026,3
0.362,0.548,0
0.511,0.006,3
0.531,0.047,3
0.995,0.588,4
0.441,0.733,0
0.486,0.115,3
0.098,0.741,0
1.016,0.537,2
0.289,0.488,0
0.409,0.068,3
1.015,0.512,2
1.044,0.54,2
0.479,0.81,0
0.114,0.777,0
0.018,0.791,0
0.139,0.766,0
0.969,0.513,2
0.06,0.75,0
0.986,0.518,2
0.482,0.791,0
0.395,0.718,0
0.31,0.486,0
0.27,0.442,0
0.896,0.537,1
0.084,0.826,0
0.407,0.755,0
0.391,0.711,0
0.068,0.735,0
0.526,0.007,3
0.449,0.749,0
1.008,0.543,4
0.501,0.12,3
0.261,0.457,0
0.953,0.519,1
0.136,0.797,0
0.069,0.77,0
0.461,0.771,0
0.426,0.082,3
0.976,0.556,4
0.064,0.796,0
0.491,0.757,0
0.516,0.148,3
0.096,0.744,0
0.056,0.82,0
0.572,0.105,3
0.971,0.553,4
0.506,0.086,3
0.187,0.763,0
0.477,0.108,3
0.097,0.77,0
0.24,0.567,0
0.371,0.755,0
0.435,0.744,0
0.241,0.472,0
0.437,0.038,3
0.472,0.006,3
0.502,0.061,3
0.026,0.769,0
0.527,0.071,3
0.124,0.851,0
1.015,0.557,4
0.057,0.817,0
0.415,0.733,0
0.096,0.804,0
0.126,0.785,0
1.022,0.524,2
0.952,0.516,1
0.313,0.523,0
0.999,0.537,2
0.063,0.875,0
0.282,0.468,0
0.262,0.528,0
0.944,0.466,2
0.423,0.816,0
0.988,0.494,2
0.548,0.076,3
0.099,0.839,0
0.121,0.76,0
0.082,0.798,0
0.907,0.563,1
0.295,0.495,0
0.53,0.083,3
0.435,0.794,0
0.413,0.678,0
0.305,0.485,0
1.033,0.553,4
0.241,0.516,0
0.405,0.679,0
0.482,0.063,3
0.538,0.068,3
0.985,0.517,2
1.006,0.602,4
0.956,0.537,1
0.105,0.772,0
0.969,0.528,1
0.329,0.508,0
0.228,0.44,0
0.284,0.535,0
0.471,0.171,3
0.977,0.543,4
1.008,0.504,2
0.472,0.691,0
0.42,0.72,0
0.984,0.561,4
0.427,0.73,0
0.114,0.76,0
0.42,0.802,0
1.008,0.548,4
0.929,0.599,1
0.987,0.489,2
0.909,0.57,1
0.051,0.825,0
0.004,0.733,0
1.01,0.587,4
0.923,0.489,1
0.479,0.035,3
0.1,0.812,0
0.041,0.709,0
0.221,0.425,0
0.316,0.506,0
0.269,0.485,0
0.503,0.014,3
0.96,0.608,4
0.353,0.535,0
0.307,0.516,0
1,0.552,4
0.099,0.76,0
0.374,0.717,0
0.471,0.72,0
1.007,0.478,2
0.489,0.074,3
0.062,0.736,0
0.438,0.706,0
0.925,0.508,1
0.448,0.799,0
0.465,0.045,3
0.496,0.713,0
0.549,0.004,3
0.276,0.462,0
0.446,0.757,0
0.503,0.679,0
0.299,0.52,0
0.111,0.716,0
0.529,0.024,3
0.269,0.511,0
0.206,0.546,0
0.228,0.488,0
0.508,0.026,3
0.117,0.795,0
0.49,0.723,0
0.997,0.576,4
0.536,0.044,3
0.292,0.416,0
0.439,0.699,0
0.344,0.573,0
0.153,0.721,0
0.364,0.544,0
0.323,0.552,0
0.108,0.782,0
0.046,0.816,0
0.096,0.749,0
0.133,0.808,0
0.357,0.596,0
0.932,0.532,1
0.49,0.048,3
0.497,0.14,3
0.233,0.549,0
0.477,0.132,3
0.458,0.695,0
1.003,0.544,4
1.01,0.606,4
0.057,0.789,0
0.442,0.095,3
0.455,0.794,0
0.479,0.072,3
0.426,0.768,0
1.066,0.532,2
0.389,0.692,0
0.132,0.764,0
0.034,0.791,0
0.112,0.756,0
0.061,0.783,0
0.17,0.533,0
0.117,0.808,0
0.32,0.545,0
0.266,0.537,0
0.304,0.622,0
0.218,0.503,0
0.449,0.127,3
0.061,0.8,0
0.514,0.032,3
0.299,0.472,0
0.455,0.087,3
0.985,0.511,2
0.534,0.771,0
0.056,0.774,0
0.509,0.018,3
0.158,0.744,0
0.27,0.512,0
0.47,0.136,3
0.515,0.008,3
0.536,0.088,3
0.485,0.011,3
0.12,0.759,0
0.571,0.026,3
0.429,0.119,3
0.994,0.542,4
0.467,0.063,3
1,0.528,2
0.272,0.522,0
0.089,0.764,0
0.955,0.545,1
0.522,0.761,0
0.41,0.799,0
1.042,0.564,4
0.443,0.75,0
0.293,0.512,0
0.513,0.12,3
0.263,0.452,0
0.055,0.687,0
0.519,0.165,3
0.483,0.047,3
0.441,0.142,3
0.942,0.511,1
0.23,0.541,0
0.099,0.815,0
0.028,0.738,0
0.055,0.774,0
0.27,0.575,0
0.403,0.688,0
0.413,0.731,0
0.556,0.119,3
0.067,0.75,0
0.962,0.58,4
0.982,0.571,4
0.475,0.741,0
0.451,0.76,0
0.452,0.117,3
0.97,0.519,2
0.38,0.708,0
0.433,0.684,0
0.382,0.705,0
0.502,0.083,3
0.363,0.432,0
0.081,0.805,0
0.989,0.558,4
0.431,0.701,0
0.856,0.531,1
0.435,0.062,3
1.004,0.53,2
0.313,0.525,0
1.01,0.51,2
0.308,0.514,0
1,0.521,2
0.911,0.58,1
0.443,0.145,3
0.3,0.53,0
0.486,0.097,3
0.381,0.652,0
0.412,0.782,0
0.94,0.547,1
0.964,0.529,1
1.039,0.516,2
0.098,0.702,0
0.456,0.751,0
0.282,0.448,0
0.436,0.642,0
1.01,0.498,2
0.109,0.752,0
1,0.581,4
0.508,0.096,3
0.263,0.491,0
0.249,0.46,0
0.263,0.467,0
0.123,0.771,0
0.985,0.516,2
1.076,0.543,2
0.066,0.788,0
0.476,0.695,0
0.427,0.721,0
1.003,0.509,2
0.449,0.673,0
0.504,0.672,0
0.94,0.523,1
1.011,0.519,2
0.995,0.526,2
0.414,0.7,0
0.27,0.484,0
1.015,0.619,4
0.995,0.568,4
1.047,0.545,4
0.335,0.494,0
0.568,0.091,3
0.104,0.703,0
0.527,0.096,3
0.442,0.694,0
0.961,0.55,1
0.996,0.517,2
0.068,0.768,0
0.461,0.071,3
0.315,0.502,0
0.528,0.08,3
0.97,0.516,2
0.546,0.082,3
0.326,0.403,0
0.932,0.539,1
0.293,0.598,0
0.263,0.504,0
0.948,0.543,1
0.427,0.113,3
0.937,0.501,1
0.026,0.748,0
0.061,0.788,0
0.457,0.043,3
0.435,0.694,0
0.962,0.488,2
0.519,0.095,3
0.509,0.128,3
0.435,0.652,0
0.455,0.708,0
0.487,0.795,0
0.478,0.054,3
0.471,0.617,0
0.021,0.76,0
0.934,0.579,1
0.534,0.035,3
0.529,0.071,3
0.55,0.043,3
0.902,0.56,1
0.205,0.517,0
0.368,0.669,0
0.036,0.833,0
0.487,0.719,0
0.066,0.778,0
0.256,0.492,0
0.334,0.513,0
0.003,0.76,0
0.444,0.757,0
0.431,0.728,0
1.009,0.569,4
0.475,0.706,0
0.06,0.731,0
0.549,0.071,3
0.456,0.738,0
0.262,0.531,0
0.464,0.699,0
0.293,0.522,0
0.493,0.022,3
0.393,0.774,0
0.42,0.083,3
0.93,0.523,1
0.549,0.084,3
0.068,0.727,0
0.877,0.473,1
0.925,0.541,1
0.454,0.708,0
0.488,0.05,3
0.314,0.501,0
0.54,0.117,3
0.991,0.496,2
0.993,0.495,2
0.038,0.771,0
1.041,0.525,2
0.49,0.726,0
0.22,0.52,0
0.281,0.587,0
0.504,0.709,0
0.429,0.784,0
0.535,0.078,3
0.498,0.113,3
0.482,0.02,3
0.106,0.808,0
0.947,0.533,1
1.022,0.529,2
0.273,0.551,0
0.248,0.459,0
0.03,0.8,0
0.065,0.765,0
0.099,0.784,0
0.397,0.051,3
0.542,0.102,3
0.285,0.539,0
0.417,0.705,0
0.46,0.749,0
0.099,0.765,0
0.489,0.702,0
0.47,0.11,3
0.432,0.7,0
0.387,0.722,0
0.422,0.741,0
0.242,0.457,0
0.471,0.114,3
1.028,0.512,2
0.287,0.537,0
0.108,0.704,0
0.507,0.105,3
0.406,0.718,0
0.037,0.817,0
0.306,0.496,0
0.979,0.537,2
0.072,0.769,0
0.55,0.111,3
0.489,0.082,3
0.394,0.72,0
0.286,0.456,0
0.476,0.683,0
0.546,0.078,3
0.438,0.65,0
0.979,0.544,4
0.027,0.822,0
0.462,0.725,0
0.256,0.511,0
0.489,0.041,3
0.486,0.026,3
0.112,0.773,0
0.494,0.784,0
0.106,0.807,0
0.946,0.521,1
1.027,0.493,2
0.512,0.076,3
0.454,0.768,0
0.947,0.543,1
0.273,0.461,0
0.388,0.744,0
0.495,0.046,3
0.404,0.734,0
1.024,0.503,2
0.457,0.1,3
0.498,0.034,3
0.394,0.682,0
0.493,0.091,3
0.207,0.563,0
0.511,0.039,3
0.957,0.542,1
0.868,0.553,1
0.47,0.712,0
0.509,0.023,3
0.488,0.776,0
1.005,0.536,2
0.284,0.545,0
0.037,0.776,0
0.011,0.876,0
1.047,0.506,2
0.074,0.782,0
0.943,0.549,1
0.501,0.666,0
0.988,0.56,4
0.1,0.839,0
0.216,0.488,0
0.365,0.693,0
0.25,0.445,0
0.414,0.751,0
0.571,0.044,3
0.89,0.531,1
0.497,0.059,3
0.491,0.065,3
0.566,0.097,3
0.583,0.111,3
0.176,0.436,0
0.927,0.533,1
0.001,0.828,0
0.463,0.693,0
0.422,0.715,0
0.288,0.509,0
0.988,0.533,2
0.042,0.77,0
0.244,0.446,0
0.094,0.816,0
0.475,0.683,0
0.436,0.727,0
0.288,0.486,0
0.516,0.017,3
0.281,0.512,0
0.493,0.656,0
0.987,0.542,4
0.074,0.858,0
0.475,0.705,0
0.054,0.728,0
0.082,0.787,0
0.297,0.519,0
0.962,0.514,1
0.273,0.487,0
0.936,0.6,4
0.446,0.64,0
0.963,0.528,1
0.278,0.494,0
0.252,0.453,0
0.456,0.077,3
0.241,0.471,0
0.88,0.488,1
0.424,0.093,3
0.446,0.698,0
0.21,0.503,0
0.267,0.508,0
1.002,0.556,4
0.093,0.786,0
0.218,0.534,0
0.524,0.092,3
0.024,0.789,0
0.076,0.729,0
0.309,0.445,0
0.425,0.718,0
0.207,0.455,0
0.492,0.085,3
0.239,0.524,0
0.565,0.068,3
1.004,0.555,4
0.235,0.49,0
0.101,0.704,0
0.988,0.612,4
0.018,0.842,0
0.938,0.544,1
0.249,0.488,0
0.251,0.452,0
0.273,0.532,0
0.507,0.048,3
0.065,0.728,0
0.241,0.538,0
0.109,0.726,0
0.001,0.765,0
0.023,0.779,0
0.552,0.131,3
0.128,0.805,0
0.998,0.557,4
0.099,0.813,0
0.461,0.729,0
0.525,0.132,3
0.05,0.736,0
0.412,0.736,0
0.412,0.805,0
0.464,0.717,0
0.963,0.603,4
0.483,0.106,3
0.531,0.069,3
0.554,0.09,3
0.478,0.003,3
1.063,0.571,4
0.56,0.098,3
0.501,0.038,3
0.474,0.111,3
0.487,0.114,3
0.44,0.727,0
0.518,0.033,3
0.039,0.727,0
0.395,0.779,0
0.105,0.757,0
0.988,0.541,4
0.538,0.051,3
0.092,0.738,0
0.938,0.598,4
0.507,0.099,3
1.008,0.532,2
0.102,0.751,0
0.22,0.494,0
0.524,0.102,3
0.38,0.698,0
0.095,0.834,0
0.592,0.042,3
0.993,0.568,4
0.474,0.013,3
0.484,0.126,3
0.459,0.03,3
0.467,0.078,3
0.518,0.156,3
0.243,0.49,0
0.279,0.519,0
0.973,0.461,2
0.417,0.719,0
0.44,0.759,0
0.401,0.702,0
0.31,0.497,0
0.427,0.118,3
0.185,0.47,0
0.241,0.541,0
0.496,0.023,3
0.09,0.793,0
1.003,0.573,4
0.104,0.774,0
0.474,0.054,3
0.991,0.534,2
0.985,0.558,4
0.49,0.776,0
0.044,0.777,0
0.251,0.547,0
0.266,0.416,0
0.423,0.675,0
0.439,0.804,0
0.993,0.53,2
0.061,0.823,0
0.286,0.474,0
0.303,0.477,0
0.423,0.641,0
0.463,0.697,0
0.45,0.665,0
0.91,0.541,1
0.951,0.532,1
0.391,0.681,0
0.189,0.491,0
0.233,0.546,0
1,0.495,2
0.308,0.457,0
0.938,0.565,1
0.239,0.482,0
0.224,0.462,0
0.074,0.784,0
0.922,0.559,1
0.436,0.057,3
0.472,0.752,0
0.229,0.442,0
0.448,0.744,0
0.412,0.114,3
0.277,0.464,0
0.076,0.76,0
0.257,0.456,0
0.281,0.516,0
0.218,0.556,0
0.387,0.756,0
0.48,0.737,0
0.44,0.688,0
0.092,0.778,0
0.34,0.498,0
0.974,0.472,2
0.425,0.62,0
0.068,0.77,0
0.946,0.522,1
0.982,0.553,4
0.264,0.537,0
0.268,0.437,0
0.466,0.798,0
0.445,0.119,3
0.092,0.775,0
0.426,0.711,0
0.073,0.732,0
0.439,0.682,0
0.507,0.664,0
1.026,0.552,4
0.441,0.103,3
0.523,0.088,3
0.301,0.542,0
0.255,0.547,0
0.978,0.491,2
0.214,0.523,0
0.441,0.671,0
0.442,0.732,0
0.286,0.487,0
0.979,0.467,2
0.427,0.658,0
0.528,0.014,3
0.468,0.696,0
0.317,0.545,0
0.446,0.68,0
0.112,0.791,0
0.274,0.477,0
0.459,0.118,3
0.252,0.529,0
0.094,0.813,0
0.274,0.529,0
1.023,0.573,4
0.431,0.053,3
0.504,0.047,3
0.255,0.592,0
0.338,0.499,0
0.416,0.744,0
0.503,0.033,3
0.058,0.834,0
0.455,0.738,0
0.977,0.488,2
0.474,0.743,0
0.058,0.798,0
0.579,0.061,3
0.506,0.082,3
0.956,0.591,4
0.098,0.758,0
0.997,0.5,2
0.035,0.849,0
0.925,0.538,1
0.553,0.068,3
0.101,0.759,0
0.48,0.789,0
0.079,0.863,0
0.011,0.759,0
0.33,0.578,0
0.461,0.144,3
0.562,0.055,3
0.342,0.462,0
0.296,0.525,0
0.454,0.715,0
0.252,0.467,0
0.496,0.743,0
0.115,0.746,0
0.239,0.412,0
0.04,0.742,0
0.482,0.792,0
0.495,0.024,3
1.098,0.435,2
0.471,0.69,0
0.1,0.769,0
0.108,0.814,0
0.084,0.815,0
1.003,0.538,2
0.96,0.55,1
0.116,0.784,0
0.287,0.467,0
0.942,0.501,1
0.095,0.792,0
0.443,0.718,0
0.023,0.703,0
0.064,0.717,0
0.383,0.683,0
0.961,0.48,2
0.494,0.038,3
0.273,0.487,0
0.484,0.001,3
0.098,0.764,0
0.504,0.098,3
0.525,0.087,3
0.561,0.059,3
0.016,0.754,0
0.492,0.716,0
0.441,0.135,3
0.392,0.708,0
0.499,0.097,3
0.463,0.002,3
0.943,0.553,1
0.291,0.541,0
1.016,0.583,4
0.462,0.075,3
0.533,0.089,3
0.999,0.517,2
1.009,0.497,2
0.091,0.724,0
0.385,0.731,0
0.507,0.71,0
0.138,0.797,0
0.529,0.739,0
0.544,0.734,0
0.285,0.538,0
0.247,0.477,0
0.518,0.052,3
0.27,0.536,0
0.257,0.577,0
0.423,0.678,0
0.456,0.692,0
0.927,0.505,1
0.512,0.043,3
0.434,0.756,0
0.062,0.801,0
0.5,0.052,3
0.285,0.551,0
0.386,0.684,0
0.241,0.524,0
0.028,0.764,0
0.428,0.7,0
0.458,0.716,0
0.945,0.551,1
0.978,0.564,4
0.148,0.725,0
0.471,0.74,0
0.516,0.668,0
0.466,0.717,0
0.427,0.703,0
0.959,0.481,2
0.411,0.67,0
0.921,0.54,1
0.476,0.121,3
0.283,0.555,0
0.049,0.766,0
0.443,0.085,3
0.983,0.579,4
0.394,0.67,0
0.496,0.714,0
0.444,0.762,0
0.566,0.068,3
0.419,0.789,0
0.259,0.469,0
0.261,0.48,0
0.476,0.702,0
0.493,0.739,0
0.085,0.814,0
0.514,0.055,3
0.399,0.747,0
0.292,0.474,0
0.495,0.107,3
1.008,0.564,4
1.006,0.56,4
0.426,0.696,0
0.233,0.483,0
0.251,0.525,0
0.333,0.814,0
0.449,0.117,3
1.01,0.579,4
0.429,0.708,0
0.309,0.477,0
0.276,0.471,0
0.397,0.674,0
0.336,0.497,0
0.54,0.088,3
0.1,0.74,0
0.395,0.772,0
0.999,0.533,2
0.908,0.493,1
0.305,0.536,0
0.268,0.509,0
0.219,0.465,0
0.546,0.053,3
0.024,0.825,0
0.387,0.699,0
0.374,0.652,0
0.127,0.833,0
0.527,0.023,3
0.065,0.777,0
0.031,0.807,0
0.385,0.737,0
0.236,0.477,0
1.019,0.533,2
0.292,0.554,0
0.515,0.697,0
0.496,0.069,3
0.15,0.793,0
0.235,0.449,0
0.428,0.713,0
0.456,0.739,0
0.533,0.061,3
0.467,0.106,3
0.243,0.478,0
0.185,0.528,0
0.946,0.519,1
0.284,0.543,0
0.955,0.453,2
0.477,0.026,3
0.341,0.548,0
0.281,0.521,0
0.277,0.491,0
0.311,0.436,0
0.013,0.79,0
0.397,0.721,0
0.449,0.688,0
0.945,0.585,1
0.926,0.608,1
0.224,0.418,0
0.069,0.813,0
0.439,0.654,0
1.016,0.639,4
0.436,0.761,0
0.055,0.808,0
0.978,0.569,4
0.227,0.526,0
0.086,0.75,0
0.094,0.784,0
0.485,0.055,3
0.302,0.491,0
0.285,0.484,0
0.49,0.096,3
0.987,0.504,2
0.105,0.741,0
0.056,0.726,0
0.933,0.559,1
0.961,0.582,4
0.244,0.491,0
0.553,0.144,3
0.152,0.778,0
0.474,0.097,3
0.068,0.771,0
0.472,0.048,3
0.535,0.004,3
0.075,0.837,0
0.462,0.099,3
0.955,0.481,2
0.973,0.54,1
0.308,0.511,0
0.511,0.077,3
0.429,0.082,3
0.106,0.758,0
0.424,0.121,3
0.407,0.732,0
0.378,0.736,0
0.999,0.6,4
1.011,0.501,2
0.952,0.475,2
0.45,0.677,0
0.337,0.493,0
0.447,0.078,3
0.048,0.726,0
0.265,0.521,0
0.401,0.685,0
0.211,0.486,0
0.954,0.552,1
0.939,0.546,1
1.006,0.531,2
0.499,0.083,3
0.436,0.736,0
0.083,0.782,0
0.532,0.077,3
0.278,0.488,0
0.501,0.077,3
0.138,0.696,0
0.551,0.088,3
0.278,0.512,0
0.942,0.546,1
0.245,0.608,0
0.985,0.601,4
0.953,0.52,1
0.546,0.093,3
0.955,0.623,4
1.037,0.528,2
0.411,0.765,0
0.515,0.144,3
0.542,0.03,3
0.944,0.566,1
0.418,0.778,0
0.057,0.784,0
0.406,0.743,0
0.431,0.764,0
0.298,0.464,0
0.408,0.767,0
1.025,0.571,4
0.236,0.506,0
0.514,0.081,3
0.026,0.812,0
0.033,0.735,0
0.446,0.673,0
0.264,0.513,0
0.477,0.704,0
0.979,0.52,2
0.481,0.119,3
0.366,0.088,3
0.507,0.056,3
0.465,0.109,3
0.122,0.813,0
0.507,0.697,0
0.076,0.742,0
1.037,0.535,2
0.959,0.592,4
0.102,0.765,0
0.972,0.514,2
0.338,0.821,0
0.27,0.551,0
0.449,0.076,3
0.439,0.727,0
0.572,0.051,3
0.422,0.783,0
0.481,0.111,3
0.443,0.691,0
0.492,0.049,3
0.449,0.778,0
0.068,0.766,0
0.391,0.746,0
0.999,0.504,2
1.018,0.508,2
0.293,0.463,0
0.481,0.711,0
0.956,0.542,1
0.049,0.756,0
0.235,0.507,0
1.075,0.59,4
0.529,0.143,3
0.391,0.778,0
0.469,0.705,0
0.059,0.809,0
0.234,0.438,0
0.501,0.026,3
0.155,0.708,0
0.507,0.044,3
0.092,0.755,0
0.246,0.516,0
0.553,0.072,3
0.039,0.809,0
0.471,0.076,3
0.441,0.676,0
0.495,0.084,3
0.25,0.452,0
0.419,0.8,0
0.091,0.773,0
0.5,0.088,3
0.442,0.676,0
0.06,0.827,0
0.059,0.812,0
0.474,0.711,0
0.136,0.789,0
0.943,0.453,2
1.01,0.491,2
0.488,0.72,0
0.441,0.746,0
0.432,0.768,0
0.509,0.082,3
0.26,0.501,0
1.003,0.547,4
0.519,0.005,3
0.391,0.639,0
0.404,0.689,0
0.472,0.743,0
0.419,0.705,0
0.53,0.003,3
1.038,0.531,2
0.076,0.713,0
0.149,0.779,0
0.492,0.048,3
0.475,0.142,3
1.021,0.5,2
0.973,0.573,4
0.492,0.004,3
0.441,0.648,0
0.479,0.128,3
0.252,0.473,0
0.308,0.478,0
0.055,0.755,0
0.539,0.017,3
0.345,0.763,0
0.508,0.132,3
0.286,0.47,0
0.29,0.476,0
0.07,0.779,0
0.98,0.636,4
1.047,0.567,4
0.002,0.727,0
0.934,0.486,1
0.946,0.59,4
0.98,0.537,2
0.061,0.775,0
0.418,0.704,0
0.367,0.655,0
0.513,0.146,3
0.298,0.523,0
0.165,0.723,0
0.487,0.133,3
0.217,0.5,0
0.392,0.724,0
0.224,0.483,0
0.476,0.024,3
0.216,0.594,0
0.234,0.44,0
0.442,0.601,0
0.34,0.473,0
0.941,0.536,1
0.212,0.527,0
0.068,0.796,0
0.979,0.542,4
0.315,0.565,0
1.021,0.516,2
0.132,0.734,0
0.572,0.112,3
0.328,0.428,0
0.274,0.55,0
0.468,0.076,3
0.248,0.514,0
1.038,0.563,4
0.466,0.025,3
1.015,0.497,2
0.093,0.774,0
1.032,0.596,4
1.01,0.622,4
0.087,0.735,0
0.976,0.598,4
0.448,0.73,0
0.409,0.691,0
0.111,0.799,0
0.207,0.451,0
0.257,0.47,0
0.082,0.801,0
0.294,0.507,0
0.056,0.787,0
1.006,0.574,4
0.523,0.166,3
0.266,0.539,0
0.489,0.141,3
0.483,0.721,0
0.959,0.519,1
0.103,0.747,0
0.264,0.559,0
0.309,0.516,0
0.004,0.806,0
0.502,0.027,3
0.436,0.721,0
0.522,0.049,3
0.303,0.519,0
0.383,0.716,0
1.012,0.551,4
0.231,0.54,0
0.305,0.484,0
0.421,0.084,3
0.518,0.145,3
0.273,0.58,0
0.173,0.718,0
0.421,0.118,3
0.248,0.511,0
0.498,0.077,3
0.089,0.794,0
0.272,0.483,0
0.103,0.798,0
0.051,0.74,0
1.002,0.504,2
0.244,0.446,0
0.51,0.06,3
0.235,0.461,0
0.505,0.099,3
0.511,0.062,3
0.07,0.791,0
0.279,0.471,0
1.006,0.542,4
0.464,0.761,0
0.457,0.731,0
0.264,0.534,0
0.31,0.474,0
0.96,0.515,1
0.125,0.799,0
0.25,0.526,0
0.102,0.737,0
0.462,0.749,0
0.115,0.757,0
0.96,0.638,4
0.516,0.059,3
0.427,0.696,0
0.499,0.039,3
0.295,0.528,0
0.138,0.719,0
0.899,0.532,1
0.522,0.704,0
0.247,0.533,0
0.513,0.023,3
0.393,0.751,0
0.969,0.541,1
0.372,0.711,0
0.949,0.518,1
0.503,0.749,0
0.1,0.706,0
0.242,0.554,0
0.469,0.708,0
0.421,0.664,0
1.031,0.528,2
0.455,0.05,3
0.477,0.712,0
0.941,0.617,4
0.045,0.796,0
0.928,0.525,1
0.897,0.538,1
0.117,0.764,0
0.468,0.775,0
0.295,0.471,0
0.994,0.566,4
0.124,0.777,0
0.959,0.503,1
0.451,0.732,0
0.416,0.678,0
0.275,0.573,0
0.441,0.072,3
1.002,0.495,2
0.282,0.482,0
0.47,0.139,3
0.335,0.733,0
0.025,0.807,0
0.233,0.499,0
0.954,0.566,1
0.243,0.446,0
0.086,0.835,0
0.216,0.45,0
0.444,0.684,0
0.09,0.865,0
0.303,0.413,0
0.912,0.506,1
0.093,0.784,0
0.95,0.564,1
0.463,0.146,3
0.403,0.684,0
0.251,0.5,0
0.373,0.689,0
0.449,0.039,3
0.096,0.792,0
0.372,0.777,0
0.453,0.099,3
0.468,0.763,0
0.462,0.739,0
0.522,0.019,3
0.075,0.829,0
0.307,0.498,0
0.287,0.525,0
0.458,0.677,0
0.268,0.498,0
0.537,0.085,3
0.441,0.729,0
0.184,0.52,0
0.427,0.703,0
0.505,0.074,3
0.314,0.489,0
0.455,0.051,3
0.522,0.11,3
0.128,0.749,0
0.481,0.12,3
0.531,0.055,3
0.264,0.441,0
0.089,0.747,0
0.217,0.489,0
0.402,0.774,0
0.266,0.5,0
0.191,0.537,0
0.445,0.753,0
1.045,0.57,4
0.973,0.556,4
0.927,0.564,1
0.315,0.597,0
0.455,0.713,0
0.467,0.095,3
0.049,0.796,0
0.972,0.612,4
0.957,0.519,1
0.952,0.492,1
0.564,0.114,3
0.308,0.51,0
0.535,0.068,3
0.039,0.865,0
0.476,0.059,3
0.475,0.098,3
0.479,0.055,3
0.199,0.477,0
0.502,0.064,3
0.053,0.759,0
0.115,0.775,0
0.226,0.512,0
0.039,0.722,0
0.21,0.454,0
0.062,0.774,0
0.992,0.587,4
0.946,0.529,1
0.478,0.088,3
0.554,0.103,3
0.463,0.734,0
0.416,0.117,3
0.938,0.568,1
0.066,0.839,0
0.346,0.494,0
1.01,0.542,4
0.907,0.556,1
0.529,0.151,3
0.443,0.707,0
0.445,0.704,0
0.103,0.743,0
0.489,0.074,3
0.298,0.382,0
0.255,0.453,0
0.989,0.52,2
0.225,0.54,0
0.455,0.026,3
0.019,0.772,0
0.104,0.792,0
0.98,0.455,2
0.4,0.733,0
0.126,0.806,0
0.303,0.57,0
0.093,0.841,0
0.427,0.692,0
0.51,0.1,3
0.237,0.471,0
0.092,0.805,0
0.469,0.106,3
0.486,0.739,0
0.51,0.067,3
0.979,0.528,2
1.009,0.572,4
0.52,0.704,0
0.605,0.09,3
0.461,0.765,0
0.429,0.807,0
0.933,0.52,1
0.076,0.754,0
0.131,0.832,0
0.244,0.409,0
0.103,0.832,0
0.07,0.811,0
0.469,0.736,0
0.386,0.786,0
0.065,0.759,0
0.389,0.838,0
0.96,0.517,1
0.968,0.413,2
0.94,0.568,1
0.556,0.019,3
0.449,0.715,0
0.983,0.463,2
0.483,0.055,3
0.395,0.702,0
0.521,0.092,3
0.116,0.772,0
0.468,0.09,3
0.407,0.712,0
0.284,0.467,0
0.485,0.084,3
0.499,0.068,3
0.494,0.065,3
0.489,0.674,0
0.292,0.482,0
0.549,0.129,3
0.284,0.552,0
0.556,0.069,3
0.319,0.515,0
0.091,0.788,0
0.958,0.444,2
0.505,0.13,3
0.286,0.488,0
1.001,0.546,4
0.239,0.5,0
0.991,0.579,4
0.416,0.722,0
0.097,0.819,0
0.952,0.568,1
0.527,0.149,3
0.533,0.089,3
0.503,0.075,3
0.472,0.781,0
0.537,0.092,3
1.06,0.529,2
0.553,0.035,3
0.533,0.059,3
0.502,0.113,3
0.487,0.075,3
0.959,0.48,2
0.454,0.683,0
0.46,0.732,0
0.957,0.482,2
0.293,0.568,0
0.214,0.505,0
1.027,0.602,4
0.528,0.025,3
0.975,0.593,4
0.941,0.539,1
0.333,0.497,0
0.273,0.535,0
0.314,0.566,0
0.462,0.707,0
0.538,0.751,0
0.459,0.693,0
0.258,0.454,0
0.432,0.129,3
0.514,0.802,0
0.54,0.029,3
0.271,0.492,0
0.428,0.094,3
0.442,0.793,0
0.414,0.081,3
0.25,0.49,0
0.954,0.535,1
0.523,0.082,3
0.35,0.771,0
0.133,0.73,0
0.488,0.724,0
0.423,0.698,0
0.094,0.792,0
0.941,0.527,1
0.413,0.738,0
0.542,0.056,3
0.518,0.001,3
0.419,0.705,0
0.028,0.775,0
0.078,0.718,0
0.994,0.549,4
0.129,0.716,0
1.003,0.536,2
0.935,0.527,1
0.477,0.005,3
0.019,0.763,0
0.451,0.752,0
0.22,0.467,0
0.254,0.533,0
0.985,0.566,4
1.064,0.514,2
0.079,0.866,0
0.966,0.504,2
0.437,0.708,0
0.517,0.026,3
0.401,0.711,0
0.245,0.527,0
0.479,0.729,0
0.285,0.454,0
0.292,0.384,0
1.008,0.508,2
0.537,0.01,3
0.017,0.789,0
0.408,0.76,0
0.285,0.5,0
0.27,0.487,0
0.452,0.723,0
0.036,0.796,0
0.234,0.557,0
0.533,0.05,3
0.459,0.096,3
0.05,0.839,0
0.462,0.698,0
0.498,0.076,3
0.274,0.48,0
0.083,0.792,0
0.284,0.549,0
0.278,0.479,0
0.428,0.069,3
0.511,0.751,0
0.423,0.758,0
0.216,0.469,0
0.138,0.755,0
0.073,0.793,0
0.459,0.726,0
0.072,0.739,0
0.299,0.525,0
0.429,0.783,0
0.431,0.674,0
0.31,0.562,0
0.481,0.673,0
0.006,0.75,0
0.417,0.716,0
0.948,0.568,1
0.267,0.53,0
0.974,0.523,2
0.423,0.756,0
0.477,0.71,0
0.966,0.528,1
0.444,0.687,0
1.001,0.519,2
0.992,0.522,2
0.428,0.724,0
0.563,0.035,3
0.412,0.694,0
0.451,0.686,0
0.431,0.738,0
0.922,0.601,1
0.518,0.723,0
0.465,0.069,3
0.525,0.756,0
0.488,0.065,3
0.468,0.746,0
0.423,0.73,0
0.205,0.457,0
0.461,0.697,0
0.465,0.765,0
0.48,0.062,3
0.495,0.758,0
0.47,0.707,0
0.485,0.058,3
0.455,0.732,0
0.477,0.079,3
0.939,0.52,1
0.989,0.534,2
0.337,0.534,0
0.154,0.412,0
0.475,0.097,3
0.252,0.535,0
0.485,0.011,3
0.596,0.055,3
0.115,0.765,0
1.021,0.442,2
0.485,0.074,3
0.525,0.134,3
0.496,0.133,3
0.072,0.809,0
0.942,0.538,1
0.431,0.76,0
0.066,0.776,0
0.482,0.011,3
0.088,0.755,0
0.496,0.636,0
0.422,0.655,0
0.144,0.793,0
0.025,0.775,0
0.391,0.632,0
0.482,0.748,0
0.257,0.474,0
0.455,0.78,0
0.157,0.793,0
0.928,0.523,1
0.311,0.577,0
0.394,0.729,0
0.503,0.032,3
0.943,0.552,1
0.05,0.781,0
0.101,0.815,0
0.452,0.708,0
0.536,0.118,3
0.456,0.075,3
0.216,0.461,0
0.106,0.783,0
0.992,0.617,4
0.534,0.698,0
0.294,0.512,0
0.522,0.039,3
0.349,0.482,0
0.502,0.011,3
0.911,0.551,1
0.461,0.731,0
0.03,0.687,0
1.007,0.531,2
0.245,0.569,0
0.243,0.576,0
0.926,0.566,1
0.084,0.748,0
0.951,0.562,1
0.305,0.494,0
0.47,0.747,0
0.05,0.784,0
0.063,0.807,0
0.085,0.756,0
0.491,0.113,3
0.455,0.091,3
0.261,0.532,0
0.056,0.898,0
0.037,0.805,0
0.435,0.083,3
0.018,0.793,0
1,0.447,2
0.031,0.844,0
0.471,0.719,0
0.544,0.053,3
0.278,0.514,0
0.908,0.508,1
0.057,0.815,0
0.119,0.711,0
0.402,0.705,0
0.083,0.718,0
0.073,0.755,0
0.983,0.611,4
0.534,0.04,3
0.268,0.459,0
0.122,0.781,0
0.1,0.77,0
0.339,0.453,0
0.996,0.498,2
0.5,0.049,3
0.325,0.477,0
0.324,0.503,0
0.419,0.765,0
0.974,0.554,4
0.938,0.557,1
0.481,0.051,3
0.501,0.027,3
0.466,0.12,3
0.087,0.795,0
0.403,0.736,0
0.231,0.601,0
1.024,0.561,4
0.987,0.541,4
1.068,0.528,2
0.049,0.819,0
0.116,0.795,0
0.94,0.48,1
0.42,0.793,0
0.405,0.721,0
0.96,0.447,2
0.42,0.741,0
0.997,0.543,4
0.458,0.754,0
0.217,0.488,0
0.462,0.694,0
0.509,0.057,3
0.055,0.763,0
0.53,0.018,3
0.049,0.785,0
0.505,0.764,0
0.454,0.627,0
0.944,0.527,1
0.34,0.539,0
0.44,0.706,0
0.986,0.565,4
0.339,0.599,0
1.102,0.51,2
0.416,0.743,0
0.077,0.768,0
0.231,0.51,0
0.104,0.858,0
0.135,0.767,0
0.943,0.555,1
0.441,0.089,3
0.259,0.452,0
0.473,0.721,0
0.325,0.501,0
0.405,0.657,0
0.983,0.517,2
0.498,0.101,3
0.541,0.008,3
0.23,0.497,0
0.427,0.773,0
0.214,0.537,0
0.503,0.144,3
0.096,0.751,0
0.469,0.735,0
0.471,0.718,0
0.242,0.505,0
0.49,0.066,3
0.506,0.721,0
0.492,0.105,3
0.554,0.148,3
0.129,0.705,0
0.252,0.547,0
0.419,0.769,0
0.053,0.768,0
0.209,0.469,0
0.249,0.474,0
0.533,0.032,3
0.473,0.073,3
0.264,0.523,0
0.001,0.781,0
0.388,0.486,0
0.45,0.704,0
0.263,0.582,0
0.463,0.096,3
0.003,0.778,0
0.244,0.523,0
0.448,0.001,3
0.019,0.801,0
0.047,0.75,0
0.438,0.735,0
0.95,0.48,2
0.291,0.538,0
0.401,0.737,0
0.421,0.721,0
0.309,0.516,0
0.983,0.553,4
0.446,0.677,0
0.535,0.052,3
0.055,0.791,0
0.453,0.065,3
0.402,0.743,0
0.339,0.459,0
0.508,0.683,0
0.435,0.781,0
0.321,0.469,0
0.93,0.518,1
0.963,0.49,2
1.018,0.598,4
0.968,0.594,4
0.039,0.802,0
1.031,0.598,4
0.308,0.571,0
0.221,0.578,0
0.373,0.723,0
0.524,0.086,3
1.017,0.506,2
0.452,0.697,0
0.49,0.024,3
0.045,0.774,0
0.064,0.833,0
0.027,0.747,0
0.962,0.552,1
0.416,0.719,0
0.225,0.443,0
0.347,0.668,0
0.03,0.772,0
0.533,0.062,3
0.255,0.508,0
0.948,0.545,1
0.297,0.484,0
0.334,0.491,0
0.042,0.823,0
0.501,0.7,0
0.42,0.695,0
0.045,0.703,0
0.088,0.779,0
0.494,0.106,3
0.35,0.814,0
0.13,0.756,0
0.518,0.07,3
0.426,0.712,0
0.447,0.719,0
0.427,0.681,0
0.524,0.051,3
0.413,0.747,0
0.062,0.751,0
0.297,0.535,0
0.437,0.616,0
0.155,0.799,0
0.535,0.091,3
0.463,0.675,0
0.493,0.09,3
0.281,0.554,0
0.056,0.76,0
0.46,0.727,0
0.118,0.753,0
0.433,0.668,0
0.019,0.831,0
0.09,0.815,0
0.411,0.686,0
0.225,0.481,0
0.029,0.815,0
0.276,0.438,0
0.436,0.735,0
0.049,0.724,0
0.367,0.478,0
0.456,0.725,0
1.004,0.472,2
0.252,0.488,0
0.328,0.504,0
0.525,0.751,0
0.523,0.075,3
0.228,0.517,0
0.13,0.802,0
0.995,0.528,2
0.27,0.54,0
0.484,0.769,0
0.49,0.066,3
0.541,0.072,3
0.229,0.432,0
0.341,0.423,0
0.275,0.521,0
0.505,0.037,3
0.96,0.567,4
0.926,0.489,1
0.493,0.046,3
0.484,0.727,0
0.469,0.115,3
0.525,0.042,3
0.424,0.084,3
0.442,0.139,3
0.024,0.744,0
1.022,0.513,2
0.926,0.543,1
0.06,0.779,0
0.442,0.808,0
0.472,0.704,0
0.242,0.53,0
0.978,0.488,2
0.014,0.775,0
0.083,0.828,0
0.526,0.153,3
0.987,0.482,2
0.43,0.758,0
1.031,0.516,2
0.44,0.123,3
0.529,0.037,3
0.509,0.074,3
0.529,0.083,3
0.046,0.792,0
1.035,0.555,4
0.073,0.84,0
0.54,0.174,3
0.125,0.809,0
0.014,0.771,0
0.927,0.57,1
0.045,0.724,0
0.478,0.089,3
0.442,0.767,0
0.513,0.078,3
0.55,0.101,3
0.895,0.551,1
0.449,0.061,3
0.438,0.673,0
0.314,0.525,0
0.955,0.517,1
0.477,0.726,0
0.463,0.11,3
0.286,0.455,0
0.958,0.524,1
0.603,0.086,3
0.905,0.526,1
0.541,0.156,3
0.097,0.796,0
0.12,0.84,0
0.393,0.76,0
0.282,0.528,0
0.058,0.796,0
0.224,0.443,0
0.482,0.119,3
0.949,0.57,1
1.009,0.533,2
0.028,0.764,0
0.42,0.059,3
0.105,0.742,0
1.045,0.514,2
0.094,0.76,0
0.441,0.112,3
0.33,0.566,0
0.271,0.513,0
0.449,0.786,0
0.392,0.689,0
1.007,0.537,2
0.944,0.498,1
0.395,0.771,0
0.127,0.868,0
0.22,0.487,0
0.044,0.812,0
0.035,0.769,0
0.543,0.008,3
0.563,0.081,3
0.488,0.734,0
0.357,0.716,0
0.52,0.06,3
0.918,0.545,1
0.308,0.437,0
0.318,0.54,0
0.925,0.556,1
0.234,0.486,0
0.099,0.751,0
0.015,0.715,0
0.406,0.735,0
0.97,0.539,1
0.972,0.526,2
0.12,0.857,0
0.584,0.018,3
0.361,0.719,0
0.956,0.474,2
1.02,0.54,2
0.407,0.684,0
0.486,0.673,0
0.49,0.77,0
0.98,0.627,4
0.967,0.576,4
0.446,0.651,0
1.008,0.582,4
0.443,0.005,3
0.45,0.772,0
0.272,0.535,0
0.423,0.72,0
0.434,0.769,0
0.04,0.842,0
0.49,0.701,0
0.516,0.125,3
0.446,0.725,0
0.252,0.46,0
0.447,0.671,0
0.922,0.562,1
0.961,0.463,2
0.493,0.167,3
0.921,0.506,1
0.38,0.512,0
0.998,0.542,4
0.026,0.726,0
0.926,0.587,1
0.475,0.815,0
0.422,0.088,3
0.259,0.482,0
0.035,0.733,0
0.489,0.099,3
0.434,0.774,0
0.951,0.54,1
0.29,0.506,0
1.077,0.587,4
0.508,0.071,3
0.528,0.076,3
0.206,0.506,0
0.481,0.762,0
0.027,0.802,0
0.05,0.793,0
0.963,0.556,1
0.932,0.55,1
0.016,0.787,0
0.022,0.819,0
0.213,0.532,0
0.992,0.549,4
0.553,0.149,3
0.415,0.783,0
0.486,0.049,3
0.481,0.019,3
0.216,0.493,0
0.008,0.768,0
0.537,0.061,3
0.067,0.773,0
1.001,0.545,4
0.521,0.085,3
0.407,0.698,0
0.395,0.717,0
0.971,0.528,1
0.444,0.74,0
0.401,0.733,0
0.533,0.001,3
0.251,0.458,0
0.545,0.062,3
0.994,0.555,4
0.274,0.529,0
0.53,0.011,3
0.085,0.793,0
0.08,0.865,0
0.255,0.465,0
0.978,0.622,4
1.073,0.535,2
0.254,0.471,0
0.071,0.804,0
0.044,0.728,0
0.079,0.833,0
0.364,0.49,0
0.022,0.761,0
0.054,0.81,0
0.257,0.473,0
0.48,0.082,3
0.954,0.543,1
0.214,0.506,0
0.074,0.706,0
0.062,0.832,0
0.464,0.112,3
0.477,0.096,3
0.411,0.785,0
0.967,0.594,4
0.503,0.06,3
0.499,0.054,3
0.442,0.716,0
0.582,0.105,3
0.037,0.803,0
0.926,0.493,1
0.448,0.094,3
0.901,0.568,1
0.058,0.815,0
0.979,0.555,4
0.285,0.43,0
0.53,0.096,3
0.474,0.712,0
0.522,0.078,3
0.88,0.522,1
0.963,0.594,4
0.044,0.909,0
0.536,0.024,3
0.072,0.735,0
0.422,0.741,0
0.216,0.541,0
0.088,0.781,0
0.508,0.086,3
1.028,0.513,2
0.409,0.739,0
0.068,0.758,0
0.062,0.832,0
0.28,0.539,0
0.921,0.532,1
0.343,0.574,0
0.05,0.806,0
0.202,0.466,0
0.426,0.648,0
0.088,0.829,0
0.501,0.036,3
0.44,0.057,3
0.372,0.172,3
0.266,0.544,0
0.514,0.765,0
0.043,0.819,0
0.523,0.061,3
0.493,0.066,3
0.427,0.736,0
0.488,0.106,3
0.096,0.742,0
1.025,0.492,2
0.118,0.819,0
0.316,0.415,0
0.453,0.701,0
0.086,0.754,0
0.465,0.033,3
0.418,0.715,0
0.424,0.67,0
0.272,0.451,0
0.2,0.521,0
0.269,0.571,0
0.418,0.708,0
0.341,0.669,0
0.031,0.759,0
0.238,0.478,0
0.544,0.102,3
1.016,0.488,2
0.013,0.683,0
0.589,0.14,3
0.195,0.481,0
0.317,0.51,0
0.272,0.507,0
0.455,0.686,0
0.109,0.811,0
0.305,0.48,0
0.532,0.039,3
0.039,0.796,0
0.273,0.432,0
0.455,0.697,0
0.372,0.693,0
0.109,0.784,0
0.123,0.798,0
0.518,0.048,3
0.056,0.824,0
0.313,0.475,0
0.432,0.729,0
0.479,0.053,3
0.292,0.489,0
0.404,0.688,0
0.06,0.817,0
0.531,0.099,3
0.446,0.054,3
0.494,0.123,3
0.986,0.463,2
0.512,0.053,3
0.505,0.139,3
0.941,0.561,1
0.439,0.76,0
0.458,0.04,3
0.471,0.749,0
1.003,0.509,2
0.963,0.535,1
0.377,0.681,0
0.101,0.8,0
0.088,0.732,0
0.435,0.752,0
0.468,0.774,0
0.217,0.566,0
0.441,0.691,0
0.451,0.007,3
0.036,0.786,0
0.945,0.466,2
0.083,0.793,0
0.215,0.519,0
0.395,0.625,0
0.926,0.527,1
1.03,0.559,4
0.956,0.609,4
0.917,0.422,1
0.059,0.751,0
0.492,0.064,3
0.413,0.766,0
0.095,0.8,0
0.218,0.454,0
0.432,0.039,3
0.424,0.689,0
0.249,0.49,0
1.029,0.471,2
0.441,0.718,0
0.204,0.505,0
0.067,0.827,0
0.388,0.759,0
0.495,0.083,3
0.515,0.074,3
0.053,0.805,0
0.09,0.804,0
0.5,0.683,0
0.307,0.57,0
0.49,0.692,0
1.085,0.501,2
0.518,0.089,3
0.526,0.065,3
0.027,0.785,0
0.012,0.849,0
0.247,0.529,0
0.589,0.065,3
0.522,0.023,3
0.138,0.793,0
0.417,0.693,0
0,0.8,0
0.029,0.793,0
0.499,0.015,3
0.252,0.446,0
0.321,0.523,0
0.116,0.778,0
0.997,0.589,4
0.424,0.682,0
0.999,0.61,4
0.416,0.759,0
0.012,0.802,0
0.94,0.534,1
0.963,0.508,2
0.433,0.733,0
0.962,0.582,4
0.262,0.528,0
0.98,0.515,2
0.274,0.498,0
0.429,0.726,0
0.29,0.481,0
0.44,0.765,0
0.108,0.812,0
0.033,0.756,0
1.024,0.472,2
0.998,0.445,2
0.248,0.539,0
0.456,0.728,0
0.052,0.864,0
0.038,0.829,0
0.513,0.025,3
0.989,0.53,2
0.515,0.05,3
0.949,0.569,1
0.529,0.075,3
0.992,0.49,2
0.364,0.479,0
0.454,0.672,0
0.469,0.733,0
0.505,0.074,3
0.542,0.052,3
0.486,0.69,0
0.326,0.802,0
1.019,0.556,4
0.995,0.544,4
0.487,0.052,3
0.216,0.45,0
0.057,0.801,0
0.269,0.511,0
0.056,0.746,0
0.517,0.075,3
0.972,0.481,2
0.469,0.778,0
0.942,0.605,4
0.943,0.496,1
0.192,0.457,0
0.978,0.576,4
0.308,0.47,0
0.386,0.737,0
0.061,0.746,0
0.536,0.737,0
0.467,0.692,0
0.262,0.491,0
0.117,0.791,0
1.002,0.531,2
0.497,0.022,3
0.326,0.404,0
0.128,0.793,0
0.059,0.733,0
0.098,0.742,0
0.3,0.516,0
0.257,0.451,0
0.448,0.714,0
0.421,0.72,0
0.203,0.475,0
0.529,0.065,3
0.421,0.659,0
0.505,0.146,3
0.33,0.549,0
0.037,0.732,0
0.497,0.769,0
0.525,0.109,3
0.509,0.755,0
0.465,0.763,0
1.083,0.541,2
0.977,0.613,4
0.046,0.798,0
0.437,0.716,0
0.072,0.792,0
0.392,0.723,0
0.555,0.065,3
0.22,0.46,0
0.187,0.468,0
0.324,0.45,0
0.575,0.026,3
0.397,0.819,0
0.542,0.097,3
0.131,0.792,0
0.439,0.733,0
0.436,0.059,3
0.312,0.474,0
0.544,0.105,3
0.536,0.039,3
0.475,0.051,3
0.31,0.481,0
0.104,0.765,0
0.268,0.494,0
1.005,0.536,2
0.916,0.52,1
0.918,0.517,1
0.95,0.523,1
0.297,0.559,0
0.47,0.088,3
0.382,0.726,0
0.969,0.542,1
0.969,0.462,2
0.044,0.771,0
0.599,0.091,3
0.267,0.521,0
0.202,0.479,0
0.992,0.545,4
0.985,0.569,4
0.47,0.121,3
0.485,0.706,0
0.27,0.506,0
0.516,0.747,0
0.231,0.469,0
0.522,0.141,3
0.949,0.53,1
0.251,0.499,0
0.464,0.739,0
0.08,0.767,0
0.392,0.708,0
0.96,0.543,1
0.37,0.724,0
0.441,0.743,0
1.037,0.625,4
0.296,0.529,0
0.451,0.12,3
0.493,0.739,0
1.049,0.537,2
0.017,0.73,0
0.092,0.799,0
0.011,0.802,0
0.436,0.086,3
0.492,0.005,3
0.029,0.777,0
0.501,0.111,3
0.512,0.114,3
0.517,0.109,3
0.052,0.776,0
0.247,0.538,0
0.534,0.043,3
1.019,0.597,4
0.451,0.69,0
0.104,0.816,0
0.978,0.513,2
0.119,0.812,0
0.427,0.73,0
0.469,0.758,0
0.479,0.023,3
0.924,0.474,1
0.522,0.165,3
0.086,0.777,0
0.55,0.013,3
0.306,0.52,0
0.953,0.531,1
0.248,0.533,0
0.088,0.786,0
0.507,0.056,3
0.265,0.476,0
0.292,0.531,0
0.963,0.537,1
0.533,0.061,3
0.505,0.666,0
0.409,0.733,0
0.464,0.054,3
0.49,0.035,3
0.028,0.843,0
0.334,0.502,0
0.09,0.726,0
0.987,0.522,2
0.404,0.683,0
0.525,0.746,0
0.448,0.064,3
0.543,0.771,0
0.185,0.794,0
0.973,0.562,4
0.054,0.811,0
0.438,0.695,0
0.434,0.67,0
0.885,0.524,1
0.931,0.513,1
1.087,0.519,2
0.27,0.539,0
0.96,0.536,1
1.018,0.536,2
0.116,0.794,0
1.032,0.534,2
0.989,0.598,4
0.038,0.812,0
0.541,0.107,3
0.991,0.499,2
1.011,0.552,4
0.957,0.462,2
0.233,0.483,0
0.523,0.1,3
0.115,0.745,0
0.299,0.528,0
0.459,0.709,0
0.929,0.514,1
0.259,0.524,0
0.425,0.733,0
0.112,0.793,0
0.085,0.81,0
0.277,0.405,0
0.006,0.768,0
0.093,0.778,0
0.303,0.534,0
0.273,0.436,0
0.943,0.555,1
0.449,0.746,0
0.281,0.598,0
0.438,0.011,3
0.523,0.156,3
0.459,0.656,0
0.112,0.802,0
0.46,0.091,3
0.944,0.557,1
0.967,0.505,2
0.984,0.558,4
0.969,0.554,4
0.973,0.522,2
0.38,0.664,0
0.53,0.141,3
0.233,0.505,0
0.054,0.733,0
0.094,0.8,0
0.441,0.11,3
0.496,0.014,3
0.491,0.065,3
0.457,0.022,3
0.986,0.567,4
0.292,0.556,0
0.113,0.799,0
0.302,0.529,0
0.098,0.827,0
0.493,0.115,3
0.006,0.795,0
0.442,0.735,0
0.489,0.183,3
0.891,0.556,1
0.457,0.011,3
0.514,0.745,0
0.528,0.091,3
0.069,0.782,0
0.255,0.508,0
0.043,0.73,0
0.087,0.803,0
0.053,0.752,0
0.079,0.765,0
0.255,0.465,0
0.281,0.478,0
1.004,0.552,4
0.213,0.467,0
0.955,0.566,1
0.575,0.081,3
0.454,0.672,0
1.052,0.515,2
0.981,0.579,4
0.243,0.49,0
0.509,0.005,3
1.066,0.506,2
0.294,0.53,0
0.937,0.488,1
0.386,0.682,0
0.271,0.587,0
0.295,0.507,0
0.502,0.082,3
0.443,0.129,3
0.408,0.748,0
0.001,0.74,0
0.463,0.074,3
0.846,0.603,1
0.292,0.477,0
0.133,0.746,0
0.476,0.77,0
0.418,0.79,0
0.367,0.763,0
0.295,0.464,0
0.936,0.488,1
0.968,0.526,1
0.528,0.025,3
0.445,0.769,0
0.51,0.002,3
0.51,0.05,3
0.962,0.481,2
0.169,0.781,0
0.957,0.586,4
0.52,0.103,3
0.457,0.752,0
0.445,0.704,0
0.101,0.775,0
0.853,0.576,1
0.107,0.756,0
0.453,0.668,0
0.001,0.777,0
0.461,0.737,0
0.474,0.158,3
0.246,0.502,0
0.937,0.462,1
0.063,0.79,0
0.424,0.747,0
0.473,0.697,0
0.27,0.412,0
0.985,0.49,2
0.394,0.707,0
0.325,0.537,0
0.304,0.515,0
0.197,0.479,0
0.923,0.473,1
0.112,0.848,0
0.018,0.832,0
0.462,0.705,0
0.524,0.038,3
0.569,0.112,3
0.977,0.55,4
1.002,0.605,4
0.458,0.065,3
0.226,0.567,0
0.483,0.013,3
0.017,0.777,0
0.081,0.775,0
0.276,0.525,0
0.056,0.82,0
0.099,0.739,0
0.996,0.524,2
0.075,0.727,0
0.526,0.07,3
0.279,0.483,0
0.503,0.154,3
0.047,0.717,0
0.146,0.752,0
0.269,0.54,0
0.25,0.554,0
0.229,0.455,0
0.491,0.105,3
0.471,0.048,3
0.424,0.696,0
0.265,0.496,0
0.516,0.145,3
0.493,0.719,0
0.916,0.548,1
0.271,0.507,0
0.161,0.456,0
0.089,0.76,0
0.127,0.781,0
0.101,0.803,0
0.46,0.703,0
0.039,0.788,0
0.987,0.538,2
0.061,0.737,0
0.032,0.75,0
0.452,0.765,0
0.052,0.733,0
0.389,0.676,0
0.444,0.672,0
0.48,0.039,3
0.508,0.075,3
0.063,0.715,0
0.083,0.839,0
0.084,0.814,0
0.427,0.683,0
0.446,0.764,0
0.013,0.764,0
0.438,0.806,0
0.465,0.088,3
0.157,0.484,0
0.3,0.469,0
0.496,0.016,3
0.472,0.113,3
0.44,0.105,3
0.419,0.68,0
0.097,0.722,0
0.969,0.516,2
0.131,0.782,0
0.447,0.113,3
0.13,0.775,0
0.419,0.691,0
0.254,0.476,0
0.399,0.669,0
0.229,0.51,0
0.512,0.053,3
0.057,0.746,0
0.456,0.001,3
0.507,0.046,3
0.445,0.675,0
0.324,0.526,0
0.946,0.532,1
0.482,0.108,3
0.504,0.119,3
0.412,0.685,0
1.005,0.566,4
0.241,0.493,0
0.088,0.772,0
1.105,0.531,2
0.94,0.542,1
0.05,0.751,0
0.567,0.66,0
0.523,0.064,3
0.433,0.137,3
0.293,0.467,0
0.1,0.812,0
0.126,0.703,0
1.014,0.514,2
0.49,0.735,0
0.42,0.759,0
0.439,0.093,3
0.088,0.794,0
0.517,0.087,3
0.984,0.509,2
0.068,0.739,0
0.485,0.061,3
0.239,0.503,0
0.153,0.792,0
0.498,0.113,3
0.49,0.095,3
0.501,0.097,3
0.504,0.055,3
0.05,0.798,0
0.513,0.779,0
0.387,0.712,0
0.116,0.755,0
0.51,0.047,3
0.485,0.088,3
0.428,0.707,0
0.542,0.157,3
0.989,0.539,4
0.964,0.59,4
0.456,0.678,0
0.229,0.495,0
0.463,0.054,3
0.475,0.045,3
0.141,0.791,0
0.051,0.783,0
0.279,0.481,0
0.275,0.483,0
0.228,0.483,0
0.395,0.697,0
0.488,0.733,0
0.433,0.746,0
0.514,0.068,3
0.066,0.704,0
0.217,0.428,0
0.941,0.494,1
0.437,0.683,0
0.505,0.103,3
0.517,0.025,3
0.928,0.533,1
0.579,0.082,3
0.083,0.79,0
0.087,0.788,0
0.237,0.541,0
0.953,0.557,1
0.443,0.704,0
0.283,0.407,0
0.554,0.028,3
0.311,0.42,0
0.441,0.748,0
0.094,0.725,0
0.346,0.769,0
0.456,0.695,0
0.476,0.696,0
1.001,0.563,4
0.443,0.669,0
0.994,0.523,2
1.021,0.523,2
0.066,0.718,0
0.968,0.53,1
0.29,0.542,0
0.305,0.526,0
0.952,0.502,1
0.059,0.741,0
0.505,0.093,3
0.284,0.546,0
0.993,0.558,4
0.491,0.019,3
0.249,0.471,0
0.416,0.726,0
0.534,0.684,0
0.486,0.071,3
0.102,0.847,0
0.151,0.831,0
0.252,0.578,0
0.482,0.688,0
1.036,0.553,4
0.283,0.524,0
0.298,0.439,0
0.268,0.57,0
1.003,0.572,4
1,0.551,4
0.956,0.446,2
0.072,0.719,0
0.126,0.809,0
0.087,0.773,0
0.966,0.456,2
0.508,0.106,3
0.985,0.514,2
0.516,0.047,3
0.525,0.067,3
0.222,0.572,0
0.463,0.088,3
0.479,0.763,0
0.535,0.126,3
0.276,0.457,0
0.075,0.751,0
0.028,0.77,0
0.073,0.755,0
0.07,0.803,0
0.481,0.054,3
0.417,0.693,0
1.004,0.576,4
0.09,0.795,0
0.105,0.808,0
0.56,0.069,3
0.223,0.458,0
0.097,0.778,0
0.454,0.72,0
0.47,0.777,0
0.533,0.053,3
0.239,0.463,0
0.277,0.455,0
0.219,0.495,0
0.463,0.668,0
0.324,0.482,0
0,0.722,0
0.479,0.033,3
0.533,0.071,3
0.477,0.134,3
0.4,0.723,0
1.011,0.543,4
0.34,0.721,0
0.053,0.783,0
0.498,0.034,3
0.331,0.44,0
0.543,0.118,3
0.043,0.768,0
0.988,0.473,2
0.972,0.543,1
0.473,0.755,0
0.479,0.046,3
0.958,0.57,4
0.435,0.711,0
0.523,0.018,3
0.097,0.769,0
0.503,0.73,0
0.067,0.716,0
0.464,0.656,0
0.335,0.54,0
0.502,0.056,3
0.433,0.679,0
0.931,0.542,1
0.474,0.699,0
0.978,0.517,2
0.981,0.485,2
0.009,0.786,0
0.262,0.468,0
0.417,0.721,0
0.435,0.677,0
0.589,0.081,3
0.421,0.713,0
0.532,0.028,3
0.543,0.054,3
0.93,0.48,1
0.929,0.592,1
0.099,0.699,0
0.453,0.066,3
0.417,0.694,0
0.435,0.714,0
0.978,0.502,2
0.019,0.775,0
0.491,0.699,0
0.394,0.683,0
0.456,0.127,3
0.485,0.134,3
0.458,0.717,0
0.369,0.73,0
0.496,0.057,3
0.973,0.529,2
0.518,0.008,3
0.525,0.054,3
0.075,0.767,0
0.047,0.706,0
0.948,0.509,1
0.456,0.747,0
0.485,0.081,3
0.294,0.475,0
0.517,0.099,3
0.465,0.701,0
0.51,0.105,3
0.35,0.77,0
0.484,0.033,3
0.234,0.483,0
0.437,0.103,3
0.986,0.521,2
0.4,0.771,0
0.216,0.446,0
0.081,0.78,0
1.022,0.514,2
0.546,0.088,3
0.531,0.125,3
0.081,0.747,0
0.472,0.073,3
0.972,0.503,2
0.576,0.085,3
0.433,0.76,0
0.281,0.482,0
0.249,0.522,0
0.451,0.735,0
0.312,0.561,0
0.96,0.551,1
0.497,0.68,0
0.186,0.79,0
0.497,0.72,0
0.302,0.456,0
0.531,0.044,3
1.027,0.546,4
0.491,0.039,3
0.399,0.721,0
0.029,0.757,0
0.053,0.867,0
0.134,0.732,0
0.423,0.129,3
1.041,0.521,2
0.512,0.053,3
0.084,0.737,0
0.147,0.714,0
0.472,0.055,3
0.486,0.023,3
0.548,0.122,3
0.326,0.508,0
0.074,0.768,0
0.061,0.757,0
0.064,0.758,0
0.474,0.748,0
0.095,0.751,0
0.917,0.487,1
0.951,0.58,4
0.507,0.07,3
0.502,0.002,3
0.491,0.032,3
0.004,0.783,0
0.272,0.522,0
0.226,0.479,0
0.233,0.449,0
0.489,0.124,3
0.035,0.726,0
0.995,0.53,2
0.958,0.533,1
0.438,0.76,0
0.999,0.547,4
0.091,0.768,0
0.467,0.07,3
0.501,0.068,3
0.434,0.668,0
0.957,0.545,1
0.941,0.537,1
0.315,0.492,0
0.047,0.746,0
0.14,0.794,0
0.006,0.804,0
0.442,0.745,0
0.368,0.725,0
0.318,0.535,0
0.08,0.785,0
0.447,0.719,0
1.037,0.575,4
1.007,0.527,2
0.429,0.642,0
0.967,0.571,4
0.489,0.643,0
0.984,0.487,2
0.98,0.567,4
0.469,0.723,0
0.08,0.772,0
0.544,0.155,3
0.502,0.076,3
0.554,0.086,3
0.416,0.778,0
0.532,0.05,3
0.502,0.074,3
0.512,0.089,3
0.226,0.569,0
0.215,0.481,0
0.447,0.103,3
0.444,0.736,0
0.968,0.565,4
0.214,0.488,0
0.498,0.113,3
0.23,0.567,0
0.021,0.731,0
0.553,0.032,3
1.01,0.537,2
0.373,0.715,0
0.506,0.05,3
0.489,0.026,3
0.472,0.766,0
0.058,0.879,0
0.476,0.055,3
0.441,0.124,3
0.264,0.466,0
0.261,0.561,0
0.976,0.583,4
0.985,0.453,2
0.929,0.458,1
0.268,0.476,0
0.528,0.043,3
0.468,0.732,0
0.343,0.766,0
0.349,0.74,0
0.129,0.79,0
0.479,0.068,3
0.509,0.075,3
0.527,0.085,3
0.293,0.543,0
0.534,0.123,3
0.215,0.478,0
0.991,0.564,4
1.057,0.575,4
0.035,0.746,0
0.47,0.678,0
1.026,0.554,4
0.084,0.832,0
0.097,0.843,0
0.284,0.462,0
1.013,0.512,2
0.276,0.448,0
0.483,0.093,3
0.103,0.774,0
0.256,0.454,0
1.003,0.574,4
0.193,0.434,0
0.385,0.759,0
0.453,0.708,0
0.117,0.811,0
0.414,0.705,0
0.999,0.52,2
0.272,0.448,0
0.268,0.454,0
0.958,0.598,4
0.238,0.494,0
0.091,0.798,0
0.456,0.725,0
0.028,0.736,0
0.526,0.067,3
0.998,0.544,4
0.065,0.795,0
1.005,0.522,2
0.061,0.826,0
0.491,0.019,3
0.897,0.573,1
0.259,0.455,0
0.156,0.514,0
0.239,0.499,0
0.538,0.064,3
0.486,0.116,3
0.984,0.523,2
0.261,0.442,0
0.07,0.761,0
0.111,0.772,0
0.907,0.562,1
0.263,0.517,0
0.48,0.053,3
0.329,0.504,0
0.427,0.742,0
0.434,0.771,0
0.52,0.142,3
0.479,0.715,0
0.031,0.805,0
0.285,0.516,0
0.416,0.677,0
0.317,0.499,0
0.323,0.537,0
0.534,0.007,3
0.497,0.127,3
0.288,0.572,0
0.425,0.742,0
0.249,0.397,0
0.424,0.745,0
0.965,0.571,4
0,0.764,0
0.053,0.852,0
0.031,0.753,0
0.429,0.692,0
0.495,0.076,3
0.353,0.779,0
0.452,0.076,3
0.492,0.07,3
0.514,0.069,3
0.295,0.557,0
0.916,0.555,1
0.937,0.592,1
0.473,0.697,0
0.412,0.551,0
0.054,0.761,0
0.951,0.477,2
0.911,0.515,1
0.491,0.062,3
0.489,0.06,3
0.496,0.69,0
0.982,0.538,2
0.526,0.101,3
0.311,0.545,0
0.38,0.729,0
0.446,0.108,3
1.032,0.551,4
0.446,0.761,0
0.45,0.76,0
0.232,0.465,0
0.882,0.544,1
0.273,0.456,0
0.402,0.645,0
0.401,0.787,0
0.539,0.119,3
0.478,0.082,3
0.527,0.133,3
0.281,0.484,0
0.978,0.537,2
0.073,0.817,0
0.124,0.712,0
0.426,0.66,0
1.015,0.621,4
0.208,0.485,0
0.084,0.737,0
0.432,0.742,0
0.084,0.741,0
0.119,0.777,0
0.294,0.42,0
0.502,0.729,0
0.55,0.078,3
0.357,0.509,0
0.92,0.561,1
0.236,0.489,0
0.084,0.796,0
0.875,0.487,1
0.483,0.746,0
0.16,0.442,0
0.397,0.751,0
0.114,0.832,0
0.482,0.003,3
0.457,0.058,3
0.972,0.532,1
0.52,0.073,3
0.967,0.572,4
0.089,0.816,0
0.379,0.73,0
0.945,0.498,1
0.076,0.771,0
0.512,0.789,0
0.911,0.502,1
0.341,0.497,0
0.063,0.806,0
0.26,0.487,0
0.091,0.719,0
0.449,0.052,3
0.932,0.556,1
0.397,0.727,0
0.478,0.673,0
0.309,0.519,0
0.452,0.7,0
0.546,0.032,3
0.899,0.467,1
0.468,0.702,0
0.018,0.791,0
0.977,0.579,4
0.977,0.552,4
0.986,0.54,4
0.527,0.019,3
0.949,0.539,1
0.194,0.47,0
0.08,0.789,0
1.011,0.545,4
0.503,0.829,0
0.291,0.454,0
0.511,0.138,3
1.012,0.525,2
0.356,0.503,0
0.499,0.109,3
0.995,0.62,4
0.484,0.035,3
0.492,0.171,3
0.414,0.721,0
0.131,0.814,0
0.367,0.729,0
0.212,0.487,0
0.104,0.702,0
0.474,0.709,0
0.258,0.506,0
0.506,0.087,3
0.06,0.85,0
0.078,0.756,0
0.406,0.736,0
0.271,0.595,0
0.263,0.497,0
0.313,0.536,0
0.948,0.513,1
0.235,0.541,0
0.316,0.466,0
0.424,0.777,0
0.267,0.489,0
1.034,0.51,2
0.244,0.527,0
0.194,0.393,0
1.01,0.503,2
0.385,0.719,0
0.095,0.801,0
0.046,0.755,0
0.062,0.781,0
0.115,0.725,0
0.059,0.671,0
1.073,0.568,4
0.277,0.506,0
0.487,0.074,3
0.099,0.731,0
0.48,0.06,3
0.526,0.109,3
0.958,0.553,1
0.543,0.114,3
0.512,0.745,0
0.459,0.115,3
0.339,0.596,0
1.028,0.548,4
0.474,0.668,0
1.053,0.554,4
0.453,0.761,0
0.919,0.527,1
0.49,0.098,3
0.248,0.521,0
0.499,0.719,0
0.063,0.807,0
0.494,0.036,3
0.905,0.538,1
0.486,0.041,3
0.254,0.522,0
0.253,0.572,0
0.235,0.492,0
1.024,0.596,4
0.556,0.146,3
0.949,0.537,1
0.441,0.717,0
0.482,0.059,3
0.043,0.82,0
0.436,0.656,0
0.263,0.502,0
0.513,0.012,3
0.24,0.496,0
0.954,0.535,1
0.521,0.739,0
0.53,0.054,3
0.265,0.552,0
1.028,0.561,4
0.272,0.503,0
0.059,0.736,0
0.264,0.487,0
0.48,0.714,0
0.475,0.729,0
0.503,0.736,0
0.55,0.088,3
0.415,0.769,0
0.302,0.511,0
0.391,0.72,0
0.389,0.068,3
0.086,0.745,0
0.052,0.75,0
1.001,0.5,2
0.023,0.846,0
0.25,0.528,0
0.119,0.745,0
0.94,0.667,4
0.464,0.17,3
0.318,0.503,0
0.112,0.698,0
1.054,0.554,4
0.072,0.803,0
0.045,0.75,0
0.135,0.83,0
0.392,0.782,0
1.001,0.525,2
1.019,0.519,2
0.496,0.086,3
0.511,0.087,3
0.293,0.509,0
0.225,0.489,0
0.108,0.758,0
0.311,0.482,0
0.966,0.53,1
0.985,0.521,2
0.084,0.821,0
0.49,0.057,3
1.046,0.556,4
0.526,0.085,3
0.532,0.061,3
0.184,0.746,0
0.235,0.599,0
0.457,0.151,3
0.443,0.845,0
0.946,0.583,1
0.447,0.639,0
1.016,0.461,2
0.461,0.118,3
0.11,0.761,0
0.048,0.765,0
0.107,0.719,0
0.093,0.74,0
0.888,0.491,1
0.046,0.734,0
0.461,0.741,0
0.966,0.621,4
0.507,0.046,3
0.089,0.786,0
1.077,0.506,2
1.036,0.575,4
0.952,0.566,1
1.065,0.566,4
0.099,0.746,0
0.553,0.104,3
0.967,0.483,2
0.97,0.534,1
0.948,0.559,1
0.252,0.541,0
0.18,0.789,0
0.459,0.707,0
0.388,0.76,0
0.346,0.491,0
1.001,0.6,4
0.577,0.087,3
0.264,0.507,0
0.969,0.474,2
0.545,0.1,3
0.532,0.042,3
0.447,0.09,3
0.441,0.741,0
0.304,0.51,0
0.552,0.111,3
0.057,0.739,0
1.004,0.529,2
0.258,0.526,0
0.529,0.665,0
0.274,0.475,0
0.983,0.573,4
0.218,0.574,0
0.481,0.107,3
0.476,0.056,3
0.474,0.738,0
0.995,0.558,4
0.156,0.794,0
0.426,0.022,3
1.015,0.5,2
0.104,0.768,0
0.56,0.058,3
0.237,0.475,0
0.575,0.073,3
0.448,0.724,0
0.973,0.562,4
0.575,0.054,3
0.267,0.524,0
0.524,0.751,0
0.091,0.744,0
0.092,0.815,0
0.041,0.795,0
0.508,0.067,3
0.974,0.533,1
1.029,0.615,4
0.482,0.155,3
0.951,0.562,1
0.42,0.714,0
0.301,0.547,0
0.45,0.024,3
0.979,0.534,2
0.42,0.755,0
0.469,0.738,0
0.258,0.51,0
0.421,0.693,0
0.3,0.516,0
0.323,0.534,0
0.308,0.585,0
0.477,0.71,0
0.081,0.795,0
0.447,0.074,3
0.284,0.469,0
0.279,0.538,0
0.955,0.572,4
0.287,0.416,0
0.551,0.059,3
0.433,0.723,0
0.506,0.697,0
0.052,0.788,0
0.443,0.702,0
0.464,0.705,0
0.425,0.749,0
0.054,0.83,0
0.371,0.441,0
0.267,0.524,0
0.304,0.446,0
0.431,0.032,3
0.512,0.065,3
0.078,0.786,0
0.474,0.051,3
0.401,0.678,0
0.076,0.765,0
0.526,0.055,3
0.06,0.72,0
0.975,0.614,4
0.488,0.752,0
0.486,0.121,3
0.041,0.784,0
0.057,0.678,0
0.435,0.705,0
1.007,0.534,2
0.274,0.56,0
0.447,0.09,3
0.442,0.72,0
0.428,0.816,0
0.059,0.806,0
0.409,0.659,0
0.032,0.804,0
0.095,0.752,0
0.238,0.546,0
0.067,0.786,0
0.962,0.557,1
0.542,0.068,3
0.337,0.729,0
0.249,0.432,0
0.422,0.057,3
0.96,0.544,1
0.482,0.057,3
0.942,0.52,1
0.048,0.737,0
1.022,0.598,4
0.472,0.094,3
0.053,0.833,0
1.025,0.495,2
0.942,0.526,1
0.469,0.657,0
0.519,0.036,3
0.935,0.542,1
0.456,0.077,3
0.021,0.76,0
0.555,0.069,3
0.591,0.128,3
1.02,0.532,2
0.247,0.496,0
0.408,0.79,0
0.948,0.577,1
0.493,0.026,3
0.425,0.129,3
0.224,0.447,0
0.486,0.135,3
0.1,0.8,0
0.136,0.778,0
0.926,0.519,1
1.032,0.542,4
0.459,0.713,0
0.982,0.51,2
1.027,0.5,2
0.053,0.916,0
0.981,0.55,4
1.006,0.543,4
1.033,0.516,2
0.508,0.625,0
0.062,0.834,0
0.136,0.712,0
1.018,0.558,4
1.039,0.519,2
0.421,0.046,3
0.545,0.165,3
0.972,0.525,2
0.451,0.023,3
0.221,0.526,0
0.207,0.536,0
0.512,0.094,3
0.454,0.094,3
0.948,0.573,1
0.447,0.75,0
0.395,0.674,0
0.204,0.505,0
0.369,0.683,0
0.008,0.766,0
0.275,0.495,0
0.512,0.027,3
0.239,0.407,0
0.98,0.558,4
0.448,0.119,3
0.015,0.755,0
0.555,0.023,3
0.899,0.525,1
0.955,0.534,1
0.462,0.789,0
0.464,0.725,0
0.448,0.728,0
0.559,0.069,3
0.994,0.531,2
0.072,0.77,0
0.464,0.086,3
0.432,0.733,0
1.011,0.471,2
1.018,0.532,2
0.39,0.72,0
0.443,0.716,0
0.434,0.683,0
0.477,0.718,0
0.441,0.723,0
0.184,0.554,0
0.106,0.822,0
0.096,0.76,0
0.501,0.04,3
0.067,0.788,0
0.433,0.765,0
0.279,0.557,0
0.27,0.457,0
0.594,0.06,3
0.476,0.006,3
0.506,0.011,3
0.113,0.802,0
0.986,0.474,2
1.001,0.534,2
0.488,0.017,3
0.479,0.72,0
0.538,0.006,3
0.277,0.459,0
0.412,0.803,0
0.41,0.669,0
0.046,0.782,0
0.982,0.473,2
0.462,0.088,3
0.505,0.043,3
0.253,0.472,0
0.423,0.731,0
0.55,0.101,3
1.039,0.547,4
0.115,0.814,0
0.983,0.595,4
1.017,0.509,2
0.211,0.52,0
0.463,0.041,3
0.248,0.477,0
0.18,0.439,0
0.945,0.498,1
0.284,0.491,0
0.131,0.797,0
0.991,0.534,2
1.011,0.494,2
0.259,0.48,0
0.311,0.429,0
0.278,0.51,0
0.482,0.093,3
0.487,0.054,3
0.075,0.8,0
0.499,0.157,3
0.203,0.486,0
1.006,0.572,4
0.048,0.767,0
0.995,0.52,2
0.481,0.693,0
0.972,0.534,1
0.425,0.715,0
0.295,0.422,0
0.258,0.491,0
0.368,0.733,0
0.342,0.556,0
0.433,0.09,3
0.479,0.749,0
1.006,0.584,4
0.497,0.103,3
0.336,0.455,0
0.511,0.66,0
0.464,0.724,0
0.09,0.721,0
0.258,0.526,0
0.905,0.515,1
0.94,0.53,1
0.246,0.476,0
0.308,0.481,0
0.064,0.768,0
0.075,0.759,0
0.321,0.492,0
0.013,0.815,0
0.499,0.044,3
0.278,0.494,0
0.049,0.832,0
0.069,0.766,0
0.439,0.762,0
0.455,0.056,3
0.56,0.069,3
0.417,0.808,0
0.483,0.144,3
0.035,0.765,0
1.002,0.54,4
0.047,0.799,0
0.022,0.796,0
0.451,0.017,3
0.054,0.768,0
0.014,0.785,0
0.1,0.732,0
0.948,0.529,1
0.043,0.777,0
0.236,0.547,0
0.485,0.676,0
0.118,0.82,0
0.531,0.089,3
0.076,0.796,0
0.088,0.801,0
0.032,0.863,0
0.912,0.569,1
0.455,0.776,0
0.977,0.528,2
0.069,0.699,0
0.406,0.639,0
0.412,0.787,0
0.046,0.746,0
0.263,0.439,0
0.11,0.784,0
1.016,0.567,4
0.235,0.513,0
0.963,0.489,2
0.269,0.517,0
0.105,0.809,0
0.455,0.059,3
0.986,0.529,2
0.414,0.788,0
0.944,0.56,1
0.607,0.119,3
0.449,0.164,3
0.397,0.71,0
0.504,0.059,3
0.43,0.722,0
0.067,0.785,0
0.508,0.078,3
0.309,0.492,0
0.242,0.466,0
0.487,0.108,3
0.48,0.741,0
0.091,0.786,0
0.332,0.529,0
0.016,0.747,0
0.455,0.735,0
0.523,0.053,3
0.506,0.009,3
0.079,0.75,0
0.114,0.769,0
0.418,0.653,0
0.081,0.731,0
0.299,0.511,0
0.465,0.053,3
0.497,0.113,3
1.002,0.443,2
0.241,0.567,0
0.045,0.728,0
0.292,0.479,0
0.023,0.816,0
0.29,0.501,0
0.995,0.534,2
0.432,0.747,0
0.505,0.158,3
0.451,0.144,3
0.956,0.6,4
0.073,0.767,0
0.409,0.731,0
0.105,0.761,0
0.447,0.738,0
0.281,0.461,0
0.007,0.777,0
0.132,0.834,0
0.312,0.553,0
0.244,0.531,0
1.031,0.564,4
1.027,0.64,4
0.494,0.033,3
0.077,0.804,0
0.365,0.711,0
0.256,0.448,0
0.406,0.727,0
0.442,0.734,0
1.061,0.496,2
0.149,0.768,0
0.432,0.762,0
0.436,0.013,3
0.452,0.036,3
0.963,0.532,1
0.987,0.55,4
0.471,0.096,3
0.007,0.799,0
0.023,0.768,0
1.034,0.498,2
0.017,0.748,0
0.077,0.857,0
0.474,0.775,0
0.19,0.516,0
1.051,0.605,4
0.286,0.487,0
0.99,0.569,4
0.096,0.807,0
0.505,0.084,3
0.041,0.812,0
0.459,0.066,3
0.972,0.536,1
0.146,0.797,0
0.439,0.1,3
0.462,0.754,0
0.564,0.655,0
0.459,0.695,0
0.442,0.767,0
0.522,0.773,0
0.24,0.56,0
0.96,0.488,2
0.539,0.051,3
0.203,0.551,0
0.084,0.794,0
0.942,0.542,1
0.443,0.668,0
0.107,0.813,0
0.45,0.764,0
0.059,0.789,0
0.317,0.524,0
0.095,0.819,0
0.177,0.447,0
0.495,0.087,3
0.302,0.551,0
0.477,0.072,3
0.129,0.798,0
0.956,0.558,1
0.53,0.686,0
0.134,0.771,0
0.216,0.485,0
1.059,0.471,2
0.122,0.8,0
0.994,0.541,4
0.246,0.548,0
0.559,0.066,3
0.438,0.084,3
0.298,0.5,0
0.224,0.571,0
0.269,0.47,0
0.442,0.71,0
0.056,0.817,0
0.445,0.052,3
0.087,0.762,0
0.575,0.055,3
0.048,0.793,0
0.979,0.548,4
0.469,0.125,3
0.462,0.624,0
0.484,0.064,3
0.932,0.509,1
0.452,0.763,0
0.437,0.687,0
0.431,0.708,0
0.421,0.771,0
0.118,0.798,0
0.534,0.016,3
0.139,0.816,0
0.396,0.072,3
0.523,0.111,3
0.366,0.738,0
0.293,0.422,0
0.27,0.499,0
0.44,0.03,3
0.079,0.747,0
0.042,0.755,0
0.501,0.729,0
0.299,0.53,0
0.555,0.087,3
0.157,0.75,0
0.292,0.528,0
0.327,0.481,0
0.945,0.586,4
0.471,0.033,3
0.102,0.767,0
0.468,0.641,0
0.237,0.449,0
0.447,0.102,3
0.5,0.69,0
0.242,0.541,0
0.523,0.154,3
0.486,0.671,0
0.948,0.573,1
0.123,0.774,0
0.095,0.735,0
0.047,0.814,0
0.561,0.147,3
0.912,0.561,1
0.429,0.684,0
0.328,0.47,0
0.086,0.817,0
0.535,0.063,3
0.547,0.057,3
0.466,0.761,0
0.459,0.096,3
0.466,0.108,3
0.415,0.77,0
0.035,0.782,0
1.003,0.504,2
0.435,0.093,3
0.423,0.78,0
0.524,0.127,3
0.417,0.697,0
0.44,0.038,3
0.125,0.77,0
0.126,0.803,0
0.47,0.065,3
0.09,0.8,0
1.004,0.592,4
0.084,0.845,0
0.995,0.56,4
0.949,0.586,4
0.245,0.464,0
0.212,0.505,0
0.214,0.513,0
0.554,0.126,3
0.951,0.504,1
0.416,0.659,0
0.475,0.787,0
0.097,0.753,0
0.255,0.479,0
0.413,0.714,0
0.563,0.037,3
0.996,0.537,2
0.462,0.701,0
0.559,0.063,3
0.448,0.717,0
1.019,0.563,4
0.462,0.117,3
0.466,0.102,3
0.483,0.796,0
0.265,0.417,0
0.458,0.684,0
0.982,0.577,4
0.087,0.778,0
0.867,0.621,1
0.526,0.063,3
0.493,0.705,0
0.249,0.511,0
0.009,0.842,0
1.004,0.466,2
0.255,0.512,0
0.47,0.008,3
0.298,0.534,0
0.513,0.092,3
0.05,0.748,0
0.07,0.834,0
0.457,0.776,0
0.242,0.549,0
0.014,0.839,0
0.501,0.076,3
0.431,0.647,0
0.416,0.74,0
0.455,0.668,0
0.211,0.463,0
0.086,0.695,0
0.476,0.093,3
0.444,0.781,0
0.976,0.598,4
0.505,0.712,0
0.987,0.519,2
0.075,0.816,0
0.101,0.772,0
0.921,0.533,1
0.141,0.737,0
0.057,0.757,0
0.965,0.545,1
0.519,0.029,3
0.386,0.824,0
0.481,0.05,3
0.521,0.081,3
0.017,0.818,0
1.009,0.551,4
0.265,0.597,0
0.285,0.55,0
0.109,0.756,0
0.584,0.072,3
1.004,0.492,2
0.549,0.063,3
0.429,0.724,0
0.337,0.502,0
0.977,0.513,2
0.115,0.808,0
0.498,0.154,3
1.031,0.535,2
0.495,0.077,3
0.03,0.707,0
1.025,0.492,2
0.006,0.718,0
0.503,0.115,3
0.248,0.476,0
0.095,0.743,0
0.944,0.559,1
0.327,0.513,0
0.464,0.032,3
0.488,0.112,3
0.007,0.727,0
0.255,0.488,0
1.03,0.554,4
0.267,0.459,0
0.936,0.504,1
0.994,0.548,4
0.297,0.467,0
0.264,0.449,0
0.046,0.859,0
0.087,0.791,0
0.109,0.762,0
0.512,0.024,3
0.039,0.792,0
1.024,0.524,2
1.038,0.516,2
0.016,0.856,0
0.437,0.115,3
0.91,0.495,1
0.296,0.552,0
0.279,0.555,0
0.416,0.697,0
0.101,0.821,0
0.974,0.576,4
0.241,0.472,0
0.03,0.799,0
0.425,0.695,0
0.463,0.678,0
0.562,0.035,3
0.452,0.753,0
0.234,0.492,0
0.54,0.063,3
0.07,0.737,0
0.28,0.524,0
0.264,0.442,0
0.443,0.695,0
0.036,0.738,0
0.21,0.466,0
0.487,0.748,0
0.417,0.679,0
0.21,0.458,0
0.494,0.187,3
0.256,0.502,0
0.461,0.05,3
0.468,0.656,0
0.935,0.559,1
0.959,0.554,1
0.346,0.492,0
0.365,0.75,0
0.321,0.49,0
0.291,0.428,0
0.991,0.483,2
0.961,0.516,1
0.458,0.739,0
0.064,0.8,0
0.383,0.725,0
0.068,0.65,0
0.089,0.795,0
0.084,0.769,0
0.545,0.055,3
0.117,0.869,0
0.108,0.842,0
0.486,0.723,0
0.971,0.608,4
0.108,0.734,0
0.037,0.781,0
0.528,0.054,3
0.053,0.775,0
0.491,0.033,3
0.224,0.538,0
0.16,0.841,0
0.997,0.488,2
0.468,0.744,0
0.132,0.742,0
0.284,0.571,0
0.265,0.479,0
0.077,0.79,0
0.123,0.756,0
0.507,0.069,3
0.933,0.537,1
0.276,0.509,0
0.993,0.526,2
0.258,0.525,0
0.402,0.722,0
0.15,0.789,0
0.975,0.558,4
0.4,0.052,3
0.489,0.703,0
0.462,0.706,0
0.011,0.802,0
0.423,0.659,0
0.287,0.459,0
0.255,0.512,0
0.145,0.817,0
0.918,0.516,1
1.046,0.586,4
0.526,0.094,3
0.466,0.68,0
0.492,0.093,3
0.233,0.473,0
0.45,0.688,0
0.953,0.484,2
0.18,0.461,0
0.556,0.024,3
0.022,0.813,0
0.232,0.568,0
0.486,0.087,3
0.445,0.669,0
0.093,0.786,0
0.095,0.82,0
0.53,0.05,3
0.934,0.513,1
0.342,0.72,0
0.106,0.818,0
0.095,0.815,0
0.916,0.57,1
0.411,0.696,0
0.007,0.76,0
0.458,0.681,0
0.22,0.532,0
0.466,0.037,3
0.185,0.742,0
0.045,0.798,0
0.381,0.675,0
0.166,0.811,0
0.15,0.803,0
0.08,0.792,0
0.444,0.725,0
0.892,0.492,1
0.525,0.077,3
0.448,0.741,0
0.457,0.1,3
0.499,0.753,0
0.965,0.62,4
0.44,0.765,0
0.478,0.694,0
0.888,0.532,1
0.265,0.508,0
0.045,0.713,0
0.975,0.555,4
0.28,0.519,0
0.96,0.562,1
0.541,0.778,0
0.486,0.719,0
0.202,0.486,0
0.457,0.746,0
0.241,0.513,0
0.03,0.729,0
0.932,0.58,1
0.033,0.829,0
0.065,0.833,0
0.479,0.108,3
0.479,0.088,3
0.51,0.048,3
0.499,0.04,3
0.004,0.752,0
0.475,0.127,3
0.499,0.677,0
1.011,0.505,2
0.486,0.681,0
0.08,0.758,0
0.276,0.509,0
0.253,0.484,0
1.004,0.535,2
0.087,0.823,0
1.005,0.514,2
0.455,0.708,0
0.957,0.533,1
0.107,0.772,0
0.98,0.494,2
0.08,0.803,0
0.053,0.749,0
0.938,0.47,1
0.254,0.491,0
0.501,0.08,3
1.002,0.592,4
0.491,0.084,3
0.072,0.775,0
0.285,0.52,0
1.021,0.592,4
0.441,0.052,3
0.458,0.712,0
0.511,0.09,3
0.926,0.611,1
0.302,0.477,0
0.332,0.575,0
0.391,0.686,0
0.451,0.723,0
0.934,0.518,1
0.438,0.742,0
0.44,0.748,0
0.477,0.698,0
0.471,0.095,3
0.26,0.474,0
0.949,0.534,1
0.432,0.711,0
0.545,0.139,3
0.28,0.475,0
0.366,0.73,0
0.945,0.525,1
0.509,0.095,3
0.403,0.1,3
0.123,0.797,0
0.085,0.821,0
0.417,0.76,0
0.022,0.748,0
0.043,0.742,0
0.439,0.743,0
0.079,0.818,0
0.462,0.029,3
0.471,0.723,0
0.961,0.469,2
0.446,0.118,3
0.553,0.802,0
0.456,0.046,3
0.069,0.807,0
0.932,0.491,1
0.971,0.482,2
0.335,0.528,0
0.257,0.477,0
0.515,0.085,3
0.306,0.522,0
0.073,0.76,0
0.945,0.609,4
0.519,0.063,3
0.962,0.51,1
0.151,0.754,0
0.937,0.587,1
1,0.619,4
0.512,0.005,3
1.02,0.535,2
0.061,0.736,0
0.26,0.631,0
0.475,0.083,3
0.427,0.705,0
0.485,0.149,3
0.158,0.775,0
0.086,0.804,0
0.473,0.045,3
0.973,0.525,2
0.95,0.458,2
0.545,0.17,3
0.385,0.701,0
0.528,0.144,3
0.963,0.548,1
0.097,0.771,0
0.339,0.445,0
0.279,0.507,0
0.282,0.567,0
0.088,0.839,0
0.315,0.494,0
0.978,0.561,4
0.923,0.486,1
0.921,0.498,1
0.955,0.575,4
0.241,0.439,0
0.268,0.486,0
0.968,0.522,1
0.514,0.095,3
0.487,0.118,3
0.064,0.803,0
0.32,0.513,0
0.441,0.708,0
0.508,0.066,3
0.492,0.076,3
0.319,0.509,0
0.122,0.799,0
1.026,0.451,2
1.015,0.508,2
0.111,0.749,0
0.951,0.565,1
0.265,0.437,0
0.968,0.582,4
0.486,0.049,3
0.928,0.445,1
0.06,0.794,0
0.088,0.802,0
0.101,0.767,0
0.407,0.096,3
0.439,0.719,0
0.264,0.469,0
0.941,0.581,1
0.534,0.105,3
0.492,0.033,3
0.992,0.497,2
0.452,0.738,0
0.921,0.534,1
0.407,0.813,0
0.464,0.097,3
0.065,0.705,0
0.523,0.079,3
0.043,0.784,0
0.408,0.713,0
0.022,0.738,0
0.418,0.753,0
0.068,0.77,0
0.251,0.49,0
0.085,0.777,0
0.086,0.72,0
0.394,0.75,0
0.44,0.748,0
0.429,0.096,3
0.478,0.136,3
0.604,0.196,3
0.113,0.746,0
0.96,0.61,4
0.96,0.502,2
0.105,0.82,0
0.269,0.494,0
0.102,0.721,0
0.456,0.075,3
0.443,0.68,0
0.52,0.07,3
0.57,0.095,3
0.327,0.55,0
0.122,0.765,0
0.391,0.656,0
0.498,0.113,3
0.073,0.753,0
0.473,0.065,3
0.445,0.697,0
0.526,0.732,0
0.991,0.508,2
0.987,0.533,2
0.055,0.821,0
0.068,0.836,0
0.947,0.488,1
0.08,0.755,0
0.157,0.791,0
1.009,0.494,2
0.921,0.53,1
0.46,0.686,0
0.953,0.498,1
0.995,0.521,2
0.41,0.732,0
0.086,0.764,0
0.967,0.576,4
0.427,0.062,3
0.949,0.529,1
0.475,0.143,3
0.418,0.701,0
0.087,0.727,0
0.267,0.522,0
0.044,0.79,0
0.572,0.141,3
0.1,0.812,0
1.007,0.488,2
1.039,0.538,2
1.002,0.587,4
0.501,0.744,0
0.319,0.527,0
0.491,0.038,3
0.505,0.714,0
0.042,0.834,0
0.525,0.038,3
0.113,0.707,0
0.449,0.706,0
0.23,0.458,0
0.467,0.02,3
0.956,0.534,1
0.065,0.864,0
0.068,0.814,0
0.427,0.699,0
0.898,0.472,1
0.031,0.777,0
0.973,0.53,1
0.994,0.468,2
0.106,0.828,0
0.433,0.629,0
0.457,0.729,0
0.235,0.486,0
0.113,0.754,0
0.51,0.051,3
0.496,0.069,3
0.354,0.398,0
0.025,0.788,0
0.95,0.486,1
1.026,0.565,4
0.251,0.554,0
0.501,0.091,3
0.386,0.761,0
0.151,0.72,0
0.975,0.575,4
0.385,0.793,0
0.492,0.049,3
0.062,0.728,0
0.497,0.056,3
0.423,0.661,0
0.411,0.69,0
0.404,0.755,0
0.26,0.473,0
0.29,0.448,0
0.293,0.489,0
0.332,0.551,0
0.504,0.086,3
0.961,0.503,2
0.274,0.542,0
0.073,0.693,0
1.011,0.549,4
0.421,0.7,0
0.302,0.564,0
0.478,0.105,3
0.225,0.515,0
0.278,0.475,0
0.922,0.525,1
0.297,0.518,0
0.37,0.488,0
0.95,0.584,4
0.527,0.008,3
0.523,0.716,0
0.952,0.533,1
0.97,0.529,1
0.132,0.753,0
0.963,0.527,1
0.444,0.058,3
0.438,0.673,0
0.463,0.164,3
0.989,0.51,2
0.146,0.859,0
0.395,0.774,0
0.474,0.718,0
0.294,0.458,0
0.544,0.017,3
0.551,0.11,3
0.262,0.5,0
0.297,0.525,0
1.005,0.524,2
0.933,0.509,1
0.063,0.839,0
0.057,0.786,0
0.525,0.064,3
0.033,0.82,0
0.971,0.522,2
0.252,0.509,0
0.097,0.808,0
0.278,0.564,0
0.11,0.847,0
0.469,0.063,3
0.466,0.73,0
0.51,0.111,3
0.235,0.518,0
0.479,0.139,3
0.278,0.493,0
0.256,0.428,0
0.374,0.731,0
0.551,0.065,3
0.938,0.489,1
0.099,0.712,0
0.541,0.109,3
0.05,0.715,0
0.262,0.498,0
0.415,0.086,3
0.22,0.497,0
0.43,0.773,0
0.428,0.075,3
0.432,0.765,0
1.087,0.481,2
0.144,0.818,0
0.48,0.069,3
0.398,0.742,0
0.089,0.829,0
0.955,0.54,1
1.001,0.576,4
0.417,0.706,0
0.369,0.715,0
0.055,0.752,0
0.094,0.806,0
0.556,0.038,3
0.064,0.789,0
0.462,0.762,0
0.401,0.782,0
0.476,0.737,0
0.032,0.741,0
0.467,0.676,0
0.484,0.108,3
1.016,0.511,2
0.076,0.681,0
0.449,0.029,3
1.032,0.541,2
0.096,0.818,0
0.304,0.37,0
0.436,0.116,3
0.258,0.498,0
0.454,0.751,0
0.494,0.643,0
0.245,0.485,0
0.56,0.022,3
0.535,0.717,0
1.027,0.525,2
1.015,0.565,4
0.413,0.713,0
0.048,0.76,0
0.507,0.72,0
0.575,0.14,3
0.414,0.021,3
0.471,0.704,0
0.319,0.478,0
1.022,0.524,2
0.332,0.5,0
1.045,0.552,4
0.429,0.69,0
0.434,0.669,0
0.063,0.734,0
0.423,0.685,0
0.211,0.52,0
0.567,0.068,3
0.505,0.076,3
0.026,0.799,0
0.213,0.532,0
0.06,0.794,0
0.357,0.744,0
0.275,0.461,0
0.033,0.812,0
0.961,0.478,2
0.39,0.75,0
1.003,0.543,4
0.084,0.733,0
0.562,0.043,3
0.458,0.753,0
0.461,0.082,3
0.945,0.557,1
0.532,0.066,3
1.04,0.563,4
0.417,0.773,0
0.972,0.474,2
0.232,0.515,0
0.422,0.658,0
0.501,0.072,3
0.058,0.783,0
0.311,0.502,0
0.416,0.777,0
0.506,0.067,3
0.461,0.717,0
0.123,0.838,0
0.257,0.465,0
0.07,0.724,0
0.072,0.825,0
1.018,0.471,2
0.529,0.087,3
0.099,0.773,0
0.08,0.798,0
0.008,0.808,0
0.974,0.527,2
0.084,0.764,0
0.418,0.678,0
0.522,0.085,3
0.442,0.038,3
0.146,0.774,0
0.324,0.721,0
0.529,0.088,3
0.132,0.745,0
0.179,0.852,0
0.471,0.756,0
0.405,0.746,0
0.516,0.06,3
0.203,0.501,0
0.986,0.598,4
0.43,0.618,0
0.987,0.51,2
0.518,0.733,0
0.473,0.037,3
0.359,0.468,0
0.988,0.493,2
0.093,0.736,0
0.07,0.724,0
0.507,0.041,3
0.477,0.735,0
0.597,0.094,3
0.079,0.887,0
0.953,0.495,1
0.484,0.06,3
0.37,0.719,0
0.556,0.102,3
0.189,0.551,0
0.453,0.636,0
0.047,0.7,0
0.479,0.729,0
0.093,0.752,0
0.076,0.767,0
0.087,0.772,0
0.031,0.786,0
0.888,0.486,1
0.95,0.524,1
0.435,0.778,0
0.107,0.768,0
1.01,0.565,4
0.264,0.514,0
0.122,0.827,0
1.009,0.491,2
0.494,0.042,3
0.469,0.125,3
0.949,0.562,1
0.915,0.484,1
0.503,0.741,0
1.03,0.516,2
0.49,0.683,0
0.493,0.096,3
0.512,0.087,3
0.3,0.559,0
0.485,0.026,3
0.252,0.523,0
0.264,0.458,0
0.054,0.674,0
0.297,0.493,0
0.334,0.523,0
0.064,0.786,0
0.063,0.705,0
0.502,0.129,3
0.456,0.096,3
0.416,0.717,0
0.305,0.441,0
1.038,0.575,4
0.296,0.47,0
0.495,0.676,0
0.014,0.783,0
0.906,0.586,1
0.484,0.824,0
0.057,0.828,0
0.071,0.785,0
0.537,0.058,3
0.057,0.766,0
0.408,0.681,0
0.265,0.542,0
0.461,0.082,3
0.242,0.474,0
0.484,0.022,3
0.462,0.727,0
0.98,0.565,4
0.055,0.799,0
0.54,0.026,3
0.078,0.887,0
0.387,0.709,0
0.412,0.787,0
0.579,0.112,3
0.302,0.517,0
0.444,0.021,3
0.969,0.495,2
0.291,0.469,0
1.013,0.606,4
0.343,0.552,0
0.151,0.813,0
0.262,0.478,0
0.604,0.092,3
0.034,0.814,0
0.503,0.119,3
1.018,0.562,4
1.086,0.546,4
0.465,0.632,0
0.485,0.715,0
0.461,0.131,3
0.418,0.741,0
0.288,0.579,0
0.486,0,3
0.433,0.085,3
0.252,0.559,0
1.017,0.607,4
0.99,0.544,4
0.966,0.533,1
0.489,0.104,3
0.971,0.585,4
0.269,0.481,0
0.517,0.087,3
0.496,0.112,3
0.094,0.827,0
0.509,0.719,0
0.473,0.719,0
0.923,0.568,1
0.092,0.734,0
0.409,0.706,0
0.535,0.128,3
0.135,0.797,0
0.073,0.822,0
0.458,0.762,0
0.257,0.425,0
0.478,0.071,3
0.988,0.527,2
0.31,0.469,0
0.43,0.7,0
0.033,0.768,0
0.108,0.783,0
0.143,0.811,0
0.467,0.716,0
0.436,0.769,0
0.451,0.084,3
0.106,0.787,0
0.445,0.007,3
0.549,0.111,3
0.158,0.796,0
0.095,0.754,0
0.991,0.598,4
0.036,0.8,0
0.966,0.575,4
0.084,0.733,0
0.218,0.439,0
0.465,0.699,0
0.393,0.755,0
0.476,0.77,0
0.522,0.073,3
0.05,0.811,0
0.54,0.152,3
0.917,0.515,1
0.036,0.798,0
0.524,0.085,3
0.489,0.073,3
1.025,0.492,2
0.302,0.52,0
0.453,0.735,0
0.518,0.036,3
0.298,0.502,0
0.093,0.873,0
0.543,0.084,3
0.432,0.672,0
0.532,0.137,3
0.292,0.51,0
0.517,0.115,3
0.245,0.469,0
0.114,0.753,0
0.446,0.736,0
0.406,0.747,0
0.482,0.078,3
0.457,0.085,3
0.428,0.729,0
0.507,0.096,3
0.065,0.811,0
0.267,0.535,0
0.409,0.686,0
0.103,0.799,0
0.456,0.692,0
0.26,0.551,0
0.071,0.818,0
0.254,0.502,0
0.309,0.427,0
0.26,0.576,0
0.277,0.5,0
1.006,0.558,4
0.127,0.782,0
0.468,0.718,0
0.471,0.081,3
0.061,0.863,0
0.532,0.069,3
0.126,0.786,0
0.482,0.718,0
0.964,0.597,4
0.215,0.437,0
0.288,0.513,0
0.484,0.11,3
0.511,0.664,0
0.235,0.499,0
0.052,0.821,0
0.278,0.47,0
0.48,0.06,3
0.934,0.516,1
0.268,0.512,0
0.307,0.466,0
0.272,0.525,0
0.037,0.707,0
0.41,0.033,3
0.396,0.68,0
0.904,0.563,1
0.454,0.724,0
0.484,0.05,3
0.122,0.775,0
0.326,0.482,0
0.461,0.746,0
0.246,0.437,0
0.989,0.561,4
0.14,0.707,0
1.037,0.516,2
0.92,0.487,1
0.281,0.512,0
0.471,0.78,0
0.513,0.732,0
0.591,0.076,3
1.018,0.512,2
0.189,0.791,0
0.435,0.804,0
0.468,0.787,0
0.885,0.553,1
0.504,0.067,3
0.994,0.557,4
0.304,0.502,0
0.965,0.487,2
0.118,0.749,0
0.569,0.032,3
0.037,0.845,0
0.23,0.54,0
0.966,0.468,2
0.08,0.787,0
0.456,0.727,0
1.072,0.459,2
0.14,0.794,0
0.283,0.517,0
0.105,0.728,0
0.439,0.717,0
0.098,0.824,0
0.997,0.498,2
1.01,0.583,4
0.072,0.832,0
0.95,0.55,1
0.294,0.55,0
0.471,0.736,0
0.439,0.081,3
0.263,0.484,0
0.529,0.025,3
0.25,0.566,0
0.089,0.802,0
1.017,0.54,2
0.968,0.55,1
0.265,0.481,0
0.495,0.09,3
0.498,0.044,3
0.087,0.794,0
0.283,0.557,0
0.319,0.447,0
0.498,0.062,3
0.459,0.048,3
0.374,0.699,0
0.451,0.78,0
0.026,0.747,0
0.45,0.81,0
0.993,0.549,4
0.26,0.49,0
0.964,0.484,2
0.313,0.537,0
0.976,0.498,2
0.519,0.148,3
0.961,0.457,2
0.232,0.465,0
0.485,0.722,0
0.061,0.788,0
0.401,0.749,0
0.467,0.006,3
0.253,0.515,0
0.94,0.581,1
0.074,0.782,0
0.27,0.532,0
0.493,0.706,0
0.986,0.456,2
1.019,0.562,4
0.199,0.532,0
0.515,0.083,3
1.038,0.58,4
0.494,0.057,3
0.519,0.015,3
0.079,0.754,0
0.088,0.803,0
0.427,0.675,0
0.934,0.58,1
0.276,0.561,0
0.998,0.53,2
0.448,0.72,0
0.427,0.623,0
0.926,0.587,1
0.965,0.531,1
0.089,0.712,0
0.334,0.447,0
0.54,0.022,3
0.314,0.474,0
0.429,0.703,0
0.478,0.073,3
0.103,0.805,0
0.042,0.762,0
0.383,0.7,0
1,0.461,2
0.519,0.027,3
0.474,0.137,3
0.484,0.057,3
0.394,0.682,0
0.402,0.127,3
0.115,0.812,0
0.978,0.508,2
0.459,0.079,3
0.493,0.102,3
0.243,0.619,0
0.386,0.709,0
0.5,0.084,3
0.536,0.142,3
0.994,0.587,4
0.532,0.025,3
0.995,0.608,4
0.059,0.773,0
0.103,0.779,0
0.992,0.536,2
0.305,0.526,0
0.073,0.783,0
0.248,0.452,0
0.026,0.784,0
0.501,0.108,3
0.315,0.504,0
0.268,0.531,0
0.388,0.776,0
0.241,0.528,0
0.386,0.779,0
0.274,0.51,0
0.949,0.433,2
0.392,0.742,0
0.295,0.575,0
0.229,0.471,0
0.46,0.722,0
0.027,0.826,0
0.279,0.552,0
0.516,0.097,3
0.969,0.521,1
0.234,0.513,0
0.246,0.563,0
0.037,0.806,0
0.113,0.762,0
0.115,0.802,0
0.068,0.81,0
0.916,0.544,1
0.011,0.7,0
0.242,0.548,0
0.122,0.714,0
0.222,0.504,0
0.414,0.135,3
0.069,0.797,0
0.498,0.703,0
0.995,0.536,2
0.447,0.673,0
0.233,0.506,0
0.023,0.823,0
0.444,0.681,0
0.287,0.496,0
0.405,0.75,0
0.309,0.464,0
0.23,0.465,0
0.526,0.135,3
0.417,0.744,0
0.38,0.722,0
0.473,0.762,0
0.084,0.851,0
1.089,0.527,2
0.099,0.832,0
0.306,0.55,0
1.002,0.543,4
0.99,0.555,4
0.067,0.824,0
0.343,0.107,3
0.1,0.832,0
0.464,0.801,0
0.399,0.693,0
0.398,0.003,3
0.976,0.49,2
0.528,0.012,3
0.957,0.534,1
0.216,0.465,0
0.326,0.451,0
0.207,0.472,0
0.452,0.753,0
0.518,0.726,0
0.975,0.56,4
0.124,0.807,0
0.114,0.778,0
0.471,0.074,3
0.481,0.027,3
0.467,0.095,3
0.261,0.55,0
0.275,0.51,0
0.395,0.757,0
0.09,0.74,0
0.448,0.74,0
0.196,0.566,0
0.933,0.511,1
0.502,0.692,0
0.272,0.578,0
0.092,0.786,0
0.386,0.751,0
0.059,0.761,0
0.081,0.799,0
0.608,0.099,3
0.063,0.797,0
0.071,0.782,0
0.475,0.011,3
0.401,0.72,0
0.545,0.077,3
0.478,0.15,3
0.493,0.128,3
0.965,0.513,1
0.062,0.788,0
0.509,0.114,3
0.04,0.746,0
0.491,0.675,0
0.443,0.757,0
0.204,0.507,0
0.592,0.132,3
0.508,0.081,3
0.912,0.57,1
0.225,0.562,0
0.449,0.717,0
0.901,0.503,1
0.99,0.633,4
0.207,0.481,0
0.98,0.505,2
0.467,0.133,3
0.341,0.741,0
0.478,0.053,3
0.991,0.513,2
0.525,0.062,3
0.443,0.7,0
0.05,0.791,0
0.91,0.534,1
1.023,0.532,2
0.156,0.756,0
0.995,0.6,4
0.26,0.539,0
0.495,0.142,3
0.484,0.112,3
0.368,0.708,0
0.979,0.497,2
0.516,0.724,0
1.038,0.581,4
0.466,0.008,3
0.952,0.602,4
0.074,0.791,0
0.495,0.112,3
0.955,0.586,4
0.473,0.759,0
0.103,0.759,0
0.229,0.55,0
0.496,0.082,3
0.488,0.712,0
0.431,0.744,0
0.502,0.068,3
0.092,0.751,0
1.007,0.587,4
0.225,0.527,0
0.228,0.524,0
0.045,0.837,0
0.919,0.525,1
0.528,0.077,3
0.357,0.729,0
0.317,0.448,0
0.172,0.492,0
0.967,0.51,2
0.583,0.017,3
0.329,0.499,0
0.463,0.114,3
0.103,0.76,0
0.974,0.546,4
0.081,0.807,0
0.12,0.767,0
0.245,0.553,0
0.03,0.816,0
0.081,0.822,0
0.319,0.468,0
0.444,0.699,0
0.237,0.506,0
0.411,0.748,0
0.52,0.033,3
0.085,0.784,0
0.96,0.528,1
0.035,0.769,0
0.295,0.48,0
0.32,0.474,0
0.508,0.687,0
0.094,0.714,0
0.996,0.557,4
0.054,0.799,0
0.534,0.065,3
0.412,0.019,3
1.015,0.572,4
0.521,0.062,3
0.459,0.693,0
0.241,0.515,0
0.282,0.478,0
0.21,0.523,0
0.403,0.718,0
0.333,0.479,0
1.018,0.553,4
0.353,0.532,0
0.196,0.434,0
0.078,0.69,0
0.444,0.09,3
0.401,0.79,0
0.445,0.705,0
0.414,0.703,0
0.207,0.431,0
0.475,0.718,0
0.147,0.727,0
0.935,0.537,1
0.097,0.788,0
0.441,0.681,0
0.508,0.029,3
0.467,0.084,3
0.481,0.062,3
0.983,0.587,4
0.078,0.747,0
0.532,0.102,3
0.098,0.709,0
0.417,0.73,0
0.349,0.464,0
0.389,0.698,0
0.099,0.745,0
0.495,0.113,3
0.152,0.727,0
0.25,0.416,0
0.504,0.048,3
0.052,0.826,0
0.494,0.081,3
0.513,0.081,3
0.458,0.122,3
0.501,0.09,3
0.435,0.762,0
0.457,0.712,0
1.086,0.594,4
0.024,0.745,0
0.283,0.541,0
1.037,0.476,2
0.512,0.068,3
0.447,0.062,3
0.128,0.777,0
0.426,0.77,0
0.957,0.645,4
0.956,0.537,1
0.234,0.525,0
0.403,0.679,0
0.291,0.491,0
0.475,0.01,3
0.433,0.761,0
0.022,0.855,0
0.551,0.079,3
0.421,0.761,0
0.515,0.087,3
0.459,0.11,3
0.993,0.476,2
0.425,0.696,0
0.239,0.505,0
0.297,0.53,0
0.051,0.81,0
0.49,0.045,3
0.057,0.787,0
0.409,0.67,0
0.111,0.857,0
0.488,0.076,3
0.097,0.733,0
0.427,0.127,3
0.519,0.099,3
0.338,0.515,0
0.941,0.506,1
0.985,0.519,2
0.082,0.724,0
0.459,0.699,0
0.127,0.813,0
0.028,0.699,0
1.048,0.505,2
1.049,0.496,2
0.075,0.665,0
0.44,0.669,0
0.162,0.513,0
0.469,0.723,0
0.254,0.456,0
0.525,0.043,3
0.487,0.715,0
0.487,0.059,3
0.498,0.037,3
1.019,0.53,2
0.954,0.583,4
0.108,0.754,0
0.013,0.828,0
0.41,0.716,0
0.02,0.808,0
0.157,0.742,0
0.06,0.788,0
0.07,0.757,0
0.247,0.468,0
0.526,0.052,3
0.512,0.663,0
0.059,0.757,0
0.984,0.567,4
0.94,0.557,1
0.436,0.754,0
0.21,0.524,0
0.192,0.463,0
0.514,0.078,3
0.993,0.51,2
0.42,0.682,0
0.366,0.736,0
0.107,0.769,0
0.282,0.479,0
0.054,0.848,0
0.21,0.514,0
0.496,0.722,0
0.084,0.827,0
0.991,0.547,4
0.095,0.81,0
0.495,0.038,3
0.003,0.786,0
1.003,0.515,2
0.439,0.085,3
1.004,0.546,4
0.227,0.527,0
0.479,0.025,3
0.446,0.725,0
0.437,0.718,0
0.064,0.784,0
0.341,0.443,0
0.535,0.038,3
0.436,0.693,0
0.25,0.488,0
0.009,0.796,0
0.404,0.742,0
0.426,0.664,0
0.483,0.052,3
0.96,0.525,1
0.267,0.423,0
0.422,0.73,0
0.239,0.509,0
0.503,0.006,3
0.484,0.051,3
0.026,0.751,0
0.25,0.564,0
0.96,0.564,4
0.243,0.502,0
0.941,0.587,1
0.455,0.078,3
0.283,0.521,0
0.489,0.059,3
0.512,0.082,3
0.319,0.562,0
0.442,0.133,3
0.246,0.474,0
0.354,0.707,0
0.276,0.484,0
0.975,0.518,2
0.25,0.413,0
0.518,0.082,3
0.023,0.778,0
0.269,0.514,0
0.997,0.555,4
0.455,0.69,0
0.038,0.761,0
0.953,0.499,1
0.468,0.093,3
0.399,0.791,0
0.397,0.773,0
0.254,0.47,0
0.21,0.506,0
0.251,0.446,0
0.981,0.549,4
0.568,0.082,3
0.499,0.049,3
1.007,0.469,2
1.012,0.553,4
0.511,0.096,3
0.101,0.749,0
0.397,0.703,0
0.489,0.069,3
0.272,0.499,0
0.139,0.79,0
0.106,0.825,0
0.311,0.534,0
0.264,0.485,0
0.057,0.828,0
1.003,0.565,4
0.276,0.462,0
1.005,0.544,4
0.293,0.475,0
0.305,0.594,0
0.48,0.728,0
0.522,0.064,3
0.486,0.077,3
0.069,0.774,0
0.492,0.68,0
0.92,0.551,1
0.511,0.063,3
0.311,0.553,0
0.503,0.125,3
1.057,0.557,4
0.257,0.575,0
0.205,0.477,0
1.002,0.479,2
0.481,0.74,0
0.509,0.072,3
0.284,0.472,0
0.46,0.687,0
0.498,0.027,3
0.072,0.743,0
0.917,0.548,1
0.217,0.567,0
0.426,0.147,3
0.951,0.554,1
0.493,0.02,3
0.995,0.593,4
0.997,0.543,4
0.056,0.792,0
0.065,0.798,0
0.507,0.101,3
0.256,0.517,0
0.537,0.145,3
0.013,0.765,0
0.967,0.537,1
0.474,0.798,0
0.513,0.045,3
0.967,0.563,4
0.896,0.571,1
0.08,0.843,0
0.998,0.524,2
1.02,0.574,4
0.95,0.554,1
0.06,0.784,0
0.191,0.467,0
0.419,0.736,0
0.458,0.099,3
0.434,0.71,0
0.077,0.842,0
0.101,0.709,0
0.553,0.086,3
0.243,0.474,0
0.395,0.649,0
0.354,0.522,0
0.23,0.458,0
0.431,0.803,0
0.427,0.702,0
0.518,0.084,3
0.421,0.786,0
0.454,0.649,0
0.306,0.416,0
0.061,0.746,0
0.441,0.035,3
0.491,0.139,3
0.042,0.748,0
0.998,0.555,4
0.235,0.503,0
0.125,0.788,0
0.921,0.565,1
0.946,0.511,1
0.358,0.729,0
0.516,0.106,3
0.557,0.058,3
0.042,0.767,0
0.12,0.784,0
0.508,0.089,3
0.281,0.519,0
0.465,0.091,3
0.095,0.755,0
0.408,0.067,3
1.051,0.525,2
0.047,0.822,0
0.261,0.536,0
0.489,0.776,0
0.293,0.474,0
0.388,0.659,0
0.951,0.583,4
0.452,0.659,0
0.417,0.731,0
0.278,0.502,0
0.286,0.457,0
0.911,0.489,1
0.284,0.493,0
0.317,0.468,0
0.436,0.794,0
0.073,0.827,0
0.979,0.51,2
0.451,0.099,3
0.51,0.769,0
0.409,0.748,0
0.11,0.822,0
0.326,0.465,0
0.503,0.077,3
0.169,0.794,0
0.064,0.736,0
0.283,0.522,0
0.998,0.513,2
0.046,0.71,0
0.412,0.709,0
0.367,0.676,0
0.46,0.725,0
0.518,0.116,3
0.981,0.486,2
0.296,0.509,0
0.995,0.53,2
0.536,0.101,3
0.275,0.513,0
0.479,0.042,3
0.32,0.478,0
1.018,0.543,4
0.473,0.774,0
0.474,0.026,3
0.047,0.838,0
0.416,0.671,0
0.033,0.791,0
0.945,0.515,1
0.435,0.057,3
0.484,0.736,0
1.019,0.54,2
1.007,0.571,4
0.952,0.545,1
0.019,0.78,0
0.952,0.541,1
0.481,0.11,3
0.43,0.693,0
0.978,0.491,2
0.287,0.553,0
0.518,0.043,3
0.025,0.812,0
0.417,0.666,0
0.441,0.136,3
0.458,0.124,3
0.254,0.557,0
0.303,0.491,0
0.231,0.444,0
0.404,0.072,3
0.982,0.565,4
0.051,0.66,0
0.509,0.087,3
0.418,0.708,0
0.947,0.547,1
0.292,0.467,0
0.434,0.732,0
0.474,0.679,0
0.467,0.715,0
0.475,0.727,0
0.99,0.497,2
0.961,0.529,1
0.271,0.486,0
0.117,0.787,0
0.47,0.134,3
0.101,0.835,0
0.21,0.491,0
0.353,0.443,0
0.472,0.723,0
0.344,0.555,0
1.028,0.467,2
0.474,0.068,3
0.529,0.03,3
0.106,0.803,0
0.246,0.52,0
0.466,0.099,3
0.261,0.516,0
0.398,0.757,0
0.033,0.829,0
0.518,0.097,3
0.475,0.111,3
0.05,0.807,0
0.244,0.519,0
0.256,0.437,0
0.985,0.501,2
0.473,0.065,3
0.985,0.463,2
0.433,0.695,0
0.454,0.052,3
0.143,0.788,0
0.452,0.718,0
0.984,0.571,4
1.018,0.45,2
1.003,0.577,4
0.105,0.802,0
0.907,0.491,1
1.04,0.55,4
0.007,0.756,0
0.422,0.714,0
0.137,0.756,0
0.451,0.763,0
0.304,0.505,0
0.467,0.061,3
0.979,0.451,2
0.387,0.745,0
0.515,0.719,0
0.257,0.477,0
0.089,0.77,0
0.126,0.79,0
0.048,0.733,0
0.06,0.764,0
0.052,0.776,0
0.948,0.499,1
0.25,0.49,0
0.447,0.078,3
0.451,0.758,0
0.229,0.465,0
1.006,0.556,4
0.024,0.742,0
0.429,0.767,0
0.467,0.71,0
0.265,0.533,0
0.942,0.545,1
0.438,0.126,3
0.451,0.701,0
0.94,0.513,1
0.493,0.076,3
0.937,0.507,1
0.539,0.668,0
0.471,0.711,0
0.093,0.757,0
0.219,0.473,0
0.886,0.491,1
1,0.475,2
0.469,0.732,0
0.286,0.493,0
0.065,0.802,0
0.452,0.722,0
0.97,0.508,2
0.299,0.546,0
0.35,0.673,0
0.152,0.796,0
0.11,0.706,0
0.059,0.828,0
0.451,0.697,0
0.309,0.473,0
1.01,0.578,4
0.416,0.768,0
0.36,0.701,0
0.482,0.032,3
0.485,0.711,0
0.131,0.741,0
0.084,0.785,0
0.556,0.069,3
0.243,0.558,0
0.462,0.63,0
0.401,0.728,0
0.987,0.566,4
0.457,0.047,3
0.961,0.566,4
0.48,0.084,3
0.476,0.12,3
0.354,0.773,0
0.452,0.725,0
0.125,0.854,0
0.198,0.515,0
1.007,0.611,4
0.111,0.854,0
0.404,0.689,0
1.002,0.542,4
0.533,0.096,3
0.555,0.134,3
0.257,0.586,0
0.263,0.49,0
0.984,0.579,4
0.975,0.569,4
0.065,0.775,0
0.337,0.553,0
1.002,0.536,2
0.096,0.772,0
0.968,0.485,2
0.308,0.529,0
0.968,0.557,4
0.441,0.654,0
0.401,0.639,0
0.504,0.164,3
0.421,0.646,0
0.102,0.777,0
0.934,0.586,1
0.978,0.469,2
0.167,0.742,0
0.064,0.778,0
0.332,0.569,0
0.339,0.513,0
0.29,0.484,0
0.957,0.614,4
0.469,0.672,0
0.469,0.133,3
1.029,0.477,2
0.45,0.13,3
1.007,0.521,2
0.397,0.675,0
0.314,0.534,0
0.492,0.745,0
1.023,0.603,4
0.952,0.609,4
1.019,0.511,2
1.017,0.575,4
0.459,0.101,3
0.508,0.103,3
0.488,0.004,3
0.432,0.103,3
0.311,0.474,0
0.039,0.735,0
0.491,0.078,3
0.073,0.795,0
0.265,0.498,0
0.459,0.049,3
0.448,0.714,0
0.252,0.514,0
0.416,0.75,0
0.257,0.407,0
1.007,0.483,2
0.332,0.572,0
0.157,0.734,0
0.279,0.531,0
1,0.539,2
0.352,0.714,0
0.263,0.514,0
0.185,0.445,0
0.038,0.847,0
0.435,0.722,0
0.526,0.107,3
0.333,0.525,0
0.422,0.705,0
0.278,0.495,0
0.42,0.704,0
0.951,0.545,1
0.381,0.131,3
0.052,0.722,0
1.015,0.519,2
1.056,0.617,4
0.46,0.08,3
0.959,0.534,1
0.404,0.763,0
0.283,0.489,0
0.501,0.724,0
0.1,0.82,0
0.225,0.558,0
0.583,0.052,3
0.087,0.757,0
0.259,0.512,0
0.969,0.561,4
0.933,0.514,1
0.995,0.483,2
1.022,0.548,4
0.493,0.135,3
0.362,0.695,0
0.235,0.514,0
0.323,0.57,0
0.525,0.108,3
0.514,0.096,3
0.388,0.691,0
0.072,0.801,0
0.943,0.686,4
0.423,0.709,0
0.307,0.473,0
1.009,0.502,2
0.257,0.505,0
0.045,0.797,0
0.939,0.537,1
1.024,0.524,2
0.984,0.543,4
0.952,0.534,1
0.423,0.705,0
0.925,0.551,1
0.264,0.444,0
0.136,0.822,0
0.438,0.726,0
0.052,0.797,0
0.533,0.084,3
0.255,0.469,0
0.976,0.568,4
0.207,0.529,0
0.946,0.665,4
0.465,0.722,0
0.223,0.527,0
0.938,0.521,1
0.441,0.153,3
1.002,0.56,4
0.534,0.052,3
0.104,0.717,0
0.45,0.663,0
0.452,0.752,0
0.028,0.764,0
0.452,0.745,0
0.951,0.503,1
0.461,0.675,0
0.188,0.447,0
0.065,0.778,0
0.382,0.683,0
0.131,0.808,0
0.506,0.042,3
0.289,0.468,0
0.948,0.539,1
0.475,0.083,3
0.29,0.474,0
0.002,0.778,0
0.421,0.756,0
0.307,0.547,0
0.317,0.55,0
0.314,0.496,0
1.018,0.6,4
0.969,0.562,4
0.953,0.52,1
0.458,0.039,3
0.233,0.486,0
0.109,0.843,0
0.255,0.481,0
0.492,0.005,3
0.249,0.522,0
0.269,0.53,0
0.085,0.837,0
0.566,0.667,0
0.497,0.121,3
0.526,0.111,3
0.494,0.722,0
0.061,0.82,0
0.345,0.476,0
0.096,0.815,0
0.081,0.851,0
0.509,0.037,3
0.473,0.69,0
0.06,0.761,0
0.134,0.785,0
0.966,0.51,2
0.51,0.051,3
0.533,0.151,3
0.41,0.716,0
0.501,0.104,3
0.32,0.418,0
0.96,0.509,1
0.007,0.8,0
0.119,0.725,0
0.573,0.029,3
0.441,0.684,0
0.201,0.499,0
1.002,0.523,2
0.112,0.769,0
0.378,0.647,0
0.481,0.045,3
0.447,0.004,3
0.144,0.82,0
0.619,0.098,3
0.459,0.104,3
0.501,0.749,0
0.053,0.711,0
0.16,0.789,0
0.213,0.485,0
0.039,0.822,0
0.076,0.777,0
0.901,0.561,1
0.185,0.778,0
0.395,0.736,0
0.003,0.793,0
0.933,0.57,1
0.239,0.478,0
0.085,0.746,0
0.413,0.66,0
0.191,0.488,0
0.237,0.415,0
0.464,0.697,0
1.013,0.54,2
0.925,0.586,1
0.239,0.551,0
0.443,0.714,0
0.596,0.095,3
0.056,0.76,0
0.955,0.536,1
0.164,0.83,0
0.269,0.492,0
0.462,0.665,0
1.051,0.477,2
0.348,0.489,0
0.436,0.744,0
0.963,0.552,1
0.075,0.745,0
0.953,0.517,1
0.007,0.708,0
0.297,0.451,0
0.436,0.691,0
0.474,0.763,0
0.077,0.765,0
0.543,0.104,3
0.125,0.766,0
0.452,0.139,3
0.334,0.591,0
0.291,0.511,0
0.258,0.442,0
0.511,0.068,3
0.463,0.728,0
0.233,0.479,0
0.048,0.776,0
0.481,0.04,3
0.449,0.041,3
0.422,0.748,0
0.075,0.753,0
0.265,0.533,0
0.309,0.469,0
0.218,0.457,0
0.921,0.556,1
1.02,0.572,4
0.533,0.058,3
0.489,0.039,3
0.415,0.106,3
0.237,0.482,0
0.97,0.573,4
0.283,0.525,0
0.925,0.56,1
0.408,0.759,0
0.085,0.781,0
0.266,0.569,0
0.948,0.566,1
0.203,0.562,0
0.119,0.812,0
0.458,0.718,0
0.516,0.05,3
0.423,0.772,0
0.401,0.66,0
0.985,0.568,4
0.95,0.528,1
0.178,0.757,0
1.014,0.561,4
0.989,0.535,2
0.432,0.691,0
0.559,0.1,3
1.067,0.544,2
0.184,0.426,0
0.015,0.793,0
0.531,0.061,3
0.251,0.477,0
0.257,0.532,0
0.241,0.528,0
0.433,0.693,0
0.06,0.79,0
0.106,0.779,0
0.958,0.519,1
0.014,0.803,0
0.464,0.1,3
0.906,0.609,1
0.092,0.755,0
0.521,0.154,3
0.498,0.699,0
0.149,0.76,0
0.09,0.717,0
0.35,0.532,0
0.45,0.175,3
0.921,0.599,1
0.335,0.712,0
0.94,0.527,1
0.228,0.525,0
0.5,0.049,3
0.54,0.118,3
0.462,0.686,0
0.109,0.754,0
0.274,0.499,0
0.377,0.672,0
0.267,0.505,0
1.008,0.596,4
0.445,0.719,0
0.171,0.462,0
0.892,0.566,1
0.484,0.011,3
0.975,0.559,4
0.997,0.575,4
0.988,0.531,2
0.252,0.495,0
1.002,0.496,2
0.485,0.107,3
0.937,0.542,1
0.133,0.816,0
0.959,0.488,2
0.385,0.707,0
0.978,0.576,4
0.087,0.75,0
0.085,0.773,0
0.481,0.067,3
0.388,0.692,0
0.551,0.062,3
0.41,0.625,0
0.133,0.822,0
0.967,0.549,1
1.016,0.577,4
0.477,0.05,3
0.249,0.504,0
0.222,0.492,0
0.277,0.518,0
0.287,0.501,0
0.264,0.507,0
1.051,0.568,4
0.503,0.136,3
0.564,0.037,3
0.445,0.754,0
0.498,0.15,3
0.44,0.084,3
0.943,0.504,1
1.006,0.574,4
0.513,0.022,3
0.419,0.687,0
0.53,0.078,3
0.953,0.586,4
0.237,0.505,0
0.059,0.853,0
1.003,0.576,4
0.086,0.8,0
1.113,0.528,2
1.021,0.515,2
0.532,0.048,3
1.04,0.58,4
0.268,0.55,0
0.107,0.776,0
0.433,0.647,0
0.458,0.804,0
0.234,0.521,0
0.491,0.075,3
0.559,0.003,3
0.466,0.055,3
0.253,0.411,0
0.397,0.677,0
0.911,0.499,1
0.974,0.519,2
0.502,0.072,3
0.278,0.525,0
0.437,0.657,0
0.405,0.735,0
0.447,0.75,0
0.243,0.523,0
0.312,0.55,0
0.25,0.504,0
0.407,0.111,3
0.049,0.847,0
0.052,0.811,0
0.426,0.711,0
0.398,0.682,0
0.458,0.02,3
0.439,0.722,0
0.052,0.714,0
1.008,0.535,2
0.59,0.095,3
0.159,0.743,0
0.081,0.711,0
0.928,0.553,1
0.057,0.828,0
0.305,0.458,0
0.261,0.521,0
0.298,0.412,0
0.08,0.843,0
0.123,0.775,0
0.962,0.566,4
0.444,0.166,3
0.44,0.718,0
0.094,0.737,0
0.933,0.561,1
0.986,0.53,2
0.901,0.501,1
0.969,0.567,4
0.983,0.473,2
0.481,0.038,3
0.482,0.101,3
0.481,0.734,0
0.396,0.702,0
0.097,0.749,0
0.498,0.039,3
0.445,0.76,0
0.011,0.826,0
0.072,0.734,0
0.228,0.433,0
0.254,0.568,0
0.262,0.426,0
0.497,0.052,3
0.506,0.08,3
0.476,0.074,3
0.366,0.688,0
0.54,0.117,3
0.059,0.742,0
0.466,0.21,3
0.527,0.051,3
0.285,0.456,0
0.541,0.037,3
0.442,0.676,0
0.492,0.094,3
0.489,0.082,3
0.993,0.526,2
0.097,0.814,0
1.027,0.601,4
0.104,0.737,0
0.282,0.509,0
0.48,0.124,3
0.038,0.781,0
1.041,0.526,2
0.989,0.56,4
0.455,0.711,0
0.481,0.715,0
0.948,0.556,1
0.058,0.759,0
0.046,0.793,0
0.993,0.482,2
0.977,0.537,2
1.097,0.527,2
0.933,0.56,1
0.063,0.755,0
0.272,0.431,0
0.973,0.607,4
0.085,0.795,0
0.238,0.473,0
0.055,0.742,0
0.462,0.102,3
0.474,0.009,3
0.279,0.457,0
0.128,0.794,0
0.376,0.452,0
0.494,0.043,3
0.511,0.074,3
0.467,0.763,0
0.965,0.548,1
1.006,0.541,4
0.985,0.548,4
0.528,0.05,3
0.303,0.501,0
0.182,0.553,0
1.004,0.547,4
0.427,0.767,0
0.526,0.025,3
0.511,0.105,3
0.072,0.797,0
0.018,0.792,0
0.491,0.69,0
0.448,0.683,0
0.211,0.543,0
0.456,0.058,3
1.002,0.545,4
0.446,0.692,0
0.526,0.801,0
0.579,0.075,3
0.303,0.451,0
0.232,0.523,0
0.539,0.089,3
0.505,0.141,3
0.485,0.054,3
0.465,0.047,3
0.217,0.45,0
0.204,0.516,0
0.475,0.086,3
0.279,0.491,0
0.267,0.525,0
0.992,0.495,2
0.465,0.694,0
0.433,0.705,0
0.564,0.032,3
0.082,0.815,0
0.106,0.774,0
0.055,0.762,0
0.273,0.49,0
0.263,0.489,0
0.479,0.055,3
0.048,0.826,0
0.042,0.732,0
0.955,0.566,1
0.029,0.811,0
1.081,0.561,4
0.514,0.015,3
0.95,0.574,1
0.176,0.509,0
1.024,0.551,4
0.232,0.529,0
0.543,0.064,3
0.108,0.788,0
0.467,0.086,3
0.064,0.771,0
0.258,0.485,0
0.451,0.106,3
0.489,0.038,3
0.531,0.011,3
0.084,0.79,0
0.982,0.569,4
0.282,0.489,0
0.489,0.728,0
0.27,0.5,0
0.533,0.11,3
0.475,0.1,3
0.971,0.583,4
0.43,0.705,0
0.071,0.85,0
0.395,0.733,0
0.106,0.726,0
0.281,0.502,0
0.35,0.705,0
0.986,0.642,4
0.467,0.065,3
0.053,0.747,0
0.438,0.739,0
0.514,0.095,3
0.959,0.587,4
0.388,0.756,0
0.242,0.471,0
0.43,0.711,0
0.259,0.494,0
0.261,0.527,0
0.062,0.756,0
0.3,0.5,0
0.305,0.542,0
0.925,0.492,1
0.547,0.125,3
0.424,0.073,3
0.444,0.072,3
0.486,0.134,3
0.561,0.089,3
0.301,0.515,0
0.987,0.532,2
0.55,0.036,3
0.392,0.707,0
0.957,0.522,1
0.458,0.027,3
0.102,0.839,0
1.002,0.574,4
0.982,0.48,2
0.093,0.717,0
0.444,0.066,3
0.048,0.779,0
0.975,0.556,4
0.492,0.079,3
0.458,0.717,0
0.512,0.001,3
0.569,0.004,3
0.522,0.04,3
0.242,0.477,0
0.009,0.771,0
0.106,0.756,0
0.036,0.833,0
0.33,0.471,0
0.255,0.519,0
1.021,0.549,4
0.096,0.765,0
0.93,0.508,1
0.517,0.035,3
0.535,0.117,3
0.547,0.066,3
0.428,0.793,0
0.497,0.065,3
0.408,0.672,0
1.001,0.487,2
1.035,0.577,4
0.436,0.695,0
1.009,0.586,4
0.55,0.138,3
0.046,0.669,0
0.976,0.515,2
0.19,0.49,0
0.355,0.513,0
0.489,0.075,3
0.096,0.873,0
0.991,0.562,4
0.032,0.777,0
0.514,0.777,0
0.934,0.566,1
0.307,0.489,0
0.118,0.752,0
0.072,0.82,0
0.273,0.496,0
0.418,0.744,0
0.045,0.802,0
0.397,0.78,0
0.212,0.512,0
0.118,0.723,0
0.043,0.805,0
0.529,0.045,3
0.53,0.674,0
0.402,0.669,0
1.091,0.411,2
0.268,0.48,0
0.389,0.681,0
0.506,0.02,3
0.922,0.523,1
0.308,0.481,0
0.13,0.771,0
0.243,0.481,0
0.468,0.767,0
0.35,0.68,0
0.545,0.735,0
1.012,0.559,4
1.003,0.567,4
0.137,0.744,0
0.303,0.407,0
0.604,0.071,3
0.484,0.815,0
0.988,0.561,4
0.315,0.525,0
0.404,0.747,0
1.049,0.453,2
0.241,0.487,0
0.251,0.532,0
0.536,0.046,3
1.022,0.515,2
0.503,0.11,3
0.309,0.504,0
0.445,0.743,0
0.262,0.519,0
0.04,0.836,0
0.286,0.521,0
0.501,0.752,0
0.273,0.567,0
0.404,0.789,0
0.951,0.533,1
0.083,0.735,0
0.92,0.533,1
0.258,0.515,0
1.065,0.508,2
0.458,0.681,0
0.264,0.524,0
0.482,0.035,3
0.329,0.526,0
0.261,0.495,0
0.386,0.702,0
0.137,0.763,0
0.163,0.712,0
0.083,0.839,0
0.144,0.799,0
0.545,0.043,3
0.542,0.043,3
1.023,0.456,2
0.296,0.468,0
0.072,0.79,0
0.193,0.458,0
0.505,0.092,3
0.463,0.724,0
0.51,0.087,3
0.071,0.87,0
0.069,0.738,0
0.273,0.533,0
0.953,0.599,4
0.479,0.719,0
0.439,0.752,0
0.502,0.771,0
0.33,0.431,0
1.002,0.51,2
0.936,0.512,1
1.048,0.592,4
0.901,0.477,1
0.072,0.823,0
0.07,0.811,0
0.456,0.094,3
0.442,0.028,3
1.023,0.53,2
0.305,0.513,0
0.284,0.524,0
0.101,0.785,0
0.395,0.645,0
0.288,0.544,0
0.449,0.739,0
0.214,0.493,0
0.439,0.737,0
0.536,0.054,3
0.441,0.781,0
0.544,0.061,3
0.504,0.014,3
0.523,0.068,3
1.026,0.576,4
1.015,0.617,4
0.509,0.066,3
0.435,0.765,0
0.485,0.731,0
0.981,0.506,2
0.49,0.021,3
0.273,0.526,0
0.472,0.044,3
0.411,0.75,0
0.314,0.455,0
0.021,0.801,0
0.06,0.799,0
0.032,0.789,0
0.921,0.572,1
1.003,0.533,2
0.061,0.77,0
0.98,0.579,4
0.507,0.066,3
0.44,0.796,0
0.523,0.773,0
0.075,0.764,0
0.063,0.75,0
0.402,0.089,3
1.041,0.525,2
1.002,0.569,4
0.464,0.746,0
0.287,0.449,0
0.462,0.074,3
0.071,0.805,0
0.491,0.729,0
0.432,0.089,3
0.501,0.035,3
0.442,0.727,0
0.029,0.781,0
0.248,0.41,0
0.048,0.741,0
0.222,0.551,0
0.507,0.066,3
0.232,0.428,0
0.554,0.137,3
0.112,0.747,0
0.483,0.683,0
0.335,0.425,0
0.482,0.007,3
0.469,0.707,0
0.435,0.799,0
0.441,0.727,0
0.937,0.498,1
0.072,0.765,0
0.501,0.103,3
0.339,0.469,0
0.49,0.07,3
0.47,0.764,0
0.956,0.584,4
0.303,0.513,0
0.019,0.757,0
0.503,0.107,3
0.539,0.064,3
0.591,0.062,3
0.92,0.536,1
0.067,0.804,0
0.045,0.836,0
0.209,0.569,0
0.414,0.698,0
0.455,0.729,0
0.297,0.491,0
0.474,0.124,3
0.512,0.044,3
1.056,0.527,2
0.388,0.557,0
0.171,0.791,0
0.061,0.735,0
0.464,0.085,3
0.471,0.061,3
0.488,0.715,0
0.424,0.64,0
0.269,0.552,0
0.069,0.723,0
0.041,0.801,0
0.44,0.728,0
0.496,0.114,3
1.015,0.531,2
0.496,0.08,3
0.53,0.053,3
0.445,0.751,0
0.439,0.73,0
0.48,0.064,3
0.267,0.496,0
0.234,0.478,0
0.09,0.785,0
0.061,0.79,0
0.413,0.707,0
0.303,0.465,0
0.995,0.545,4
0.337,0.427,0
0.466,0.095,3
0.563,0.071,3
0.208,0.5,0
0.245,0.509,0
0.268,0.544,0
0.391,0.717,0
0.424,0.657,0
0,0.805,0
0.409,0.082,3
0.159,0.564,0
0.446,0.703,0
0.496,0.083,3
0.447,0.694,0
0.01,0.775,0
0.972,0.496,2
0.056,0.781,0
0.254,0.511,0
0.531,0.059,3
0.512,0.67,0
0.48,0.063,3
0.256,0.507,0
0.09,0.808,0
0.039,0.786,0
0.02,0.769,0
0.54,0.087,3
0.066,0.76,0
0.961,0.518,1
0.092,0.803,0
0.061,0.748,0
0.178,0.732,0
0.477,0.065,3
0.51,0.13,3
0.508,0.065,3
0.46,0.681,0
0.089,0.747,0
0.392,0.649,0
0.482,0.741,0
0.969,0.576,4
0.506,0.733,0
0.249,0.45,0
0.522,0.092,3
0.102,0.721,0
0.034,0.745,0
0.275,0.477,0
0.52,0.678,0
0.475,0.062,3
0.499,0.143,3
0.065,0.812,0
0.321,0.569,0
0.06,0.779,0
0.285,0.604,0
0.087,0.726,0
0.339,0.531,0
0.94,0.553,1
0.418,0.743,0
0.326,0.443,0
0.996,0.543,4
0.283,0.445,0
0.12,0.701,0
0.43,0.73,0
0.266,0.44,0
0.954,0.444,2
0.99,0.589,4
0.243,0.492,0
0.119,0.792,0
0.489,0.103,3
0.58,0,3
1.024,0.478,2
0.994,0.528,2
0.54,0.027,3
0.472,0.038,3
0.071,0.801,0
0.07,0.79,0
0.037,0.804,0
0.429,0.72,0
0.069,0.771,0
0.486,0.047,3
0.405,0.749,0
0.149,0.793,0
0.493,0.81,0
0.458,0.725,0
1.002,0.537,2
1.005,0.507,2
0.509,0.141,3
1.05,0.569,4
0.541,0.037,3
0.469,0.696,0
0.54,0.779,0
0.418,0.734,0
0.255,0.594,0
0.506,0.138,3
1.058,0.561,4
0.979,0.479,2
0.059,0.77,0
0.321,0.497,0
0.294,0.541,0
0.444,0.04,3
0.232,0.467,0
0.216,0.511,0
0.994,0.528,2
0.558,0.103,3
0.457,0.674,0
0.565,0.147,3
0.27,0.504,0
0.949,0.536,1
0.532,0.723,0
0.935,0.525,1
0.085,0.781,0
0.494,0.1,3
0.271,0.517,0
0.219,0.539,0
0.008,0.749,0
0.237,0.53,0
0.193,0.736,0
0.333,0.467,0
0.095,0.809,0
0.299,0.514,0
0.413,0.726,0
0.983,0.58,4
0.323,0.411,0
0.428,0.707,0
0.246,0.495,0
0.548,0.096,3
0.326,0.544,0
0.501,0.064,3
0.266,0.531,0
0.282,0.445,0
0.403,0.666,0
0.17,0.463,0
0.974,0.559,4
1.009,0.587,4
0.945,0.495,1
0.527,0.042,3
0.933,0.563,1
0.049,0.767,0
0.484,0.142,3
0.286,0.465,0
0.452,0.734,0
0.535,0.011,3
0.257,0.445,0
0.044,0.777,0
0.303,0.452,0
0.039,0.817,0
0.06,0.813,0
0.968,0.599,4
0.51,0.077,3
0.942,0.515,1
1.047,0.573,4
0.117,0.824,0
0.062,0.777,0
0.422,0.761,0
0.97,0.48,2
0.518,0.733,0
0.567,0.026,3
0.043,0.81,0
0.898,0.465,1
0.462,0.8,0
0.446,0.695,0
0.537,0.073,3
0.441,0.701,0
0.279,0.586,0
0.047,0.778,0
0.901,0.505,1
0.529,0.065,3
0.93,0.487,1
0.284,0.476,0
0.407,0.791,0
1.018,0.504,2
0.085,0.823,0
0.445,0.048,3
0.531,0.023,3
0.131,0.784,0
0.079,0.737,0
0.429,0.741,0
0.136,0.79,0
0.941,0.589,1
0.483,0.792,0
0.413,0.118,3
0.956,0.579,4
0.968,0.56,4
0.117,0.782,0
0.507,0.058,3
0.958,0.589,4
0.444,0.07,3
0.478,0.124,3
0.294,0.491,0
0.415,0.738,0
0.888,0.59,1
0.946,0.532,1
0.067,0.758,0
0.447,0.687,0
0.275,0.535,0
0.483,0.716,0
0.382,0.603,0
0.502,0.09,3
0.276,0.505,0
0.286,0.51,0
0.277,0.465,0
0.39,0.694,0
0.246,0.448,0
0.978,0.612,4
0.958,0.473,2
0.44,0.08,3
0.105,0.777,0
0.23,0.529,0
1.056,0.564,4
0.123,0.767,0
0.96,0.49,2
0.13,0.817,0
0.414,0.721,0
0.093,0.746,0
0.254,0.512,0
1.067,0.494,2
0.572,0.041,3
0.112,0.717,0
0.269,0.467,0
0.251,0.518,0
0.387,0.731,0
0.298,0.508,0
0.536,0.059,3
0.446,0.745,0
1.076,0.515,2
0.506,0.023,3
0.22,0.481,0
0.228,0.485,0
0.486,0.103,3
0.976,0.57,4
0.227,0.521,0
1.054,0.594,4
0.426,0.748,0
0.45,0.686,0
0.254,0.517,0
0.435,0.715,0
0.013,0.779,0
0.473,0.763,0
0.505,0.079,3
0.966,0.467,2
0.114,0.732,0
0.507,0.099,3
0.262,0.543,0
0.392,0.765,0
0.407,0.676,0
1.019,0.571,4
0.529,0.073,3
0.15,0.551,0
1.001,0.571,4
0.288,0.46,0
1.007,0.487,2
0.509,0.015,3
0.183,0.584,0
0.458,0.073,3
0.534,0,3
0.041,0.775,0
0.966,0.543,1
0.517,0.132,3
0.481,0.751,0
0.464,0.719,0
0.111,0.809,0
0.023,0.795,0
0.99,0.531,2
0.552,0.033,3
0.404,0.703,0
0.089,0.799,0
0.271,0.554,0
1.002,0.516,2
0.257,0.513,0
0.903,0.529,1
0.088,0.76,0
0.252,0.54,0
0.264,0.519,0
0.266,0.466,0
0.421,0.758,0
0.017,0.804,0
0.113,0.792,0
1.06,0.589,4
0.526,0.083,3
0.922,0.566,1
0.533,0.086,3
0.268,0.455,0
0.297,0.47,0
1.067,0.469,2
0.053,0.777,0
0.953,0.557,1
0.29,0.528,0
0.287,0.479,0
0.459,0.718,0
0.489,0.067,3
0.498,0.054,3
0.3,0.497,0
0.441,0.72,0
0.415,0.13,3
0.474,0.741,0
0.997,0.534,2
0.084,0.847,0
0.068,0.688,0
0.278,0.52,0
0.279,0.5,0
0.974,0.477,2
0.498,0.119,3
0.533,0.063,3
0.539,0.768,0
0.518,0.765,0
0.423,0.648,0
0.424,0.698,0
0.479,0.11,3
0.37,0.532,0
0.482,0.744,0
1.046,0.637,4
0.249,0.483,0
0.084,0.754,0
0.084,0.799,0
0.385,0.714,0
0.955,0.55,1
0.337,0.491,0
0.549,0.055,3
0.412,0.758,0
0.045,0.788,0
0.031,0.775,0
0.111,0.805,0
0.475,0.055,3
0.319,0.512,0
0.275,0.445,0
0.139,0.769,0
0.059,0.743,0
0.318,0.529,0
0.925,0.571,1
0.962,0.552,1
0.089,0.805,0
0.455,0.666,0
0.473,0.073,3
0.076,0.805,0
0.429,0.023,3
0.509,0.027,3
0.335,0.506,0
0.412,0.753,0
0.408,0.703,0
0.434,0.121,3
0.03,0.829,0
0.142,0.732,0
0.047,0.75,0
0.976,0.527,2
0.529,0.103,3
0.531,0.089,3
0.432,0.059,3
0.472,0.034,3
0.046,0.826,0
0.1,0.813,0
0.058,0.719,0
0.499,0.719,0
0.458,0.123,3
0.27,0.51,0
0.525,0.135,3
0.272,0.511,0
0.301,0.564,0
0.034,0.769,0
0.45,0.032,3
0.473,0.071,3
0.421,0.69,0
0.499,0.017,3
0.282,0.507,0
0.475,0.051,3
0.078,0.774,0
0.143,0.778,0
0.254,0.479,0
0.096,0.811,0
0.904,0.514,1
0.971,0.584,4
0.493,0.124,3
0.035,0.716,0
0.456,0.722,0
0.961,0.565,4
0.082,0.782,0
0.073,0.811,0
0.269,0.528,0
0.324,0.517,0
0.404,0.708,0
0.468,0.69,0
0.419,0.723,0
0.442,0.745,0
0.423,0.761,0
0.276,0.477,0
0.487,0.041,3
0.303,0.558,0
0.033,0.831,0
0.11,0.765,0
0.953,0.525,1
0.242,0.476,0
0.487,0.726,0
0.962,0.53,1
0.412,0.665,0
0.551,0.09,3
0.03,0.853,0
1.012,0.588,4
0.038,0.795,0
0.499,0.143,3
0.412,0.731,0
0.365,0.715,0
0.407,0.71,0
0.534,0.056,3
0.957,0.582,4
0.039,0.767,0
0.393,0.799,0
0.062,0.748,0
0.368,0.501,0
0.998,0.571,4
0.453,0.823,0
0.322,0.469,0
1.006,0.513,2
0.284,0.498,0
0.491,0.724,0
0.113,0.818,0
0.042,0.731,0
0.103,0.826,0
0.509,0.098,3
0.058,0.8,0
0.462,0.08,3
0.27,0.491,0
0.24,0.443,0
0.099,0.785,0
0.502,0.06,3
0.431,0.686,0
0.286,0.591,0
0.957,0.487,2
1.055,0.59,4
0.429,0.718,0
0.421,0.734,0
0.37,0.71,0
0.484,0.744,0
0.057,0.77,0
0.993,0.525,2
1.015,0.468,2
0.046,0.801,0
0.472,0.742,0
0.953,0.549,1
0.94,0.531,1
0.5,0.073,3
0.504,0.077,3
0.438,0.723,0
0.986,0.579,4
0.307,0.591,0
0.564,0.035,3
0.449,0.713,0
0.469,0.78,0
0.542,0.755,0
0.435,0.711,0
0.451,0.039,3
1.019,0.601,4
0.432,0.712,0
0.286,0.504,0
0.261,0.52,0
1.007,0.557,4
0.561,0.112,3
0.988,0.563,4
0.408,0.722,0
0.4,0.775,0
0.969,0.544,1
0.523,0.05,3
0.537,0.103,3
0.956,0.511,1
0.454,0.749,0
0.376,0.783,0
0.447,0.106,3
0.518,0.067,3
0.482,0.713,0
0.974,0.536,1
0.219,0.478,0
0.473,0.086,3
0.428,0.75,0
0.982,0.556,4
0.313,0.542,0
0.546,0.057,3
0.575,0.076,3
0.238,0.535,0
0.465,0.045,3
0.507,0.044,3
0.254,0.47,0
0.083,0.786,0
0.16,0.731,0
0.005,0.763,0
1.03,0.575,4
0.942,0.526,1
0.443,0.783,0
0.376,0.708,0
0.523,0.072,3
0.142,0.806,0
0.503,0.082,3
0.257,0.511,0
0.474,0.096,3
0.042,0.743,0
1.017,0.543,4
0.097,0.714,0
0.46,0.035,3
0.499,0.154,3
0.456,0.105,3
0.461,0.068,3
0.583,0.043,3
1.031,0.571,4
0.337,0.737,0
0.198,0.426,0
0.365,0.693,0
0.967,0.574,4
0.452,0.063,3
0.267,0.493,0
0.067,0.783,0
0.472,0.096,3
0.471,0.023,3
0.462,0.092,3
0.406,0.726,0
1.038,0.57,4
0.275,0.538,0
0.254,0.525,0
0.984,0.527,2
0.503,0.08,3
0.507,0.112,3
0.374,0.506,0
1.038,0.539,2
0.39,0.714,0
0.041,0.843,0
0.062,0.791,0
0.293,0.569,0
1.002,0.548,4
0.064,0.818,0
0.05,0.694,0
0.087,0.715,0
1.082,0.437,2
0.104,0.775,0
1.035,0.483,2
0.979,0.572,4
0.446,0.78,0
0.492,0.799,0
0.072,0.724,0
0.231,0.434,0
0.298,0.468,0
0.402,0.784,0
0.501,0.071,3
0.521,0.059,3
0.542,0.074,3
0.945,0.584,1
0.46,0.128,3
1.001,0.567,4
0.211,0.55,0
0.526,0.092,3
0.466,0.668,0
0.532,0.066,3
0.048,0.832,0
0.496,0.038,3
0.455,0.158,3
0.308,0.465,0
0.502,0.078,3
0.083,0.796,0
0.47,0.727,0
0.391,0.699,0
0.477,0.724,0
0.33,0.492,0
0.443,0.692,0
0.547,0.068,3
0.446,0.737,0
0.416,0.715,0
0.404,0.699,0
0.969,0.522,1
1.003,0.48,2
0.282,0.489,0
0.131,0.796,0
0.922,0.519,1
1.005,0.537,2
0.117,0.733,0
0.417,0.65,0
0.442,0.052,3
0.061,0.761,0
0.494,0.12,3
0.546,0.017,3
0.456,0.713,0
0.481,0.024,3
0.225,0.487,0
0.584,0.146,3
0.24,0.523,0
1.014,0.519,2
0.435,0.743,0
0.294,0.557,0
0.513,0.031,3
0.298,0.446,0
0.034,0.771,0
0.45,0.038,3
0.268,0.498,0
0.406,0.792,0
0.421,0.693,0
0.982,0.493,2
0.497,0.094,3
0.06,0.806,0
0.076,0.768,0
1.042,0.493,2
0.415,0.679,0
0.493,0.111,3
1.012,0.486,2
0.232,0.48,0
0.946,0.488,1
1.023,0.562,4
0.267,0.51,0
0.301,0.551,0
0.477,0.772,0
0.478,0.033,3
0.2,0.56,0
0.493,0.083,3
0.969,0.555,4
0.382,0.702,0
0.498,0.111,3
0.959,0.516,1
0.492,0.11,3
0.495,0.081,3
0.083,0.77,0
0.098,0.768,0
0.49,0.121,3
0.967,0.499,2
0.052,0.73,0
0.124,0.785,0
0.6,0.089,3
0.273,0.485,0
0.545,0.096,3
0.451,0.098,3
0.123,0.795,0
0.942,0.579,1
0.917,0.603,1
0.444,0.696,0
0.058,0.821,0
0.109,0.852,0
0.067,0.744,0
0.402,0.67,0
0.11,0.78,0
0.048,0.745,0
0.022,0.776,0
0.54,0.106,3
0.434,0.641,0
0.416,0.658,0
0.252,0.488,0
0.196,0.435,0
0.501,0.125,3
0.212,0.476,0
0.485,0.04,3
0.108,0.805,0
0.433,0.646,0
0.392,0.687,0
0.479,0.12,3
0.475,0.803,0
0.904,0.501,1
0.281,0.493,0
0.938,0.528,1
0.445,0.703,0
0.249,0.42,0
0.967,0.511,2
0.112,0.756,0
0.216,0.449,0
0.512,0.146,3
0.487,0.742,0
0.251,0.552,0
0.515,0.046,3
0.045,0.808,0
0.405,0.645,0
0.283,0.531,0
0.383,0.764,0
1.012,0.53,2
1.038,0.575,4
0.928,0.524,1
0.09,0.76,0
0.913,0.555,1
1.002,0.549,4
0.015,0.689,0
0.124,0.826,0
0.963,0.499,2
0.93,0.574,1
0.09,0.71,0
0.034,0.822,0
0.325,0.44,0
0.084,0.785,0
1.036,0.497,2
0.054,0.744,0
0.053,0.812,0
0.524,0.01,3
0.088,0.747,0
0.969,0.495,2
0.122,0.756,0
0.435,0.735,0
0.488,0.079,3
0.467,0.692,0
0.106,0.794,0
0.19,0.537,0
0.08,0.75,0
0.488,0.124,3
0.455,0.792,0
1.008,0.606,4
0.246,0.507,0
1.015,0.547,4
0.419,0.717,0
1.02,0.602,4
0.435,0.724,0
0.424,0.7,0
0.399,0.717,0
0.994,0.507,2
0.03,0.787,0
0.441,0.712,0
1.024,0.495,2
1.028,0.526,2
0.26,0.502,0
0.431,0.779,0
0.452,0.701,0
0.532,0.1,3
0.291,0.51,0
0.476,0.668,0
0.41,0.683,0
0.998,0.587,4
0.071,0.727,0
0.383,0.782,0
0.36,0.67,0
0.392,0.781,0
0.098,0.803,0
0.497,0.703,0
0.96,0.534,1
0.388,0.691,0
0.39,0.092,3
0.551,0.026,3
0.972,0.601,4
0.968,0.557,4
0.47,0.688,0
0.182,0.47,0
0.559,0.076,3
0.47,0.051,3
0.338,0.514,0
0.256,0.457,0
0.459,0.777,0
1.076,0.494,2
0.942,0.554,1
0.291,0.545,0
0.081,0.774,0
0.975,0.507,2
0.435,0.092,3
0.99,0.575,4
0.094,0.731,0
0.461,0.752,0
0.496,0.123,3
0.426,0.044,3
0.506,0.172,3
0.034,0.73,0
0.251,0.496,0
0.351,0.501,0
0.064,0.834,0
0.494,0.104,3
0.238,0.451,0
0.521,0.114,3
0.535,0.063,3
0.996,0.509,2
0.515,0.076,3
1.055,0.514,2
0.563,0.071,3
0.427,0.764,0
0.101,0.78,0
0.11,0.779,0
0.267,0.486,0
0.129,0.744,0
0.516,0.038,3
0.977,0.485,2
0.938,0.475,1
0.408,0.658,0
0.995,0.556,4
0.293,0.507,0
0.973,0.549,4
0.056,0.79,0
0.94,0.584,1
0.516,0.069,3
0.882,0.485,1
0.085,0.829,0
0.407,0.738,0
0.443,0.725,0
0.101,0.8,0
0.414,0.793,0
0.436,0.072,3
0.401,0.69,0
0.473,0.678,0
0.429,0.734,0
1.042,0.494,2
0.29,0.526,0
0.193,0.581,0
0.045,0.747,0
0.456,0.746,0
0.534,0.045,3
0.498,0.052,3
0.614,0.08,3
0.476,0.022,3
0.51,0.108,3
1.022,0.501,2
0.488,0.024,3
0.084,0.773,0
0.483,0.083,3
0.991,0.526,2
0.475,0.07,3
0.253,0.508,0
0.988,0.539,4
0.98,0.515,2
0.975,0.52,2
0.471,0.711,0
0.129,0.751,0
0.522,0.096,3
1.002,0.584,4
0.448,0.686,0
0.292,0.543,0
0.18,0.76,0
0.5,0.037,3
0.281,0.511,0
0.547,0.089,3
0.299,0.498,0
0.187,0.517,0
0.452,0.069,3
0.505,0.094,3
0.968,0.575,4
0.476,0.08,3
0.45,0.722,0
0.478,0.675,0
0.5,0.071,3
0.459,0.76,0
0.288,0.503,0
0.096,0.756,0
0.962,0.517,1
0.927,0.544,1
0.123,0.784,0
0.079,0.761,0
0.264,0.516,0
0.398,0.716,0
0.519,0.033,3
0.264,0.534,0
0.049,0.678,0
0.282,0.508,0
0.267,0.451,0
0.564,0.081,3
0.389,0.715,0
0.239,0.52,0
0.962,0.524,1
0.453,0.785,0
0.232,0.497,0
0.447,0.696,0
0.08,0.769,0
0.427,0.729,0
0.986,0.576,4
0.027,0.792,0
1.003,0.561,4
0.486,0.136,3
0.25,0.524,0
0.994,0.593,4
0.958,0.498,2
0.394,0.743,0
0.497,0.693,0
0.526,0.019,3
0.283,0.441,0
0.463,0.12,3
0.107,0.839,0
0.941,0.461,2
0.407,0.724,0
0.515,0.032,3
0.481,0.735,0
0.117,0.817,0
0.077,0.81,0
0.938,0.525,1
0.284,0.478,0
0.317,0.477,0
1.015,0.541,4
0.093,0.818,0
0.043,0.756,0
0.104,0.802,0
0.929,0.514,1
0.962,0.553,1
0.064,0.832,0
0.504,0.694,0
0.955,0.561,1
0.451,0.116,3
0.915,0.556,1
0.43,0.673,0
0.401,0.717,0
0.465,0.714,0
1.012,0.511,2
0.991,0.6,4
0.147,0.848,0
0.472,0.735,0
0.995,0.508,2
0.241,0.463,0
0.489,0.769,0
0.095,0.781,0
0.315,0.551,0
0.213,0.442,0
0.081,0.756,0
0.028,0.746,0
0.989,0.506,2
0.46,0.064,3
1.008,0.417,2
0.401,0.734,0
0.519,0.052,3
0.187,0.555,0
0.457,0.103,3
0.056,0.764,0
0.438,0.746,0
0.398,0.712,0
0.977,0.511,2
1,0.528,2
0.457,0.737,0
0.541,0.111,3
1.027,0.577,4
1.028,0.552,4
0.608,0.032,3
0.524,0.13,3
0.48,0.692,0
0.492,0.064,3
0.997,0.606,4
1.025,0.536,2
0.375,0.766,0
0.196,0.483,0
0.564,0.099,3
0.284,0.481,0
0.009,0.785,0
0.059,0.799,0
1.02,0.519,2
0.6,0.134,3
0.968,0.54,1
0.41,0.719,0
0.465,0.115,3
0.111,0.748,0
0.489,0.012,3
0.276,0.524,0
0.569,0.106,3
0.468,0.069,3
0.082,0.792,0
0.221,0.493,0
0.963,0.533,1
0.975,0.519,2
0.432,0.695,0
0.43,0.104,3
1.027,0.445,2
0.042,0.765,0
0.51,0.02,3
0.19,0.484,0
0.059,0.771,0
0.051,0.738,0
0.458,0.047,3
0.135,0.732,0
0.481,0.089,3
1.007,0.534,2
0.275,0.527,0
0.491,0.115,3
0.432,0.04,3
0.977,0.534,2
0.958,0.531,1
0.392,0.727,0
0.973,0.579,4
0.468,0.73,0
0.97,0.526,1
0.272,0.493,0
0.517,0.723,0
1.061,0.513,2
0.352,0.156,3
0.465,0.046,3
0.009,0.728,0
0.585,0.022,3
0.499,0.062,3
1.036,0.594,4
0.458,0.746,0
0.342,0.537,0
0.461,0.134,3
0.974,0.461,2
0.06,0.738,0
1.057,0.565,4
0.35,0.508,0
0.096,0.788,0
0.421,0.781,0
0.458,0.071,3
0.073,0.875,0
0.263,0.529,0
0.268,0.509,0
0.289,0.478,0
0.497,0.018,3
0.913,0.538,1
0.517,0.027,3
0.029,0.772,0
0.254,0.466,0
0.417,0.661,0
0.053,0.819,0
0.209,0.794,0
0.353,0.487,0
0.483,0.04,3
0.09,0.76,0
0.469,0.707,0
0.256,0.449,0
0.018,0.764,0
0.553,0.189,3
0.256,0.509,0
0.201,0.771,0
0.511,0.068,3
0.965,0.554,1
0.198,0.445,0
1.002,0.461,2
0.258,0.454,0
0.242,0.461,0
0.473,0.72,0
0.281,0.544,0
0.991,0.595,4
0.98,0.647,4
0.075,0.758,0
1,0.523,2
0.289,0.559,0
0.202,0.464,0
0.913,0.541,1
0.094,0.819,0
0.257,0.483,0
0.28,0.524,0
1.016,0.516,2
0.115,0.748,0
0.044,0.845,0
0.259,0.574,0
1.016,0.554,4
0.09,0.761,0
0.966,0.483,2
0.318,0.516,0
0.284,0.45,0
0.507,0.073,3
0.412,0.721,0
0.069,0.752,0
0.394,0.675,0
0.55,0.008,3
0.455,0.031,3
0.238,0.498,0
0.057,0.778,0
0.437,0.751,0
0.003,0.825,0
0.28,0.453,0
0.938,0.609,4
0.429,0.706,0
0.282,0.507,0
0.077,0.844,0
0.953,0.566,1
0.956,0.619,4
0.327,0.485,0
0.091,0.782,0
0.408,0.722,0
0.258,0.502,0
0.426,0.715,0
0.507,0.048,3
0.943,0.535,1
0.444,0.761,0
0.928,0.526,1
0.359,0.684,0
0.072,0.814,0
0.525,0.047,3
0.006,0.766,0
0.531,0.034,3
0.011,0.698,0
0.294,0.499,0
0.372,0.624,0
0.011,0.768,0
0.394,0.737,0
0.023,0.706,0
0.989,0.516,2
0.093,0.837,0
0.07,0.812,0
0.283,0.522,0
0.412,0.724,0
0.459,0.791,0
0.967,0.571,4
1.012,0.557,4
0.383,0.69,0
0.062,0.771,0
0.068,0.796,0
1.037,0.569,4
0.512,0.706,0
0.484,0.689,0
0.29,0.463,0
1.049,0.58,4
0.458,0.121,3
0.453,0.12,3
0.466,0.679,0
0.271,0.479,0
0.107,0.728,0
0.061,0.723,0
1.012,0.521,2
0.018,0.713,0
0.235,0.466,0
0.393,0.704,0
0.027,0.786,0
0.43,0.089,3
0.953,0.574,4
0.984,0.456,2
0.942,0.514,1
0.447,0.699,0
0.095,0.789,0
0.444,0.713,0
0.289,0.495,0
0.977,0.499,2
0.149,0.551,0
0.915,0.574,1
0.257,0.49,0
0.472,0.032,3
0.496,0.11,3
0.31,0.471,0
0.261,0.542,0
0.51,0.088,3
0.925,0.484,1
0.05,0.814,0
0.491,0.755,0
0.444,0.112,3
0.098,0.77,0
0.223,0.445,0
0.477,0.083,3
0.328,0.581,0
0.238,0.453,0
0.162,0.79,0
0.983,0.526,2
0.559,0.092,3
0.085,0.803,0
0.21,0.581,0
0.102,0.715,0
0.49,0.118,3
0.421,0.68,0
0.495,0.067,3
1,0.545,4
0.503,0.09,3
0.451,0.734,0
0.513,0.137,3
0.259,0.576,0
0.099,0.754,0
1.007,0.539,2
0.574,0.075,3
0.395,0.691,0
0.988,0.595,4
0.131,0.814,0
0.171,0.506,0
0.09,0.771,0
0.166,0.763,0
1.01,0.469,2
0.219,0.497,0
0.334,0.497,0
0.94,0.467,1
0.243,0.484,0
0.426,0.016,3
0.052,0.839,0
0.52,0.143,3
0.483,0.172,3
0.295,0.531,0
0.504,0.131,3
0.564,0.09,3
0.429,0.717,0
1.014,0.626,4
0.972,0.483,2
0.378,0.741,0
0.268,0.592,0
0.523,0.067,3
0.022,0.803,0
0.439,0.677,0
0.952,0.524,1
0.119,0.857,0
0.242,0.58,0
0.074,0.769,0
0.597,0.061,3
0.453,0.002,3
0.086,0.767,0
0.194,0.515,0
0.549,0.096,3
0.177,0.545,0
0.424,0.778,0
0.509,0.094,3
0.504,0.004,3
0.455,0.744,0
0.963,0.579,4
0.459,0.785,0
0.418,0.759,0
0.505,0.103,3
0.421,0.629,0
0.078,0.824,0
0.597,0.086,3
0.234,0.476,0
0.263,0.554,0
0.529,0.051,3
0.088,0.796,0
1.002,0.467,2
0.484,0.078,3
0.294,0.564,0
0.064,0.775,0
0.423,0.714,0
0.975,0.51,2
0.419,0.65,0
0.506,0.026,3
0.536,0.073,3
0.466,0.783,0
0.241,0.532,0
0.417,0.725,0
0.477,0.714,0
0.517,0.023,3
0.506,0.045,3
0.528,0.077,3
0.5,0.073,3
0.457,0.677,0
0.906,0.505,1
0.548,0.088,3
0.063,0.794,0
0.498,0.761,0
0.075,0.767,0
0.045,0.79,0
0.48,0.705,0
0.407,0.697,0
0.292,0.496,0
0.09,0.861,0
0.001,0.799,0
0.468,0.738,0
0.07,0.785,0
1.01,0.495,2
0.49,0.111,3
0.051,0.835,0
0.476,0.673,0
0.486,0.017,3
0.225,0.515,0
0.503,0.097,3
0.411,0.081,3
0.428,0.658,0
1.001,0.468,2
0.255,0.572,0
0.029,0.825,0
0.436,0.698,0
0.123,0.731,0
0.067,0.802,0
0.518,0.039,3
0.109,0.736,0
0.095,0.758,0
1.019,0.573,4
0.041,0.764,0
0.048,0.817,0
0.966,0.517,1
0.254,0.456,0
0.984,0.519,2
0.041,0.757,0
0.448,0.733,0
0.102,0.761,0
0.498,0.039,3
0.072,0.758,0
0.501,0.069,3
1.013,0.493,2
0.472,0.067,3
1.035,0.513,2
1.024,0.564,4
0.424,0.708,0
0.484,0.732,0
0.255,0.536,0
1.039,0.531,2
0.513,0.114,3
0.043,0.822,0
0.889,0.541,1
0.98,0.55,4
0.385,0.722,0
0.229,0.52,0
0.518,0.074,3
0.982,0.497,2
0.426,0.698,0
0.493,0.708,0
0.188,0.741,0
0.077,0.77,0
0.426,0.734,0
0.408,0.08,3
0.078,0.783,0
0.469,0.11,3
0.035,0.819,0
0.473,0.708,0
0.297,0.572,0
0.107,0.803,0
0.329,0.509,0
0.431,0.727,0
0.101,0.781,0
0.03,0.811,0
0.442,0.822,0
0.064,0.769,0
0.287,0.444,0
0.505,0.094,3
1.064,0.475,2
0.966,0.545,1
0.464,0.04,3
0.082,0.821,0
0.422,0.771,0
0.505,0.094,3
0.382,0.689,0
0.297,0.44,0
0.312,0.533,0
0.459,0.771,0
0.234,0.498,0
0.458,0.039,3
0.922,0.518,1
0.091,0.779,0
0.423,0.693,0
1.003,0.503,2
0.258,0.445,0
0.332,0.487,0
0.237,0.499,0
0.408,0.701,0
0.517,0.702,0
0.304,0.526,0
0.453,0.002,3
0.199,0.502,0
0.473,0.691,0
0.086,0.791,0
0.449,0.033,3
0.061,0.749,0
0.942,0.564,1
0.252,0.463,0
0.243,0.458,0
0.375,0.786,0
0.135,0.769,0
1,0.511,2
0.942,0.575,1
0.486,0.082,3
0.107,0.753,0
1.002,0.491,2
1.038,0.504,2
0.351,0.461,0
0.888,0.587,1
0.982,0.599,4
1.064,0.573,4
0.53,0.105,3
0.235,0.503,0
0.436,0.704,0
0.074,0.777,0
1.013,0.496,2
0.482,0.772,0
0.51,0.114,3
1.047,0.561,4
0.463,0.619,0
0.439,0.74,0
0.445,0.698,0
0.922,0.596,1
0.057,0.786,0
0.444,0.761,0
0.185,0.512,0
0.466,0.094,3
0.521,0.036,3
0.464,0.035,3
0.458,0.713,0
0.319,0.483,0
0.279,0.484,0
0.27,0.519,0
0.339,0.459,0
0.945,0.527,1
0.5,0.092,3
0.464,0.077,3
0.269,0.497,0
0.478,0.085,3
0.447,0.023,3
0.035,0.803,0
0.999,0.492,2
0.403,0.708,0
0.952,0.451,2
0.504,0.046,3
0.451,0.067,3
0.488,0.035,3
0.997,0.49,2
1.04,0.551,4
0.408,0.711,0
0.459,0.744,0
0.062,0.754,0
0.429,0.09,3
0.944,0.504,1
0.026,0.887,0
0.427,0.772,0
0.982,0.443,2
0.486,0.698,0
0.354,0.501,0
0.447,0.777,0
0.524,0.083,3
0.452,0.095,3
0.506,0.09,3
0.936,0.562,1
0.954,0.455,2
0.2,0.6,0
0.317,0.502,0
0.087,0.831,0
0.532,0.156,3
1.016,0.553,4
0.308,0.515,0
0.489,0.098,3
0.128,0.792,0
0.053,0.813,0
0.344,0.457,0
0.961,0.529,1
0.418,0.699,0
0.047,0.75,0
0.462,0.105,3
0.407,0.763,0
0.613,0.098,3
0.952,0.532,1
0.967,0.539,1
0.557,0.055,3
0.121,0.78,0
0.963,0.546,1
0.445,0.79,0
0.435,0.778,0
0.09,0.816,0
0.367,0.733,0
0.239,0.446,0
0.553,0.026,3
0.213,0.455,0
0.462,0.699,0
0.516,0.069,3
0.436,0.766,0
0.489,0.054,3
0.49,0.042,3
0.51,0.04,3
0.203,0.505,0
0.413,0.741,0
0.997,0.529,2
0.497,0.083,3
0.584,0.099,3
0.436,0.095,3
0.047,0.75,0
0.456,0.713,0
0.462,0.747,0
0.436,0.683,0
0.473,0.045,3
1.043,0.506,2
0.471,0.701,0
1.042,0.506,2
0.129,0.726,0
0.483,0.041,3
0.968,0.473,2
0.109,0.834,0
0.491,0.113,3
0.238,0.544,0
0.105,0.741,0
0.053,0.835,0
0.996,0.605,4
0.068,0.772,0
0.109,0.764,0
0.114,0.793,0
0.051,0.774,0
0.187,0.472,0
0.36,0.808,0
0.393,0.725,0
0.138,0.796,0
0.133,0.689,0
0.375,0.76,0
0.464,0.753,0
0.993,0.546,4
0.048,0.766,0
0.497,0.054,3
0.416,0.711,0
0.534,0.697,0
0.091,0.809,0
0.277,0.476,0
0.493,0.094,3
0.206,0.566,0
0.029,0.826,0
0.429,0.741,0
0.316,0.502,0
0.458,0.068,3
0.371,0.809,0
1.024,0.547,4
0.912,0.504,1
0.485,0.022,3
0.968,0.462,2
0.323,0.462,0
0.287,0.481,0
0.094,0.803,0
0.938,0.461,1
1.054,0.575,4
0.433,0.765,0
0.52,0.071,3
0.444,0.734,0
0.065,0.757,0
0.049,0.841,0
0.269,0.427,0
0.492,0.102,3
0.879,0.445,1
0.267,0.466,0
0.068,0.764,0
0.307,0.474,0
0.222,0.589,0
0.545,0.091,3
0.275,0.511,0
0.474,0.046,3
0.318,0.471,0
0.463,0.721,0
1.018,0.525,2
0.316,0.439,0
0.411,0.731,0
0.239,0.486,0
0.292,0.54,0
0.46,0.011,3
0.111,0.756,0
0.944,0.543,1
0.42,0.756,0
0.482,0.73,0
0.582,0.055,3
0.494,0.07,3
0.482,0.005,3
0.403,0.686,0
1.025,0.534,2
0.557,0.071,3
0.518,0.133,3
0.97,0.55,4
0.081,0.853,0
0.041,0.788,0
0.34,0.512,0
0.24,0.485,0
0.473,0.754,0
0.373,0.729,0
0.032,0.749,0
0.486,0.761,0
0.477,0.685,0
0.976,0.605,4
0.047,0.83,0
0.166,0.835,0
1.033,0.468,2
0.455,0.717,0
0.422,0.662,0
0.504,0.065,3
0.36,0.475,0
0.415,0.736,0
0.966,0.546,1
0.992,0.499,2
0.52,0.131,3
0.937,0.557,1
0.521,0.029,3
0.056,0.72,0
0.903,0.455,1
0.109,0.756,0
0.262,0.467,0
1.015,0.586,4
0.451,0.03,3
0.125,0.757,0
0.505,0.11,3
0.232,0.584,0
0.403,0.769,0
0.269,0.535,0
0.018,0.783,0
0.931,0.49,1
0.373,0.73,0
0.453,0.068,3
1.013,0.541,4
0.258,0.492,0
0.253,0.474,0
0.107,0.812,0
0.252,0.503,0
0.321,0.46,0
0.053,0.794,0
0.484,0.14,3
0.958,0.532,1
0.093,0.764,0
0.491,0.101,3
0.306,0.543,0
0.541,0.002,3
0.98,0.643,4
0.143,0.761,0
0.48,0.713,0
0.441,0.116,3
1.083,0.505,2
0.492,0.103,3
0.022,0.779,0
0.258,0.489,0
0.229,0.453,0
0.445,0.747,0
0.525,0.093,3
0.461,0.701,0
0.933,0.55,1
0.98,0.522,2
0.465,0.705,0
0.512,0.008,3
0.293,0.518,0
0.524,0.053,3
0.926,0.543,1
0.369,0.71,0
0.262,0.525,0
0.088,0.757,0
0.056,0.777,0
0.031,0.775,0
0.291,0.492,0
0.461,0.715,0
0.548,0.1,3
0.43,0.649,0
0.449,0.653,0
0.992,0.475,2
0.253,0.388,0
0.439,0.088,3
0.459,0.088,3
0.003,0.746,0
0.447,0.712,0
0.339,0.477,0
0.426,0.688,0
0.221,0.523,0
0.059,0.773,0
0.462,0.684,0
0.261,0.509,0
0.082,0.806,0
0.964,0.531,1
0.38,0.488,0
0.962,0.498,2
0.26,0.379,0
0.54,0.056,3
0.415,0.744,0
0.302,0.493,0
0.546,0.054,3
0.38,0.735,0
0.496,0.765,0
0.533,0.081,3
0.275,0.514,0
0.453,0.682,0
0.54,0.077,3
0.079,0.72,0
0.385,0.683,0
0.57,0.164,3
0.574,0.096,3
0.066,0.761,0
0.074,0.786,0
0.279,0.437,0
0.519,0.081,3
1.012,0.561,4
0.507,0.037,3
0.031,0.742,0
0.987,0.607,4
0.244,0.525,0
0.281,0.541,0
0.092,0.719,0
0.447,0.044,3
0.091,0.8,0
0.29,0.526,0
0.452,0.07,3
0.086,0.728,0
0.054,0.796,0
0.404,0.727,0
0.474,0.026,3
0.396,0.712,0
0.466,0.78,0
0.496,0.044,3
0.949,0.45,2
1.009,0.565,4
0.015,0.8,0
0.042,0.675,0
0.032,0.766,0
0.033,0.659,0
0.524,0.06,3
0.477,0.072,3
0.366,0.712,0
0.555,0.009,3
0.036,0.82,0
0.051,0.793,0
0.447,0.663,0
0.083,0.777,0
0.253,0.487,0
0.442,0.74,0
0.305,0.475,0
0.449,0.725,0
1,0.553,4
0.575,0.081,3
0.402,0.781,0
0.053,0.751,0
0.05,0.749,0
0.414,0.778,0
0.469,0.729,0
0.088,0.814,0
0.554,0.067,3
1,0.593,4
0.091,0.714,0
0.265,0.494,0
0.227,0.451,0
0.017,0.811,0
0.972,0.526,2
0.244,0.587,0
0.264,0.392,0
0.342,0.512,0
0.371,0.722,0
0.945,0.564,1
0.009,0.686,0
1.054,0.528,2
0.525,0.126,3
0.284,0.551,0
0.975,0.542,4
0.952,0.481,2
0.447,0.683,0
0.311,0.565,0
0.524,0.002,3
0.972,0.514,2
0.071,0.749,0
0.51,0.099,3
0.218,0.51,0
0.909,0.539,1
0.524,0.023,3
0.493,0.7,0
0.953,0.556,1
0.346,0.753,0
0.315,0.537,0
0.201,0.52,0
0.26,0.464,0
0.997,0.504,2
0.105,0.808,0
0.308,0.444,0
0.014,0.801,0
0.175,0.81,0
0.962,0.526,1
0.054,0.774,0
0.073,0.877,0
0.971,0.506,2
0.088,0.731,0
0.083,0.781,0
0.105,0.78,0
1.018,0.514,2
0.351,0.478,0
0.326,0.515,0
0.927,0.553,1
0.529,0.089,3
0.251,0.469,0
0.063,0.834,0
0.096,0.751,0
1.024,0.564,4
0.242,0.488,0
0.021,0.736,0
0.528,0.035,3
0.452,0.688,0
0.019,0.86,0
0.06,0.751,0
0.405,0.818,0
0.544,0.039,3
0.463,0.1,3
0.391,0.795,0
0.451,0.694,0
0.317,0.508,0
0.906,0.609,1
0.398,0.831,0
1.01,0.545,4
0.084,0.802,0
0.468,0.665,0
0.551,0.12,3
0.974,0.567,4
0.935,0.546,1
0.128,0.782,0
0.081,0.786,0
0.508,0.129,3
0.286,0.471,0
0.494,0.008,3
0.036,0.762,0
0.414,0.703,0
0.227,0.541,0
0.071,0.756,0
1.014,0.541,4
0.303,0.468,0
0.158,0.498,0
0.489,0.715,0
0.049,0.745,0
0.317,0.479,0
0.086,0.823,0
0.255,0.52,0
0.097,0.836,0
0.376,0.733,0
0.53,0.053,3
0.06,0.753,0
0.521,0.047,3
0.462,0.728,0
0.496,0.788,0
0.507,0.052,3
0.373,0.774,0
0.433,0.723,0
0.502,0.05,3
0.25,0.466,0
0.121,0.789,0
0.974,0.562,4
0.454,0.094,3
0.524,0.172,3
0.392,0.721,0
0.978,0.608,4
0.244,0.502,0
0.428,0.684,0
0.471,0.726,0
0.259,0.455,0
0.115,0.809,0
0.085,0.719,0
0.461,0.03,3
0.262,0.504,0
0.09,0.763,0
0.244,0.478,0
0.565,0.051,3
0.279,0.54,0
1.037,0.573,4
0.445,0.804,0
0.012,0.772,0
0.414,0.71,0
0.488,0.699,0
0.964,0.488,2
0.963,0.579,4
0.291,0.443,0
0.074,0.789,0
0.31,0.6,0
0.405,0.728,0
1.026,0.509,2
0.939,0.591,1
0.963,0.579,4
0.528,0.03,3
0.948,0.508,1
0.496,0.696,0
0.969,0.519,2
0.267,0.496,0
0.435,0.681,0
0.532,0.093,3
0.984,0.487,2
0.489,0.054,3
0.257,0.575,0
0.049,0.777,0
0.424,0.655,0
0.242,0.474,0
0.054,0.773,0
0.991,0.548,4
0.261,0.604,0
0.464,0.722,0
0.106,0.826,0
0.436,0.747,0
0.463,0.032,3
0.095,0.785,0
0.064,0.836,0
0.426,0.735,0
0.486,0.08,3
0.082,0.752,0
0.496,0.036,3
0.278,0.385,0
0.448,0.663,0
0.11,0.739,0
0.244,0.474,0
0.972,0.583,4
0.439,0.727,0
0.233,0.534,0
0.053,0.733,0
0.118,0.739,0
0.047,0.811,0
0.339,0.463,0
0.341,0.484,0
0.119,0.795,0
0.318,0.484,0
0.286,0.481,0
0.043,0.792,0
0.989,0.51,2
0.517,0.101,3
0.987,0.512,2
0.204,0.45,0
0.416,0.73,0
0.159,0.771,0
0.996,0.508,2
0.292,0.522,0
1.037,0.575,4
0.472,0.059,3
1.042,0.528,2
0.287,0.467,0
0.122,0.787,0
0.441,0.783,0
0.26,0.524,0
0.098,0.756,0
0.247,0.514,0
0.329,0.465,0
0.503,0.743,0
0.498,0.656,0
0.352,0.479,0
0.077,0.763,0
0.527,0,3
0.971,0.546,1
0.234,0.525,0
0.504,0.083,3
0.433,0.712,0
0.024,0.806,0
0.322,0.564,0
0.085,0.799,0
0.947,0.584,4
0.438,0.675,0
0.225,0.6,0
0.267,0.439,0
0.087,0.705,0
0.059,0.799,0
0.485,0.652,0
0.386,0.735,0
0.919,0.494,1
0.425,0.722,0
0.496,0.088,3
0.466,0.719,0
0.532,0.058,3
0.157,0.794,0
0.507,0.682,0
0.09,0.798,0
0.069,0.784,0
0.252,0.518,0
0.965,0.563,4
0.988,0.569,4
0.412,0.682,0
0.103,0.764,0
0.424,0.714,0
0.333,0.508,0
0.315,0.563,0
0.228,0.542,0
0.414,0.692,0
0.039,0.783,0
0.272,0.483,0
0.268,0.529,0
1.072,0.614,4
0.55,0.07,3
0.246,0.474,0
0.48,0.09,3
0.228,0.583,0
0.091,0.778,0
0.441,0.684,0
1.051,0.511,2
0.296,0.487,0
0.417,0.702,0
0.419,0.731,0
0.927,0.557,1
0.457,0.71,0
0.236,0.456,0
0.489,0.089,3
0.514,0.055,3
0.496,0,3
0.443,0.12,3
0.992,0.536,2
0.416,0.696,0
0.406,0.772,0
0.499,0.111,3
0.106,0.839,0
0.971,0.6,4
0.442,0.14,3
0.261,0.427,0
1.008,0.53,2
0.494,0.13,3
0.538,0.083,3
0.488,0.717,0
0.278,0.483,0
0.087,0.746,0
0.307,0.5,0
0.514,0.105,3
0.954,0.57,1
0.258,0.483,0
0.278,0.507,0
0.251,0.536,0
0.947,0.579,1
0.445,0.737,0
0.969,0.523,1
0.288,0.549,0
0.517,0.022,3
0.386,0.764,0
0.131,0.798,0
0.494,0.121,3
0.448,0.751,0
0.027,0.755,0
0.549,0.033,3
0.507,0.099,3
0.104,0.723,0
0.091,0.726,0
0.356,0.514,0
0.939,0.508,1
0.093,0.777,0
0.449,0.74,0
0.4,0.769,0
0.272,0.513,0
0.485,0.087,3
0.441,0.698,0
0.44,0.735,0
1.018,0.554,4
0.959,0.63,4
0.465,0.04,3
0.429,0.743,0
0.414,0.765,0
0.435,0.649,0
0.02,0.82,0
0.383,0.7,0
0.439,0.052,3
0.498,0.683,0
0.29,0.507,0
0.934,0.547,1
0.106,0.725,0
0.278,0.54,0
1.025,0.598,4
0.266,0.501,0
0.519,0.057,3
0.422,0.746,0
0.304,0.519,0
0.532,0.075,3
0.554,0.057,3
0.11,0.865,0
0.988,0.52,2
0.48,0.728,0
0.292,0.509,0
0.953,0.554,1
0.023,0.849,0
0.493,0.055,3
0.099,0.769,0
0.518,0.079,3
0.461,0.735,0
0.467,0.791,0
0.177,0.562,0
0.475,0.072,3
0.406,0.702,0
0.294,0.446,0
0.992,0.506,2
0.486,0.054,3
1.013,0.538,2
0.998,0.541,4
0.33,0.477,0
0.454,0.039,3
0.985,0.548,4
0.106,0.787,0
0.948,0.503,1
0.973,0.469,2
0.492,0.671,0
0.109,0.85,0
0.576,0.066,3
0.974,0.539,1
0.334,0.447,0
0.428,0.767,0
1.017,0.539,2
0.105,0.753,0
0.432,0.803,0
0.426,0.7,0
0.949,0.58,4
0.397,0.738,0
0.989,0.488,2
0.071,0.811,0
0.535,0.13,3
1.002,0.537,2
0.444,0.825,0
0.516,0.073,3
0.105,0.837,0
0.203,0.477,0
0.996,0.566,4
0.938,0.558,1
0.906,0.559,1
0.237,0.519,0
0.062,0.752,0
0.242,0.403,0
0.083,0.745,0
0.464,0.699,0
0.407,0.724,0
0.439,0.675,0
0.012,0.719,0
0.448,0.761,0
0.292,0.512,0
0.516,0.057,3
0.049,0.746,0
0.226,0.49,0
0.074,0.795,0
0.307,0.468,0
0.227,0.469,0
0.478,0.028,3
0.924,0.547,1
0.015,0.803,0
0.286,0.422,0
0.95,0.533,1
0.063,0.756,0
0.461,0.121,3
0.28,0.454,0
0.493,0.013,3
0.45,0.779,0
0.454,0.124,3
0.993,0.555,4
0.507,0.147,3
0.208,0.418,0
0.094,0.747,0
0.112,0.734,0
0.963,0.48,2
0.062,0.765,0
0.93,0.575,1
0.884,0.607,1
0.262,0.473,0
0.958,0.477,2
0.951,0.552,1
0.091,0.78,0
0.06,0.769,0
0.268,0.578,0
0.104,0.791,0
0.28,0.593,0
0.099,0.736,0
0.536,0.105,3
1.02,0.623,4
0.947,0.574,1
0.973,0.535,1
0.547,0.79,0
0.475,0.805,0
0.919,0.497,1
0.078,0.757,0
0.467,0.761,0
0.502,0.131,3
0.387,0.655,0
0.418,0.719,0
0.122,0.798,0
0.505,0.677,0
0.285,0.507,0
0.128,0.711,0
0.46,0.756,0
0.285,0.443,0
0.519,0.041,3
0.091,0.821,0
0.044,0.839,0
0.483,0.069,3
0.028,0.741,0
0.041,0.721,0
0.477,0.091,3
0.479,0.066,3
0.096,0.766,0
0.463,0.079,3
0.269,0.474,0
0.986,0.555,4
0.298,0.406,0
0.413,0.65,0
0.409,0.753,0
0.278,0.516,0
0.308,0.413,0
0.012,0.776,0
0.482,0.074,3
0.084,0.791,0
0.043,0.824,0
0.05,0.827,0
0.006,0.69,0
0.438,0.808,0
0.079,0.828,0
0.034,0.731,0
0.041,0.787,0
0.553,0.083,3
1.062,0.597,4
0.395,0.722,0
0.471,0.077,3
0.312,0.493,0
0.943,0.506,1
0.494,0.017,3
0.475,0.143,3
0.533,0.101,3
0.495,0.065,3
0.989,0.482,2
1.014,0.617,4
0.197,0.502,0
0.151,0.792,0
0,0.762,0
0.454,0.726,0
0.074,0.798,0
0.238,0.5,0
0.406,0.673,0
0.265,0.415,0
1.068,0.533,2
0.997,0.497,2
0.483,0.79,0
0.081,0.755,0
0.269,0.502,0
0.386,0.71,0
0.283,0.402,0
1.046,0.507,2
0.472,0.743,0
0.932,0.496,1
0.432,0.748,0
0.43,0.089,3
0.411,0.764,0
0.413,0.72,0
0.066,0.754,0
0.266,0.497,0
0.962,0.558,1
0.421,0.735,0
0.048,0.731,0
0.269,0.535,0
1.029,0.577,4
0.513,0.131,3
0.082,0.794,0
0.269,0.398,0
0.569,0.049,3
0.454,0.676,0
0.279,0.458,0
0.464,0.649,0
0.076,0.717,0
0.481,0.717,0
0.081,0.774,0
0.309,0.528,0
0.521,0.076,3
0.09,0.786,0
0.508,0.028,3
0.05,0.754,0
0.429,0.682,0
0.115,0.815,0
0.091,0.7,0
0.462,0.796,0
0.303,0.541,0
0.963,0.558,1
0.929,0.426,2
0.433,0.001,3
0.972,0.504,2
0.401,0.671,0
0.386,0.687,0
0.455,0.668,0
0.559,0.05,3
0.959,0.578,4
0.442,0.07,3
0.477,0.116,3
0.069,0.772,0
0.522,0.093,3
0.449,0.723,0
0.259,0.484,0
0.059,0.791,0
0.272,0.526,0
0.983,0.586,4
0.475,0.667,0
0.938,0.552,1
0.166,0.788,0
0.219,0.487,0
0.41,0.687,0
0.453,0.144,3
0.281,0.498,0
0.506,0.082,3
0.909,0.559,1
0.264,0.498,0
0.379,0.69,0
0.492,0.009,3
0.011,0.782,0
0.234,0.483,0
0.909,0.474,1
0.424,0.724,0
0.936,0.57,1
0.493,0.044,3
0.998,0.547,4
0.967,0.551,1
1.041,0.555,4
0.313,0.498,0
0.522,0.112,3
0.502,0.766,0
0.282,0.458,0
0.485,0.08,3
0.482,0.002,3
0.989,0.594,4
0.477,0.109,3
0.266,0.491,0
0.493,0.008,3
0.409,0.689,0
0.481,0.739,0
0.052,0.73,0
0.032,0.75,0
0.444,0.777,0
0.42,0.674,0
0.452,0.039,3
0.059,0.702,0
0.054,0.773,0
1,0.503,2
0.097,0.79,0
0.449,0.088,3
0.977,0.536,2
0.447,0.035,3
1.01,0.519,2
0.568,0.065,3
0.519,0.071,3
0.45,0.71,0
0.493,0.711,0
1.032,0.558,4
0.477,0.103,3
0.419,0.683,0
0.095,0.79,0
0.426,0.722,0
0.03,0.828,0
0.405,0.707,0
0.43,0.8,0
1.001,0.51,2
0.515,0.082,3
0.389,0.743,0
0.431,0.709,0
0.353,0.514,0
0.979,0.55,4
0.995,0.55,4
0.443,0.723,0
0.09,0.777,0
0.012,0.795,0
0.521,0.692,0
0.098,0.754,0
0.444,0.718,0
0.94,0.444,2
0.402,0.648,0
0.095,0.805,0
0.996,0.552,4
0.536,0.789,0
0.043,0.783,0
0.117,0.699,0
0.124,0.795,0
0.439,0.73,0
0.456,0.725,0
0.977,0.532,2
0.264,0.439,0
0.446,0.036,3
0.504,0.142,3
0.426,0.784,0
0.409,0.744,0
0.307,0.472,0
0.908,0.584,1
0.417,0.809,0
0.212,0.477,0
0.282,0.431,0
0.997,0.523,2
1.028,0.572,4
0.503,0.162,3
0.268,0.503,0
0.26,0.536,0
0.492,0.633,0
1.036,0.561,4
0.103,0.802,0
0.242,0.487,0
0.417,0.742,0
0.917,0.567,1
0.461,0.105,3
0.983,0.511,2
0.069,0.73,0
0.415,0.717,0
0.032,0.754,0
0.53,0.041,3
0.43,0.737,0
0.99,0.511,2
0.413,0.712,0
0.128,0.712,0
0.129,0.788,0
0.228,0.499,0
0.256,0.459,0
0.256,0.491,0
0.988,0.536,2
0.96,0.518,1
0.469,0.728,0
0.461,0.698,0
0.463,0.674,0
0.345,0.719,0
0.996,0.561,4
0.405,0.723,0
0.066,0.74,0
0.256,0.495,0
0.897,0.536,1
0.946,0.571,1
0.309,0.494,0
0.304,0.533,0
0.133,0.766,0
0.283,0.536,0
0.261,0.467,0
0.47,0.718,0
0.089,0.784,0
0.223,0.54,0
0.278,0.518,0
1.002,0.503,2
0.064,0.845,0
0.219,0.481,0
0.037,0.796,0
0.927,0.535,1
0.105,0.776,0
0.504,0.026,3
0.107,0.811,0
0.99,0.529,2
0.062,0.736,0
1.032,0.542,4
1,0.534,2
0.29,0.48,0
0.998,0.487,2
0.233,0.482,0
0.442,0.733,0
0.318,0.546,0
0.451,0.807,0
0.123,0.801,0
0.507,0.039,3
0.248,0.539,0
1.029,0.462,2
0.31,0.467,0
0.299,0.44,0
0.99,0.492,2
0.263,0.441,0
0.497,0.171,3
0.967,0.504,2
0.979,0.55,4
1.049,0.601,4
0.526,0.037,3
0.872,0.463,1
0.233,0.474,0
0.086,0.837,0
0.977,0.599,4
0.455,0.706,0
0.273,0.499,0
0.477,0.684,0
0.264,0.4,0
0.522,0.113,3
0.253,0.474,0
0.501,0.06,3
0.921,0.57,1
0.258,0.46,0
0.042,0.752,0
0.271,0.572,0
0.979,0.482,2
0.52,0.061,3
0.457,0.083,3
0.273,0.537,0
0.236,0.585,0
0.076,0.758,0
0.303,0.473,0
1.024,0.593,4
0.396,0.716,0
0.503,0.027,3
1.032,0.506,2
0.333,0.611,0
0.544,0.111,3
0.468,0.063,3
0.482,0.054,3
0.181,0.479,0
1.062,0.545,4
0.539,0.074,3
0.312,0.544,0
0.445,0.678,0
0.622,0.142,3
0.981,0.491,2
1.008,0.523,2
0.486,0.118,3
0.48,0.019,3
0.964,0.523,1
0.516,0.002,3
0.087,0.818,0
0.518,0.02,3
0.403,0.606,0
0.409,0.771,0
0.215,0.459,0
0.481,0.156,3
0.087,0.801,0
0.223,0.471,0
0.477,0.799,0
0.416,0.683,0
0.568,0.018,3
0.984,0.548,4
0.27,0.532,0
0.349,0.537,0
0.298,0.417,0
0.045,0.737,0
0.423,0.73,0
0.487,0.087,3
0.43,0.754,0
0.068,0.748,0
0.42,0.726,0
0.487,0.024,3
0.976,0.591,4
0.143,0.773,0
0.064,0.86,0
1.022,0.601,4
0.069,0.827,0
0.44,0.744,0
0.107,0.78,0
0.445,0.694,0
0.331,0.479,0
0.095,0.754,0
0.028,0.707,0
0.413,0.736,0
0.268,0.549,0
1.021,0.608,4
0.411,0.738,0
0.26,0.57,0
0.066,0.782,0
0.501,0.004,3
0.419,0.785,0
0.23,0.449,0
0.981,0.564,4
0.075,0.799,0
0.066,0.783,0
0.473,0.102,3
0.461,0.077,3
0.366,0.485,0
0.509,0.093,3
0.352,0.457,0
0.418,0.738,0
1.055,0.508,2
0.511,0.064,3
0.486,0.1,3
0.249,0.457,0
0.432,0.705,0
0.078,0.751,0
0.138,0.817,0
0.439,0.026,3
0.524,0.074,3
0.135,0.825,0
0.472,0.121,3
0.913,0.552,1
0.07,0.797,0
0.021,0.718,0
0.422,0.705,0
0.492,0.1,3
0.003,0.728,0
0.066,0.758,0
0.379,0.695,0
0.935,0.582,1
0.494,0.778,0
0.278,0.543,0
0.965,0.571,4
0.392,0.754,0
0.984,0.586,4
0.035,0.793,0
0.489,0.758,0
0.438,0.659,0
0.468,0.582,0
0.486,0.012,3
0.066,0.879,0
0.275,0.527,0
0.47,0.709,0
0.289,0.517,0
0.468,0.704,0
0.079,0.749,0
0.246,0.504,0
0.516,0.722,0
0.105,0.755,0
0.092,0.766,0
0.935,0.505,1
0.416,0.633,0
0.447,0.771,0
0.121,0.772,0
0.999,0.522,2
0.221,0.515,0
0.082,0.781,0
0.346,0.468,0
0.386,0.695,0
0.563,0.113,3
0.912,0.559,1
0.288,0.499,0
0.985,0.523,2
0.264,0.507,0
0.394,0.779,0
0.48,0.027,3
1.004,0.467,2
0.354,0.533,0
1,0.507,2
0.94,0.512,1
0.982,0.484,2
0.43,0.757,0
0.322,0.608,0
0.112,0.731,0
0.979,0.573,4
0.553,0.075,3
0.481,0.124,3
0.46,0.705,0
0.441,0.649,0
0.561,0.083,3
0.264,0.512,0
0.486,0.086,3
0.376,0.121,3
0.255,0.56,0
0.959,0.611,4
0.414,0.741,0
0.436,0.778,0
0.237,0.557,0
0.466,0.051,3
0.472,0.048,3
0.99,0.581,4
0.419,0.695,0
0.408,0.738,0
0.549,0.056,3
0.44,0.772,0
0.077,0.849,0
0.976,0.489,2
0.49,0.066,3
0.08,0.8,0
0.155,0.784,0
0.252,0.539,0
0.962,0.594,4
0.256,0.517,0
0.251,0.462,0
0.968,0.533,1
0.062,0.793,0
0.48,0.03,3
0.491,0.083,3
0.479,0.078,3
0.498,0.03,3
1.056,0.591,4
0.518,0.075,3
0.512,0.02,3
0.399,0.742,0
0.257,0.503,0
0.361,0.667,0
0.308,0.547,0
0.06,0.806,0
0.934,0.49,1
0.219,0.531,0
0.512,0.06,3
1.014,0.469,2
0.121,0.837,0
0.968,0.613,4
0.984,0.508,2
0.054,0.704,0
0.069,0.794,0
0.907,0.555,1
0.289,0.546,0
0.319,0.501,0
0.077,0.768,0
0.46,0.149,3
0.456,0.71,0
0.516,0.741,0
0.037,0.821,0
0.038,0.835,0
0.118,0.794,0
0.148,0.796,0
0.106,0.751,0
0.284,0.46,0
0.905,0.504,1
0.016,0.76,0
1.006,0.5,2
1.038,0.437,2
1.097,0.491,2
0.35,0.814,0
0.504,0.078,3
0.523,0.066,3
0.852,0.495,1
1.056,0.534,2
0.506,0.101,3
0.508,0.055,3
0.091,0.754,0
0.499,0.122,3
0.938,0.501,1
0.99,0.553,4
0.441,0.626,0
1.023,0.56,4
0.3,0.554,0
0.482,0.088,3
1.011,0.515,2
0.894,0.562,1
0.555,0.075,3
0.094,0.779,0
0.996,0.515,2
0.421,0.026,3
0.069,0.781,0
0.432,0.672,0
0.466,0.688,0
0.115,0.776,0
0.125,0.76,0
0.241,0.497,0
1.049,0.504,2
0.526,0.11,3
0.895,0.525,1
0.439,0.699,0
0.036,0.791,0
0.041,0.8,0
0.153,0.773,0
0.014,0.83,0
0.972,0.498,2
0.166,0.777,0
0.433,0.663,0
0.509,0.118,3
0.135,0.735,0
0.051,0.848,0
1,0.542,4
0.46,0.069,3
0.101,0.883,0
0.283,0.535,0
0.516,0.026,3
0.526,0.211,3
0.407,0.058,3
0.423,0.684,0
0.032,0.77,0
0.374,0.725,0
0.533,0.136,3
0.425,0.722,0
0.428,0.682,0
0.247,0.505,0
0.471,0.689,0
1.003,0.571,4
0.129,0.764,0
0.4,0.752,0
0.263,0.529,0
0.09,0.757,0
0.305,0.466,0
0.493,0.147,3
0.562,0.033,3
0.026,0.794,0
0.984,0.452,2
0.486,0.709,0
0.998,0.557,4
0.521,0.7,0
0.105,0.796,0
0.457,0.05,3
1.031,0.57,4
0.07,0.72,0
0.543,0.766,0
0.093,0.769,0
0.46,0.732,0
0.427,0.7,0
0.594,0.044,3
0.477,0.032,3
0.554,0.072,3
0.285,0.466,0
0.272,0.502,0
0.243,0.579,0
0.362,0.75,0
0.484,0.052,3
0.559,0.104,3
0.031,0.85,0
0.04,0.793,0
0.933,0.521,1
0.373,0.667,0
0,0.73,0
0.456,0.806,0
0.466,0.776,0
1.049,0.533,2
0.98,0.534,2
0.057,0.776,0
0.05,0.83,0
0.098,0.809,0
0.402,0.781,0
1.015,0.513,2
0.981,0.495,2
0.571,0.096,3
0.036,0.785,0
0.094,0.815,0
0.45,0.662,0
0.432,0.793,0
0.057,0.782,0
0.085,0.732,0
0.379,0.553,0
0.477,0.079,3
0.03,0.83,0
0.514,0.012,3
0.01,0.71,0
0.3,0.549,0
0.961,0.573,4
0.969,0.463,2
0.417,0.091,3
0.468,0.722,0
0.068,0.796,0
0.054,0.752,0
0.045,0.802,0
0.407,0.04,3
0.953,0.508,1
0.404,0.724,0
0.075,0.804,0
0.979,0.441,2
0.934,0.517,1
0.508,0.123,3
0.939,0.574,1
0.943,0.477,1
0.124,0.816,0
0.988,0.512,2
0.226,0.554,0
0.956,0.546,1
0.3,0.503,0
0.274,0.481,0
0.936,0.527,1
0.965,0.474,2
0.419,0.725,0
0.527,0.054,3
0.06,0.836,0
0.123,0.813,0
0.447,0.743,0
0.968,0.565,4
0.073,0.778,0
0.485,0.041,3
0.45,0.713,0
0.475,0.024,3
0.988,0.529,2
0.49,0.685,0
0.503,0.079,3
0.973,0.444,2
1.034,0.558,4
0.528,0.059,3
0.937,0.532,1
0.402,0.684,0
0.099,0.773,0
0.312,0.515,0
0.941,0.531,1
0.893,0.495,1
0.534,0,3
0.244,0.475,0
0.921,0.562,1
0.502,0.05,3
0.005,0.765,0
0.978,0.541,4
0.98,0.576,4
0.442,0.704,0
0.518,0.722,0
1.009,0.546,4
0.522,0.083,3
0.934,0.465,1
0.466,0.103,3
0.959,0.465,2
0.397,0.765,0
0.442,0.783,0
0.985,0.487,2
0.3,0.491,0
0.116,0.765,0
0.982,0.499,2
0.48,0.021,3
0.041,0.727,0
0.405,0.823,0
0.171,0.778,0
0.363,0.691,0
0.444,0.665,0
0.515,0.079,3
0.412,0.72,0
0.573,0.039,3
0.878,0.529,1
0.494,0.078,3
0.107,0.731,0
0.18,0.481,0
0.444,0.044,3
0.268,0.523,0
0.964,0.546,1
0.205,0.539,0
0.179,0.496,0
0.28,0.446,0
0.964,0.527,1
0.505,0.056,3
0.972,0.505,2
0.951,0.497,1
0.103,0.858,0
0.072,0.869,0
0.966,0.48,2
0.503,0.695,0
0.061,0.761,0
0.081,0.736,0
0.465,0.143,3
0.548,0.036,3
0.331,0.503,0
0.132,0.823,0
1.007,0.512,2
0.454,0.712,0
0.401,0.747,0
0.047,0.781,0
0.378,0.719,0
0.458,0.822,0
0.508,0.048,3
0.495,0.789,0
0.534,0.12,3
0.006,0.862,0
0.493,0.068,3
0.472,0.732,0
0.443,0.769,0
0.458,0.087,3
0.452,0.675,0
0.519,0.044,3
0.129,0.705,0
0.259,0.578,0
0.208,0.548,0
0.195,0.517,0
1.035,0.434,2
0.076,0.804,0
0.172,0.833,0
0.407,0.749,0
0.087,0.702,0
0.252,0.497,0
0.4,0.756,0
0.969,0.521,1
0.292,0.496,0
0.421,0.733,0
0.95,0.518,1
0.479,0.042,3
0.956,0.566,1
0.268,0.529,0
0.397,0.744,0
0.476,0.078,3
0.428,0.065,3
0.065,0.763,0
0.238,0.53,0
0.509,0.136,3
0.924,0.586,1
0.093,0.813,0
0.566,0.175,3
0.231,0.522,0
0.211,0.479,0
0.467,0.096,3
0.457,0.127,3
0.299,0.48,0
0.401,0.755,0
0.48,0.096,3
0.436,0.7,0
0.296,0.468,0
0.453,0.701,0
0.564,0.036,3
0.85,0.561,1
0.973,0.589,4
0.519,0.017,3
0.128,0.673,0
0.434,0.691,0
0.274,0.512,0
0.945,0.493,1
0.458,0.142,3
0.247,0.505,0
0.436,0.658,0
0.347,0.771,0
0.083,0.755,0
0.281,0.457,0
0.52,0.115,3
0.395,0.736,0
0.113,0.789,0
0.434,0.699,0
0.339,0.499,0
0.056,0.751,0
0.367,0.767,0
0.044,0.752,0
0.963,0.544,1
0.516,0.144,3
0.482,0.156,3
1.027,0.508,2
0.23,0.508,0
1.044,0.586,4
0.115,0.719,0
0.938,0.519,1
0.531,0.062,3
1.051,0.538,2
0.298,0.584,0
0.985,0.585,4
1.022,0.511,2
0.393,0.687,0
0.462,0.717,0
0.393,0.072,3
0.034,0.712,0
0.49,0.09,3
0.537,0.053,3
0.269,0.529,0
0.284,0.533,0
0.037,0.783,0
0.556,0.07,3
0.533,0.031,3
0.49,0.732,0
0.956,0.475,2
0.532,0.007,3
0.052,0.82,0
0.056,0.797,0
0.483,0.064,3
0.97,0.482,2
0.431,0.759,0
1.031,0.558,4
0.283,0.503,0
0.475,0.106,3
0.494,0.014,3
0.925,0.581,1
0.482,0.104,3
0.061,0.698,0
0.974,0.444,2
0.34,0.506,0
0.245,0.497,0
0.093,0.764,0
0.282,0.477,0
0.264,0.449,0
0.511,0.05,3
0.447,0.732,0
1.049,0.498,2
0.257,0.526,0
0.454,0.663,0
0.03,0.794,0
0.497,0.091,3
0.264,0.47,0
0.489,0.033,3
1.038,0.559,4
1.03,0.549,4
0.407,0.693,0
0.49,0.051,3
0.038,0.765,0
0.965,0.481,2
0.534,0.095,3
0.397,0.661,0
0.059,0.728,0
0.397,0.659,0
0.35,0.432,0
0.293,0.568,0
0.043,0.806,0
0.5,0.046,3
0.422,0.759,0
0.477,0.059,3
0.053,0.752,0
0.518,0.06,3
0.883,0.577,1
0.963,0.553,1
0.512,0.062,3
0.486,0.736,0
0.464,0.065,3
0.994,0.547,4
0.054,0.778,0
0.985,0.56,4
0.263,0.502,0
0.113,0.825,0
0.099,0.775,0
1.027,0.487,2
0.486,0.723,0
1.073,0.508,2
1.017,0.485,2
0.924,0.548,1
0.118,0.774,0
0.473,0.662,0
0.395,0.792,0
0.455,0.726,0
0.262,0.504,0
0.538,0.106,3
0.938,0.508,1
0.232,0.406,0
0.412,0.707,0
0.093,0.771,0
0.099,0.735,0
0.221,0.514,0
0.998,0.525,2
0.359,0.531,0
0.055,0.848,0
0.306,0.625,0
0.965,0.552,1
0.069,0.788,0
0.992,0.54,4
0.982,0.478,2
0.984,0.54,4
0.272,0.57,0
0.21,0.477,0
0.076,0.737,0
0.994,0.548,4
0.27,0.494,0
0.293,0.448,0
0.999,0.557,4
0.495,0.743,0
0.546,0.123,3
0.424,0.685,0
0.518,0.024,3
0.028,0.793,0
0.497,0.051,3
0.304,0.507,0
0.47,0.079,3
0.069,0.777,0
0.284,0.482,0
0.422,0.711,0
0.248,0.505,0
0.338,0.718,0
0.408,0.632,0
0.473,0.725,0
0.275,0.441,0
0.239,0.633,0
0.997,0.561,4
0.129,0.832,0
0.089,0.76,0
0.417,0.045,3
0.536,0.074,3
0.431,0.728,0
0.431,0.709,0
0.961,0.466,2
0.042,0.851,0
0.491,0.729,0
0.415,0.705,0
0.435,0.652,0
0.428,0.062,3
0.421,0.71,0
0.565,0.068,3
0.534,0.107,3
0.291,0.514,0
0.469,0.088,3
0.356,0.547,0
0.032,0.724,0
0.032,0.82,0
1.004,0.455,2
0.515,0.017,3
0.392,0.635,0
0.347,0.748,0
0.255,0.473,0
0.362,0.679,0
0.287,0.518,0
0.291,0.486,0
0.525,0.021,3
0.265,0.492,0
0.379,0.73,0
0.241,0.475,0
0.424,0.728,0
0.428,0.775,0
0.238,0.515,0
0.265,0.456,0
0.992,0.534,2
0.944,0.572,1
0.982,0.584,4
0.43,0.748,0
0.251,0.456,0
0.381,0.71,0
0.186,0.51,0
0.451,0.053,3
0.446,0.753,0
1.031,0.611,4
1.002,0.614,4
0.293,0.505,0
1.039,0.595,4
0.534,0.035,3
0.419,0.725,0
0.255,0.513,0
0.29,0.467,0
0.285,0.497,0
0.517,0.046,3
0.498,0.733,0
0.521,0.096,3
0.532,0.012,3
0.102,0.699,0
0.242,0.543,0
0.33,0.749,0
0.471,0.75,0
0.068,0.784,0
0.327,0.452,0
1.014,0.499,2
0.526,0.044,3
0.505,0.033,3
0.984,0.515,2
0.053,0.74,0
0.447,0.058,3
0.594,0.108,3
0.289,0.543,0
1.08,0.502,2
0.309,0.541,0
0.969,0.544,1
0.449,0.101,3
0.045,0.761,0
0.219,0.55,0
0.281,0.511,0
0.217,0.446,0
0.081,0.827,0
0.966,0.511,2
0.416,0.718,0
0.522,0.016,3
0.48,0.022,3
0.027,0.828,0
0.384,0.757,0
0.413,0.7,0
0.429,0.148,3
0.464,0.675,0
0.083,0.787,0
0.494,0.068,3
0.298,0.494,0
0.473,0.063,3
0.974,0.573,4
0.516,0.033,3
1.026,0.637,4
1.019,0.492,2
0.516,0.601,0
0.073,0.809,0
0.484,0.761,0
0.196,0.53,0
0.487,0.699,0
0.458,0.761,0
0.217,0.584,0
0.895,0.542,1
0.044,0.785,0
0.917,0.548,1
0.251,0.441,0
1.042,0.527,2
0.417,0.7,0
0.458,0.725,0
0.12,0.838,0
0.531,0.028,3
0.488,0.717,0
0.043,0.793,0
0.458,0.707,0
0.988,0.57,4
0.086,0.77,0
0.53,0.09,3
0.486,0.723,0
0.427,0.667,0
0.223,0.487,0
0.251,0.522,0
0.503,0.055,3
0.423,0.719,0
0.501,0.129,3
1.036,0.525,2
0.463,0.059,3
0.248,0.467,0
0.072,0.734,0
0.508,0.064,3
1.043,0.556,4
0.5,0.067,3
0.224,0.532,0
0.25,0.449,0
0.137,0.783,0
0.285,0.504,0
0.052,0.825,0
0.477,0.082,3
0.089,0.74,0
0.939,0.544,1
1.009,0.606,4
0.488,0.065,3
0.296,0.445,0
0.12,0.844,0
0.96,0.576,4
0.919,0.572,1
0.063,0.76,0
0.978,0.596,4
1.064,0.632,4
0.015,0.744,0
0.504,0.036,3
1.021,0.569,4
0.07,0.74,0
0.08,0.845,0
0.134,0.778,0
0.441,0.731,0
0.268,0.489,0
0.506,0.746,0
0.231,0.491,0
0.112,0.702,0
0.478,0.067,3
0.434,0.791,0
0.395,0.697,0
0.1,0.804,0
1.004,0.578,4
0.918,0.61,1
0.983,0.561,4
0.506,0.081,3
1.033,0.555,4
0.269,0.527,0
0.395,0.736,0
0.502,0.025,3
0.49,0.114,3
0.477,0.081,3
0.043,0.78,0
0.435,0.657,0
0.066,0.826,0
0.481,0.074,3
0.345,0.503,0
0.943,0.544,1
0.987,0.555,4
0.102,0.728,0
0.241,0.505,0
0.048,0.79,0
0.488,0.074,3
0.421,0.063,3
0.429,0.682,0
0.529,0.042,3
1.003,0.593,4
0.485,0.698,0
0.542,0.089,3
0.523,0.791,0
1.042,0.575,4
0.555,0.155,3
0.991,0.585,4
0.956,0.533,1
0.052,0.81,0
1.034,0.569,4
0.463,0.057,3
0.496,0.147,3
0.088,0.887,0
0.118,0.759,0
0.495,0.052,3
0.971,0.555,4
0.099,0.76,0
0.967,0.5,2
0.363,0.764,0
0.429,0.713,0
0.912,0.532,1
0.477,0.093,3
0.089,0.785,0
0.966,0.57,4
0.032,0.714,0
0.272,0.563,0
0.458,0.741,0
0.017,0.738,0
0.293,0.503,0
1.004,0.511,2
0.945,0.554,1
0.46,0.684,0
0.016,0.788,0
0.424,0.692,0
1.006,0.596,4
0.32,0.498,0
0.475,0.791,0
0.107,0.763,0
0.048,0.768,0
0.252,0.506,0
0.024,0.841,0
0.182,0.517,0
0.093,0.768,0
0.403,0.725,0
0.018,0.827,0
0.464,0.119,3
0.983,0.509,2
0.457,0.758,0
0.492,0.153,3
0.928,0.496,1
0.561,0.131,3
0.494,0.633,0
0.553,0.668,0
0.058,0.719,0
0.071,0.833,0
1.088,0.485,2
0.484,0.07,3
0.536,0.04,3
0.469,0.767,0
0.12,0.771,0
0.286,0.436,0
0.498,0.092,3
0.238,0.529,0
0.462,0.07,3
0.24,0.482,0
0.292,0.503,0
0.449,0.043,3
0.212,0.474,0
0.976,0.506,2
0.452,0.738,0
0.619,0.095,3
0.285,0.506,0
0.102,0.807,0
0.49,0.053,3
0.099,0.801,0
0.967,0.519,1
0.468,0.671,0
0.567,0.089,3
0.053,0.811,0
0.503,0.043,3
0.262,0.551,0
1.027,0.518,2
0.442,0.718,0
0.023,0.777,0
0.439,0.079,3
0.063,0.8,0
0.433,0.774,0
0.442,0.745,0
0.246,0.528,0
0.488,0.681,0
0.236,0.469,0
0.523,0.032,3
0.477,0.016,3
0.493,0.046,3
0.549,0.125,3
0.5,0.05,3
0.944,0.528,1
0.478,0.702,0
0.976,0.541,4
0.457,0.034,3
0.44,0.758,0
0.463,0.715,0
0.367,0.684,0
0.536,0.095,3
0.396,0.791,0
0.536,0.071,3
1.011,0.51,2
0.486,0.753,0
0.25,0.451,0
0.492,0.129,3
0.291,0.541,0
0.106,0.868,0
0.456,0.734,0
0.06,0.717,0
0.374,0.759,0
0.014,0.842,0
0.471,0.016,3
0.086,0.776,0
0.051,0.804,0
0.973,0.503,2
0.059,0.791,0
0.975,0.527,2
0.289,0.529,0
0.454,0.755,0
0.46,0.707,0
0.268,0.543,0
0.268,0.406,0
0.123,0.792,0
0.065,0.79,0
0.965,0.567,4
0.483,0.878,0
1.076,0.501,2
0.438,0.75,0
0.085,0.801,0
0.272,0.469,0
1.014,0.584,4
0.238,0.481,0
0.146,0.532,0
0.014,0.787,0
0.448,0.672,0
0.049,0.747,0
0.302,0.489,0
0.528,0.104,3
0.975,0.543,4
0.284,0.469,0
0.417,0.782,0
0.286,0.515,0
0.947,0.499,1
0.918,0.587,1
1.01,0.516,2
0.564,0.059,3
0.202,0.526,0
0.122,0.758,0
0.438,0.106,3
0.32,0.554,0
0.031,0.767,0
0.09,0.915,0
0.224,0.486,0
0.146,0.807,0
0.985,0.558,4
0.105,0.752,0
0.073,0.73,0
0.466,0.682,0
0.25,0.519,0
0.269,0.482,0
0.459,0.688,0
0.496,0.082,3
0.01,0.802,0
0.224,0.493,0
0.466,0.07,3
0.969,0.506,2
1.004,0.541,4
0.207,0.604,0
1.048,0.528,2
0.418,0.763,0
0.42,0.671,0
0.928,0.584,1
0.308,0.481,0
1.014,0.636,4
0.084,0.848,0
0.264,0.43,0
0.282,0.518,0
0.469,0.642,0
0.101,0.756,0
0.291,0.523,0
1.043,0.518,2
0.433,0.773,0
0.128,0.782,0
1.049,0.587,4
0.449,0.144,3
0.079,0.798,0
0.502,0.777,0
0.308,0.5,0
0.035,0.738,0
1.003,0.538,2
0.438,0.065,3
0.504,0.055,3
0.998,0.525,2
0.294,0.56,0
0.049,0.737,0
0.233,0.521,0
0.375,0.72,0
0.304,0.473,0
0.483,0.026,3
0.268,0.559,0
0.943,0.559,1
0.17,0.487,0
0.407,0.732,0
0.29,0.506,0
0.515,0.05,3
0.968,0.525,1
1.023,0.519,2
0.441,0.738,0
0.428,0.712,0
1.001,0.56,4
0.46,0.69,0
0.05,0.793,0
1.009,0.579,4
0.969,0.508,2
0.037,0.776,0
0.221,0.509,0
0.437,0.73,0
0.16,0.782,0
0.209,0.497,0
0.961,0.51,1
0.469,0.686,0
0.956,0.49,2
0.525,0.076,3
0.449,0.75,0
0.49,0.696,0
1,0.439,2
0.415,0.711,0
0.286,0.507,0
0.995,0.547,4
0.435,0.729,0
0.082,0.837,0
0.938,0.527,1
0.475,0.081,3
0.974,0.535,1
0.082,0.796,0
0.469,0.821,0
0.456,0.153,3
0.01,0.827,0
0.979,0.554,4
0.063,0.763,0
0.956,0.579,4
0.076,0.733,0
0.47,0.678,0
0.001,0.762,0
0.312,0.47,0
0.405,0.704,0
1.046,0.539,2
0.433,0.706,0
0.036,0.76,0
0.094,0.738,0
0.393,0.678,0
1.002,0.485,2
0.456,0.046,3
0.424,0.702,0
1.015,0.596,4
0.087,0.751,0
0.305,0.495,0
0.1,0.737,0
0.3,0.431,0
0.107,0.687,0
0.918,0.499,1
0.385,0.7,0
0.076,0.803,0
0.476,0.15,3
0.283,0.461,0
0.477,0.77,0
0.381,0.711,0
0.283,0.485,0
0.478,0.708,0
0.495,0.107,3
0.368,0.758,0
0.122,0.8,0
0.223,0.49,0
0.245,0.541,0
0.159,0.806,0
0.217,0.481,0
0.487,0.084,3
0.989,0.577,4
0.443,0.687,0
0.956,0.539,1
0.491,0.072,3
0.11,0.778,0
0.289,0.555,0
0.137,0.771,0
0.304,0.485,0
0.278,0.537,0
0.436,0.683,0
0.496,0.089,3
0.299,0.432,0
0.323,0.541,0
0.559,0.054,3
0.04,0.805,0
0.251,0.518,0
0.561,0.149,3
0.294,0.463,0
0.043,0.813,0
0.98,0.538,2
0.317,0.544,0
0.454,0.721,0
0.326,0.594,0
0.472,0.031,3
0.256,0.513,0
0.42,0.722,0
0.126,0.772,0
0.472,0.664,0
0.487,0.066,3
0.426,0.774,0
0.022,0.809,0
0.924,0.482,1
0.297,0.5,0
0.264,0.476,0
0.071,0.833,0
0.476,0.035,3
0.934,0.535,1
0.412,0.746,0
0.346,0.464,0
0.977,0.59,4
0.223,0.52,0
0.498,0.079,3
0.414,0.697,0
0.93,0.519,1
0.498,0.726,0
0.498,0.661,0
0.099,0.79,0
0.064,0.819,0
0.981,0.538,2
0.446,0.71,0
0.486,0.096,3
0.398,0.731,0
0.293,0.42,0
0.464,0.052,3
1.044,0.573,4
0.376,0.649,0
0.936,0.557,1
0.429,0.743,0
0.046,0.811,0
0.088,0.847,0
0.059,0.8,0
0.982,0.545,4
0.429,0.704,0
0.989,0.586,4
0.95,0.528,1
0.983,0.499,2
0.382,0.81,0
0.429,0.637,0
0.207,0.458,0
0.263,0.515,0
0.942,0.528,1
0.943,0.513,1
0.952,0.568,1
0.001,0.823,0
0.345,0.488,0
0.448,0.694,0
0.1,0.734,0
0.44,0.771,0
0.196,0.585,0
0.558,0.099,3
0.213,0.469,0
0.446,0.692,0
0.446,0.684,0
0.307,0.566,0
0.953,0.515,1
0.388,0.735,0
0.356,0.463,0
0.117,0.762,0
0.317,0.491,0
1.012,0.555,4
0.55,0.091,3
0.344,0.688,0
0.37,0.624,0
1.003,0.51,2
0.116,0.828,0
0.099,0.787,0
0.935,0.48,1
0.526,0.219,3
0.288,0.515,0
0.231,0.545,0
0.395,0.686,0
0.498,0.089,3
0.113,0.84,0
0.547,0.112,3
0.299,0.554,0
0.452,0.696,0
0.419,0.761,0
0.538,0.106,3
0.048,0.798,0
0.456,0.042,3
0.229,0.483,0
0.535,0.032,3
0.519,0.014,3
1.047,0.515,2
0.502,0.13,3
0.928,0.473,1
0.953,0.58,4
0.402,0.678,0
0.564,0.093,3
1.015,0.531,2
0.461,0.697,0
0.489,0.662,0
0.953,0.475,2
0.406,0.793,0
0.97,0.529,1
0.996,0.585,4
0.482,0.068,3
1.024,0.559,4
0.235,0.553,0
1.015,0.52,2
0.022,0.758,0
0.329,0.554,0
0.958,0.528,1
0.113,0.77,0
0.568,0.019,3
0.991,0.515,2
0.306,0.494,0
0.114,0.709,0
0.122,0.729,0
0.496,0.712,0
0.5,0.034,3
0.073,0.719,0
0.992,0.55,4
0.516,0.045,3
0.306,0.572,0
0.887,0.448,1
0.964,0.523,1
0.5,0.024,3
0.988,0.471,2
0.449,0.706,0
0.113,0.774,0
0.43,0.103,3
0.114,0.755,0
0.51,0.056,3
0.501,0.079,3
0.416,0.781,0
0.997,0.611,4
0.421,0.727,0
0.095,0.712,0
0.051,0.851,0
0.497,0.762,0
0.453,0.717,0
0.297,0.508,0
0.298,0.52,0
0.963,0.5,2
0.967,0.563,4
0.418,0.063,3
0.196,0.521,0
0.055,0.801,0
0.472,0.722,0
0.26,0.525,0
0.539,0.039,3
0.456,0.733,0
0.493,0.126,3
0.266,0.455,0
0.436,0.771,0
0.119,0.823,0
0.989,0.588,4
0.273,0.495,0
0.124,0.781,0
0.057,0.785,0
0.942,0.561,1
0.055,0.671,0
0.973,0.563,4
0.996,0.59,4
0.501,0.097,3
0.231,0.466,0
0.985,0.571,4
0.109,0.765,0
0.443,0.732,0
0.399,0.825,0
0.454,0.685,0
0.24,0.572,0
0.447,0.782,0
0.267,0.453,0
0.078,0.737,0
0.467,0.684,0
0.049,0.796,0
0.296,0.529,0
0.472,0.099,3
0.389,0.677,0
0.063,0.734,0
1.033,0.505,2
1.004,0.576,4
0.283,0.446,0
0.007,0.782,0
0.518,0.007,3
1.021,0.474,2
0.49,0.057,3
0.113,0.8,0
0.045,0.804,0
0.583,0.107,3
0.937,0.521,1
0.46,0.768,0
0.085,0.809,0
0.506,0.717,0
0.161,0.819,0
0.991,0.501,2
0.036,0.799,0
0.036,0.803,0
0.454,0.109,3
0.929,0.55,1
0.536,0.016,3
0.128,0.77,0
0.201,0.435,0
0.444,0.74,0
0.51,0.128,3
1.058,0.519,2
0.514,0.697,0
0.26,0.466,0
0.947,0.544,1
0.539,0.078,3
0.403,0.678,0
0.514,0.732,0
1.011,0.58,4
0.93,0.477,1
0.031,0.796,0
0.496,0.1,3
0.124,0.826,0
0.488,0.084,3
1.105,0.469,2
0.484,0.038,3
0.529,0.081,3
0.909,0.511,1
0.275,0.537,0
0.139,0.814,0
1.019,0.542,4
0.606,0.083,3
0.421,0.753,0
1.012,0.508,2
0.977,0.543,4
0.302,0.533,0
0.074,0.787,0
0.101,0.817,0
0.343,0.57,0
0.194,0.471,0
0.404,0.807,0
0.963,0.56,4
0.437,0.017,3
0.212,0.405,0
0.442,0.743,0
0.525,0.09,3
0.294,0.467,0
0.089,0.855,0
0.503,0.051,3
0.483,0.722,0
0.473,0.126,3
0.886,0.504,1
0.031,0.755,0
0.002,0.757,0
0.5,0.052,3
0.622,0.1,3
0.926,0.495,1
0.478,0.02,3
0.949,0.504,1
0.226,0.475,0
0.462,0.68,0
0.449,0.709,0
0.44,0.72,0
0.081,0.74,0
0.118,0.77,0
0.958,0.566,1
0.505,0.033,3
0.094,0.796,0
0.443,0.057,3
0.254,0.483,0
0.525,0.158,3
0.239,0.42,0
0.086,0.78,0
0.203,0.479,0
0.979,0.498,2
0.105,0.688,0
0.569,0.136,3
0.471,0.077,3
0.444,0.083,3
0.999,0.53,2
0.249,0.541,0
0.371,0.677,0
0.443,0.669,0
0.253,0.475,0
0.483,0.101,3
0.93,0.418,2
0.4,0.681,0
0.507,0.057,3
0.393,0.726,0
0.464,0.817,0
0.429,0.074,3
0.321,0.482,0
0.225,0.468,0
0.267,0.545,0
0.457,0.627,0
0.551,0.045,3
1.02,0.515,2
0.46,0.71,0
0.477,0.042,3
0.244,0.52,0
0.109,0.777,0
0.438,0.028,3
0.074,0.689,0
1.011,0.551,4
0.088,0.784,0
0.527,0.095,3
0.422,0.7,0
0.919,0.544,1
0.083,0.686,0
0.549,0.08,3
0.08,0.732,0
0.479,0.074,3
0.921,0.554,1
0.248,0.543,0
0.091,0.793,0
0.431,0.733,0
0.457,0.075,3
0.481,0.699,0
0.487,0.08,3
0.108,0.823,0
0.167,0.456,0
0.04,0.78,0
0.142,0.762,0
0.024,0.716,0
0.524,0.102,3
0.506,0.055,3
0.006,0.866,0
0.217,0.47,0
0.03,0.739,0
0.331,0.495,0
0.029,0.767,0
0.424,0.708,0
0.155,0.544,0
0.224,0.494,0
0.512,0.027,3
0.534,0.141,3
1.006,0.552,4
0.302,0.502,0
0.064,0.795,0
0.327,0.555,0
0.517,0.08,3
0.023,0.753,0
0.325,0.396,0
0.362,0.506,0
0.303,0.55,0
0.969,0.576,4
0.257,0.447,0
0.222,0.557,0
0.566,0.042,3
0.453,0.061,3
0.12,0.767,0
0.241,0.479,0
0.495,0.057,3
0.482,0.144,3
0.484,0.03,3
0.471,0.691,0
0.973,0.498,2
0.501,0.729,0
0.425,0.696,0
0.462,0.754,0
0.445,0.106,3
0.403,0.757,0
0.531,0.061,3
0.491,0.083,3
0.424,0.093,3
0.062,0.756,0
0.117,0.824,0
0.473,0.738,0
0.258,0.493,0
0.991,0.572,4
0.248,0.53,0
0.925,0.503,1
1.028,0.475,2
0.449,0.729,0
0.189,0.794,0
0.292,0.465,0
0.259,0.482,0
0.42,0.71,0
0.314,0.518,0
0.049,0.675,0
0.47,0.061,3
0.036,0.807,0
0.264,0.535,0
0.525,0.145,3
0.452,0.749,0
0.217,0.53,0
0.504,0.713,0
0.986,0.575,4
0.511,0.097,3
0.083,0.774,0
0.071,0.779,0
0.506,0.163,3
0.284,0.495,0
0.476,0.055,3
0.463,0.045,3
0.513,0.729,0
0.958,0.604,4
0.963,0.518,1
0.316,0.47,0
0.081,0.736,0
0.234,0.526,0
0.152,0.823,0
0.586,0.044,3
0.248,0.506,0
0.27,0.527,0
0.441,0.748,0
0.546,0.064,3
1.052,0.61,4
0.497,0.097,3
0.451,0.722,0
0.936,0.544,1
0.11,0.82,0
1.02,0.583,4
0.981,0.488,2
0.433,0.804,0
0.2,0.479,0
0.107,0.784,0
0.976,0.491,2
0.419,0.768,0
0.553,0.053,3
0.454,0.756,0
0.475,0.7,0
0.291,0.443,0
0.423,0.739,0
0.412,0.664,0
0.217,0.493,0
0.422,0.089,3
0.486,0.016,3
